set O:= 0;
set N:= 1 2 3 4 5 6 7 8 9 10 11 12 13 14 15 16 17 18 19 20 21 22;
set K:= 1 2 3;
param V:= 3;
param cp:= 4500;
param dm:= 5.0;
param o:=
0 0
1 125
2 84
3 60
4 500
5 300
6 175
7 350
8 150
9 1100
10 4100
11 225
12 300
13 250
14 500
15 150
16 100
17 250
18 120
19 600
20 500
21 175
22 75
;
param c[*,*]
: 0 1 2 3 4 5 6 7 8 9 10 11 12 13 14 15 16 17 18 19 20 21 22:=
0 0 17 15 18 45 29 13 10 16248 17 48 10 5 10832 22 23470 24 22748 8 17 23 21665 58 
1 17 0 4 3997 22 21 6 16 14433 16 14 9 59 10 10 11 7 13 16 18208 25 37 27 
2 15 4 0 2 18874 21 5 16473 20 14519 13 20 13360 12 12 25 3997 20 14 31 12657 28 17764 
3 18 3997 2 0 23 20 7 19 17542 34 14798 25 65 16 6 19 5 9104 13989 34 16 24 18 
4 45 22 18874 23 0 1 18 9772 4 36 12 17 21303 13 118 32 91 68 28164 45 31271 41 39927 
5 29 21 21 20 1 0 14211 21 18 36 10889 16 21665 15 37 28 22871 34 32 41 31830 22026 40485 
6 13 6 5 7 18 14211 0 13 23 37 7259 5 42 7 10436 11 11 28 25 33 21 40 30 
7 10 16 16473 19 9772 21 13 0 4747 5584 25 27 10 8 23 24291 21 50 12 18 21499 51 30154 
8 16248 14433 20 17542 4 18 23 4747 0 11 8 10 30 10 50 22 20 37 28 120 27 20 70 
9 17 16 14519 34 36 36 37 5584 11 0 2 7 12 3 20661 45 78 25408 20 22337 30 23 32388 
10 48 14 13 14798 12 10889 7259 25 8 2 0 4 9749 1 24 41 22 29 31 21499 45 39 30713 
11 10 9 20 25 17 16 5 27 10 7 4 0 7 3 19 18 14798 22 12285 73 18707 21 27083 
12 5 59 13360 65 21303 21665 42 10 30 12 9749 7 0 9 69 90 74 46 10471 36 22 92 34 
13 10832 10 12 16 13 15 7 8 10 3 1 3 9 0 17869 19824 16752 25 29 83 43 39 60 
14 22 10 12 6 118 37 10436 23 50 20661 24 19 69 17869 0 5107 17 6 18776 21 12 38996 14798 
15 23470 11 25 19 32 28 11 24291 22 45 41 18 90 19824 5107 0 3 8 32 18 12657 31 20 
16 24 7 3997 5 91 22871 11 21 20 78 22 14798 74 16752 17 3 0 6661 57 16209 12 25535 20 
17 22748 13 20 9104 68 34 28 50 37 25408 29 22 46 25 6 8 6661 0 22387 28 11 49 48 
18 8 16 14 13989 28164 32 25 12 28 20 31 12285 10471 29 18776 32 57 22387 0 32 10331 21 19 
19 17 18208 31 34 45 41 33 18 120 22337 21499 73 36 83 21 18 16209 28 32 0 10 103 16 
20 23 25 12657 16 31271 31830 21 21499 27 30 45 18707 22 43 12 12657 12 11 10331 10 0 139 9 
21 21665 37 28 24 41 22026 40 51 20 23 39 21 92 39 38996 31 25535 49 21 103 139 0 56 
22 58 27 17764 18 39927 40485 30 30154 70 32388 30713 27083 34 60 14798 20 20 48 19 16 9 56 0 

;param cto[*,*]
: 0 1 2 3 4 5 6 7 8 9 10 11 12 13 14 15 16 17 18 19 20 21 22:=
0 0 50 49 50 49 49 48 46 46 44 44 42 39 43 47 49 47 49 46 46 47 49 52 
1 50 0 40 41 52 52 40 52 49 46 45 48 45 48 49 45 47 52 49 53 51 60 59 
2 49 40 0 43 53 53 45 48 51 47 50 44 44 49 43 43 41 46 48 50 48 56 52 
3 50 41 43 0 55 58 43 54 52 49 47 46 46 47 46 42 40 45 49 51 48 61 56 
4 49 52 53 55 0 38 49 44 41 44 45 47 48 45 57 58 56 60 52 56 58 48 64 
5 49 52 53 58 38 0 49 44 41 44 45 47 49 46 57 58 56 64 52 56 58 49 64 
6 48 40 45 43 49 49 0 46 47 44 42 45 43 42 46 50 45 49 48 51 50 54 55 
7 46 52 48 54 44 44 46 0 41 41 42 42 42 42 51 53 55 54 49 53 52 46 57 
8 46 49 51 52 41 41 47 41 0 41 42 48 45 43 54 59 57 57 49 53 59 47 60 
9 44 46 47 49 44 44 44 41 41 0 39 41 43 43 51 52 50 54 48 52 53 49 59 
10 44 45 50 47 45 45 42 42 42 39 0 40 43 42 50 51 49 53 48 52 52 50 58 
11 42 48 44 46 47 47 45 42 48 41 40 0 40 40 48 53 47 51 46 49 50 50 55 
12 39 45 44 46 48 49 43 42 45 43 43 40 0 46 46 49 47 49 43 47 47 49 53 
13 43 48 49 47 45 46 42 42 43 43 42 40 46 0 49 51 49 52 47 51 52 50 57 
14 47 49 43 46 57 57 46 51 54 51 50 48 46 49 0 42 41 41 47 52 44 57 47 
15 49 45 43 42 58 58 50 53 59 52 51 53 49 51 42 0 40 43 51 56 48 60 51 
16 47 47 41 40 56 56 45 55 57 50 49 47 47 49 41 40 0 43 49 51 51 58 51 
17 49 52 46 45 60 64 49 54 57 54 53 51 49 52 41 43 43 0 49 49 44 60 46 
18 46 49 48 49 52 52 48 49 49 48 48 46 43 47 47 51 49 49 0 42 44 52 54 
19 46 53 50 51 56 56 51 53 53 52 52 49 47 51 52 56 51 49 42 0 43 51 47 
20 47 51 48 48 58 58 50 52 59 53 52 50 47 52 44 48 51 44 44 43 0 55 43 
21 49 60 56 61 48 49 54 46 47 49 50 50 49 50 57 60 58 60 52 51 55 0 60 
22 52 59 52 56 64 64 55 57 60 59 58 55 53 57 47 51 51 46 54 47 43 60 0 

;param d[*,*]
: 0 1 2 3 4 5 6 7 8 9 10 11 12 13 14 15 16 17 18 19 20 21 22:=
0 0.0 0 0 0 3.82 2.5 0 0 5.7 1.45 3.11 0.86 0.43 3.8 1.92 8.24 2.11 7.98 0 0.72 1.96 7.6 4.93 
1 0 0.0 0 1.11 0 0 0.22 0 4.0 0.77 0.65 0 3.86 0 0 0 0 0 0 5.05 1.19 0 0 
2 0 0 0.0 0 5.24 0 0 5.55 0 4.89 0 1.41 4.69 0 0.47 1.09 1.11 0.73 0 1.17 3.51 0 4.93 
3 0 1.11 0 0.0 0 0 0 0 4.87 2.35 4.99 1.72 4.23 0 0 0.82 0.2 2.53 3.88 1.27 0 0 0 
4 3.82 0 5.24 0 0.0 0 0 3.29 0 1.97 0 0.83 7.48 0 6.53 0 4.03 4.77 9.88 3.91 10.54 3.51 13.46 
5 2.5 0 0 0 0 0.0 3.94 1.45 0.78 1.97 3.67 0 7.6 0.72 1.77 0 6.34 0 1.35 1.72 10.73 7.73 13.64 
6 0 0.22 0 0 0 3.94 0.0 0 0.87 2.03 2.45 0 2.73 0 2.9 0 0 1.05 0.94 1.25 0 3.48 0 
7 0 0 5.55 0 3.29 1.45 0 0.0 1.6 1.88 1.36 1.48 0.42 0.38 0 8.19 0 3.52 0 0 7.25 2.83 10.16 
8 5.7 4.0 0 4.87 0 0.78 0.87 1.6 0.0 0.74 0 0 2.59 0.48 3.48 0 0 1.77 2.39 7.81 0 0.83 4.89 
9 1.45 0.77 4.89 2.35 1.97 1.97 2.03 1.88 0.74 0.0 0.12 0.32 0.52 0 6.96 3.17 4.31 8.56 0.95 7.53 1.44 1.09 10.92 
10 3.11 0.65 0 4.99 0 3.67 2.45 1.36 0 0.12 0.0 0 3.42 0 1.14 2.89 1.05 1.4 2.15 7.25 3.17 2.7 10.35 
11 0.86 0 1.41 1.72 0.83 0 0 1.48 0 0.32 0 0.0 0.59 0.17 0.92 0 4.99 0 4.14 4.0 6.3 0 9.13 
12 0.43 3.86 4.69 4.23 7.48 7.6 2.73 0.42 2.59 0.52 3.42 0.59 0.0 0 4.52 5.83 4.8 3.94 3.67 3.08 0.9 6.02 1.4 
13 3.8 0 0 0 0 0.72 0 0.38 0.48 0 0 0.17 0 0.0 6.02 6.68 5.65 0 2.03 4.56 3.01 2.74 4.18 
14 1.92 0 0.47 0 6.53 1.77 2.9 0 3.48 6.96 1.14 0.92 4.52 6.02 0.0 1.42 0.74 0.27 6.59 0 0.57 13.68 4.99 
15 8.24 0 1.09 0.82 0 0 0 8.19 0 3.17 2.89 0 5.83 6.68 1.42 0.0 0 0 1.22 0 3.51 0 0 
16 2.11 0 1.11 0.2 4.03 6.34 0 0 0 4.31 1.05 4.99 4.8 5.65 0.74 0 0.0 1.85 2.5 4.5 0 7.08 0 
17 7.98 0 0.73 2.53 4.77 0 1.05 3.52 1.77 8.56 1.4 0 3.94 0 0.27 0 1.85 0.0 7.86 2.42 0 2.02 2.65 
18 0 0 0 3.88 9.88 1.35 0.94 0 2.39 0.95 2.15 4.14 3.67 2.03 6.59 1.22 2.5 7.86 0.0 2.07 3.48 0 0 
19 0.72 5.05 1.17 1.27 3.91 1.72 1.25 0 7.81 7.53 7.25 4.0 3.08 4.56 0 0 4.5 2.42 2.07 0.0 0.48 6.68 0 
20 1.96 1.19 3.51 0 10.54 10.73 0 7.25 0 1.44 3.17 6.3 0.9 3.01 0.57 3.51 0 0 3.48 0.48 0.0 9.03 0 
21 7.6 0 0 0 3.51 7.73 3.48 2.83 0.83 1.09 2.7 0 6.02 2.74 13.68 0 7.08 2.02 0 6.68 9.03 0.0 4.81 
22 4.93 0 4.93 0 13.46 13.64 0 10.16 4.89 10.92 10.35 9.13 1.4 4.18 4.99 0 0 2.65 0 0 0 4.81 0.0 

;