set O:= 0;
set N:= 1 2 3 4 5 6 7 8 9 10 11 12 13 14 15 16 17 18 19 20 21 22 23 24 25 26 27 28 29 30 31 32 33 34 35 36 37 38 39 40 41 42 43 44 45 46 47 48 49 50;
set K:= 1 2 3 4 5;
param V:= 5;
param cp:= 160;
param dm:= 2.0;
param o:=
0 0
1 7
2 30
3 16
4 9
5 21
6 15
7 19
8 23
9 11
10 5
11 19
12 29
13 23
14 21
15 10
16 15
17 3
18 41
19 9
20 28
21 8
22 8
23 16
24 10
25 28
26 7
27 15
28 14
29 6
30 19
31 11
32 12
33 23
34 26
35 17
36 6
37 9
38 15
39 14
40 7
41 27
42 13
43 11
44 16
45 10
46 5
47 25
48 17
49 18
50 10
;
param c[*,*]
: 0 1 2 3 4 5 6 7 8 9 10 11 12 13 14 15 16 17 18 19 20 21 22 23 24 25 26 27 28 29 30 31 32 33 34 35 36 37 38 39 40 41 42 43 44 45 46 47 48 49 50:=
0 0 4 6 12 9 4 3 7 7944 6 25 4 4 8097 6 6701 8 4747 4 10 14 8935 14 8 7 26 11 9 10471 9 8 21 6 9493 14 14082 15526 5026 13 11 47 17 8655 12 8 10 1 3 17 5 8 
1 4 0 4 6860 11 6 9 6 3972 7 9 3 22 11 7 13 5 8 8 12564 9 7 3 23 16 9214 6499 3 7 6 8 7 2 11727 6661 11 11193 8376 8 11 15636 25 15 9493 10331 13 15 6422 7 5773 13 
2 6 4 0 5 10331 5 10 12277 10 3553 6 6 6701 11 21 51 2889 25 11 22 4333 6 3611 24 14804 13 10 5305 26 13 5 10 3 14082 9 6860 11 14 3109 9 14 14 43 18 55 14443 5 32 17 9 5 
3 12 6860 5 0 20 13 16 13 7583 22 15526 18 55 24 16 72 17 17332 16609 46 3 9 4 14 20 18 9027 9749 3250 6138 13 11 32 78 46 7 4333 21 13 20 30 28 90 16971 19137 20 14 59 13 13 9749 
4 9 11 10331 20 0 7 7 10331 11 36 10 9 3350 5 19 6 39 4 1954 5 17332 25 10610 9 10 6 11727 6701 13123 12006 11 12844 8 8 11448 20 27 3 7259 11168 28 3630 4 22 4 7 5 4 32 16 10 
5 4 6 5 13 7 0 5551 18 29 11 3109 3 1998 10 10 3 3553 3 7 8 11554 5551 5995 16 17 10 18 5 33 22 3997 11 14 4441 9 16 65 2 2 6 9326 28 5995 21 5 4 3 5 6439 2 4 
6 3 9 10 16 7 5551 0 4 13 30 8660 6 20 7 2792 9 14 13 8 15 15 19 9 2443 3 5 9 3 13 13360 9326 10 5 12285 19 20 17 7539 7 22 20 7 8216 5 9 23 4 4188 1776 7328 12999 
7 7 6 12277 13 10331 18 4 0 5055 10214 48 37 11 11 7 13960 15 23 8 11 14443 71 9027 1332 3 8 4 21 38 19 11991 7 30 67 13 65 16609 12006 17 14 12879 13 13 3 13681 20 9 8935 10 41 33 
8 7944 3972 10 7583 11 29 13 5055 0 16 11 8 22 20 15 17 10 18 11 75 9 14 9 5416 10 37 10 5 5 11 9770 4 6138 39 36 45 14 18 7 11991 44 22 38 19 21 75 8 8376 3250 9 25 
9 6 7 3553 22 36 11 30 10214 16 0 3 3 5 10 11448 10 7 5773 12 9548 11 4 5773 12 10 16 9548 6 10 3553 2 8660 4219 20 4 12 17 4885 1554 4219 11991 39 9 16 6217 5773 4 8 15 1332 2 
10 25 9 6 15526 10 3109 8660 48 11 3 0 5 4885 10 15 7 6 7 20 8438 27 10 8216 11102 11769 26 13 9 10214 24 8 14 6217 11 4 19 18 17 3331 2220 12 18 14 14 9 4 6 10 10 2 7 
11 4 3 6 18 9 3 6 37 8 3 5 0 5 14 10 7 2792 7 7259 45 7944 6 5777 17 10 12 11 5 38 5 4663 20 7 8655 4441 10471 14 7 2 28 28 14 13 24 31 8655 3 5 7 12 4 
12 4 22 6701 55 3350 1998 20 11 22 5 4885 5 0 7 23 18 25 5 3909 15 14 36 11 9 8376 6701 26 4467 13 8655 6 17 5 15 27 31 17 3 6 7 11 28 27 11448 6 13 2 1675 7 4 7 
13 8097 11 11 24 5 10 7 11 20 10 10 14 7 0 5026 7106 10880 5 8 12 44 26 35 7 6 7 17332 9214 81 13 12 19498 12 12 16 31 52 24 18 13 4219 4 6 35 23 33 9 6 32 10 23 
14 6 7 21 16 19 10 2792 7 15 11448 15 10 23 5026 0 9772 45 8 2792 8 21 13960 9214 5 11 2 8 5 44 13 15 10051 29 12844 13681 78 20581 8 10 19 10 9 37 26 36 11448 5584 4 6 12 25 
15 6701 13 51 72 6 3 9 13960 17 10 7 7 18 7106 9772 0 13 4 14 5 16609 14 19 25 25 10 18776 9 23 15 5329 21 8376 6 6661 19137 21 2 5 20 9 5773 14 15915 7 1675 26 5305 11 14 10471 
16 8 5 2889 17 39 3553 14 15 10 7 6 2792 25 10880 45 13 0 10832 39 10658 6 3611 8 16 16 50 13 6422 10 3 3331 45 16 45 2665 35 22 19 8 6 14 12 12 18776 14 48 11 10 10832 6 1805 
17 4747 8 25 17332 4 3 13 23 18 5773 7 7 5 5 8 4 10832 0 3909 5 18 16 53 11 9493 6980 16 8 33 18 7 34 7 7 10 19137 26 1 4663 7 6 5 3109 13 2 5 18 5 10 19 11554 
18 4 8 11 16609 1954 7 8 8 11 12 20 7259 3909 8 2792 14 39 3909 0 22 16971 13 9 6701 23 3 10 5 47 48 11448 11448 7 21 25 24 84 6 10 14 32 4747 6 10 6143 8655 5 9 8 9 22 
19 10 12564 22 46 5 8 15 11 75 9548 8438 45 15 12 8 5 10658 5 22 0 28 50 21 10 8660 14 40 10610 24 25 12 22 13 15 13 25 27 5 34 13 9 1 2 11 3775 7 11 25 38 9 12 
20 14 9 4333 3 17332 11554 15 14443 9 11 27 7944 14 44 21 16609 6 18 16971 28 0 23 6 14804 22 19137 11193 10110 23 7 12 16 7944 35 36 3 5 62 36 16 105 45 22 18776 23 20 22 15 14 11 9 
21 8935 7 6 9 25 5551 19 71 14 4 10 6 36 26 13960 14 3611 16 13 50 23 0 11 22 22 31 62 36 11 3 4 14 7 12638 1998 7583 12 14 3997 5995 17 13 13 22 19 18 34 21 28 5 5 
22 14 3 3611 4 10610 5995 9 9027 9 5773 8216 5777 11 35 9214 19 8 53 9 21 6 11 0 9388 14 11 6 5416 4 13 7550 9 16 21 27 9 11 52 5 12 91 18 37 27 19 34 9 34 6138 7 9 
23 8 23 24 14 9 16 2443 1332 5416 12 11102 17 9 7 5 25 16 11 6701 10 14804 22 9388 0 2 12 6 4467 13 15165 11324 8666 13 17 45 16609 22 13 16 13 13 36 42 6 49 14519 6701 7259 8 9548 64 
24 7 16 14804 20 10 17 3 3 10 10 11769 10 8376 6 11 25 16 9493 23 8660 22 22 14 2 0 4 17 6143 13721 23 12 15 10 20 12 19859 41 21 8882 28 41 10 38 11 13 29 7539 29 4 10214 18054 
25 26 9214 13 18 6 10 5 8 37 16 26 12 6701 7 2 10 50 6980 3 14 19137 31 11 12 4 0 10 8 14 14240 15 24 11 27 15077 43 29 8097 13 16 8935 12 10 8 11 15 7 6 6701 11727 15 
26 11 6499 10 9027 11727 18 9 4 10 9548 13 11 26 17332 8 18776 13 16 10 40 11193 62 6 6 17 10 0 9 5777 52 11324 5 10 44 11 51 16 66 33 54 23470 24 42 7944 19137 21303 21 10051 9 10 15165 
27 9 3 5305 9749 6701 5 3 21 5 6 9 5 4467 9214 5 9 6422 8 5 10610 10110 36 5416 4467 6143 8 9 0 8305 7818 10 7944 3 14 7550 25 14082 7259 4 38 13 11 12 10 18 10889 5 4467 9 12 10 
28 10471 7 26 3250 13123 33 13 38 5 10 10214 38 13 81 44 23 10 33 47 24 23 11 4 13 13721 14 5777 8305 0 35 19 2166 8 26 9 27 7 18 9 15 28 24 24 17 19137 82 10832 22 30 9 46 
29 9 6 13 6138 12006 22 13360 19 11 3553 24 5 8655 13 13 15 3 18 48 25 7 3 13 15165 23 14240 52 7818 35 0 19 10 11 16 13 5416 8 14 4 8 30 51 15 79 17 15165 8 40 12 20 16 
30 8 8 5 13 11 3997 9326 11991 9770 2 8 4663 6 12 15 5329 3331 7 11448 12 12 4 7550 11324 12 15 11324 10 19 19 0 10 24 4 5 52 61 12 7 11 14 12 18 16 27 7 7 18 38 3 4 
31 21 7 10 11 12844 11 10 7 4 8660 14 20 17 19498 10051 21 45 34 11448 22 16 14 9 8666 15 24 5 7944 2166 10 10 0 17 85 11 36 12 19 30 14 25275 42 28 46 24 27 12 42 6 10 27 
32 6 2 3 32 8 14 5 30 6138 4219 6217 7 5 12 29 8376 16 7 7 13 7944 7 16 13 10 11 10 3 8 11 24 17 0 10 12 10 13 8 3 8216 57 11 14 10331 18 13 2513 5305 4188 5 6 
33 9493 11727 14082 78 8 4441 12285 67 39 20 11 8655 15 12 12844 6 45 7 21 15 35 12638 21 17 20 27 44 14 26 16 4 85 10 0 7 20 22026 5026 6 6 9104 7994 5551 19 5 8 10 8 14 4 10110 
34 14 6661 9 46 11448 9 19 13 36 4 4 4441 27 16 13681 6661 2665 10 25 13 36 1998 27 45 12 15077 11 7550 9 13 5 11 12 7 0 14 16 8 14 16 14 24 41 57 16 14 26 10051 37 2887 1332 
35 14082 11 6860 7 20 16 20 65 45 12 19 10471 31 31 78 19137 35 19137 24 25 3 7583 9 16609 19859 43 51 25 27 5416 52 36 10 20 14 0 9 36 12 17332 116 100 30 20581 21 21 14 22 27 13 19 
36 15526 11193 11 4333 27 65 17 16609 14 17 18 14 17 52 20581 21 22 26 84 27 5 12 11 22 41 29 16 14082 7 8 61 12 13 22026 16 9 0 25 13721 78 31 33 26 84 23 22748 17 19137 14443 15526 14 
37 5026 8376 14 21 3 2 7539 12006 18 4885 17 7 3 24 8 2 19 1 6 5 62 14 52 13 21 8097 66 7259 18 14 12 19 8 5026 8 36 25 0 3997 7 14 6 4 15 8 15 19 4 9214 3775 10 
38 13 8 3109 13 7259 2 7 17 7 1554 3331 2 6 18 10 5 8 4663 10 34 36 3997 5 16 8882 13 33 4 9 4 7 30 3 6 14 12 13721 3997 0 7 10880 10 7550 10880 22 5551 4 11 7 1554 10 
39 11 11 9 20 11168 6 22 14 11991 4219 2220 28 7 13 19 20 6 7 14 13 16 5995 12 13 28 16 54 38 15 8 11 14 8216 6 16 17332 78 7 7 0 12 22 8438 18 26 4441 10 12 11546 4 4885 
40 47 15636 14 30 28 9326 20 12879 44 11991 12 28 11 4219 10 9 14 6 32 9 105 17 91 13 41 8935 23470 13 28 30 14 25275 57 9104 14 116 31 14 10880 12 0 2665 4 26 7 30 11727 36 12 10658 13101 
41 17 25 14 28 3630 28 7 13 22 39 18 14 28 4 9 5773 12 5 4747 1 45 13 18 36 10 12 24 11 24 51 12 42 11 7994 24 100 33 6 10 22 2665 0 3 13 9 6 10 5863 36 11 22 
42 8655 15 43 90 4 5995 8216 13 38 9 14 13 27 6 37 14 12 3109 6 2 22 13 37 42 38 10 42 12 24 15 18 28 14 5551 41 30 26 4 7550 8438 4 3 0 12 2 4 8655 12 9992 7106 11 
43 12 9493 18 16971 22 21 5 3 19 16 14 24 11448 35 26 15915 18776 13 10 11 18776 22 27 6 11 8 7944 10 17 79 16 46 10331 19 57 20581 84 15 10880 18 26 13 12 0 19 17590 10 10 4663 12 21 
44 8 10331 55 19137 4 5 9 13681 21 6217 9 31 6 23 36 7 14 2 6143 3775 23 19 19 49 13 11 19137 18 19137 17 27 24 18 5 16 21 23 8 22 26 7 9 2 19 0 3 7 9 14 4885 12 
45 10 13 14443 20 7 4 23 20 75 5773 4 8655 13 33 11448 1675 48 5 8655 7 20 18 34 14519 29 15 21303 10889 82 15165 7 27 13 8 14 21 22748 15 5551 4441 30 6 4 17590 3 0 32 7 16 4441 12 
46 1 15 5 14 5 3 4 9 8 4 6 3 2 9 5584 26 11 18 5 11 22 34 9 6701 7539 7 21 5 10832 8 7 12 2513 10 26 14 17 19 4 10 11727 10 8655 10 7 32 0 2513 19 17 13 
47 3 6422 32 59 4 5 4188 8935 8376 8 10 5 1675 6 4 5305 10 5 9 25 15 21 34 7259 29 6 10051 4467 22 40 18 42 5305 8 10051 22 19137 4 11 12 36 5863 12 10 9 7 2513 0 7 6422 35 
48 17 7 17 13 32 6439 1776 10 3250 15 10 7 7 32 6 11 10832 10 8 38 14 28 6138 8 4 6701 9 9 30 12 38 6 4188 14 37 27 14443 9214 7 11546 12 36 9992 4663 14 16 19 7 0 16 12638 
49 5 5773 9 13 16 2 7328 41 9 1332 2 12 4 10 12 14 6 19 9 9 11 5 7 9548 10214 11727 10 12 9 20 3 10 5 4 2887 13 15526 3775 1554 4 10658 11 7106 12 4885 4441 17 6422 16 0 2665 
50 8 13 5 9749 10 4 12999 33 25 2 7 4 7 23 25 10471 1805 11554 22 12 9 5 9 64 18054 15 15165 10 46 16 4 27 6 10110 1332 19 14 10 10 4885 13101 22 11 21 12 12 13 35 12638 2665 0 

;param cto[*,*]
: 0 1 2 3 4 5 6 7 8 9 10 11 12 13 14 15 16 17 18 19 20 21 22 23 24 25 26 27 28 29 30 31 32 33 34 35 36 37 38 39 40 41 42 43 44 45 46 47 48 49 50:=
0 0 44 45 47 41 40 44 46 42 42 43 40 39 43 41 42 42 41 44 43 44 44 41 42 46 42 43 39 43 43 43 43 40 44 43 45 46 41 40 45 45 43 43 44 42 43 42 39 40 42 42 
1 44 0 40 41 43 42 41 46 40 42 44 44 41 49 46 44 45 47 43 46 41 46 43 42 43 44 41 39 41 45 44 41 39 45 43 43 43 43 41 46 48 46 46 44 44 45 40 42 40 42 42 
2 45 40 0 44 44 42 47 44 42 41 47 40 42 51 44 44 39 44 44 47 40 40 40 44 45 46 47 41 41 39 46 42 44 45 41 41 42 43 40 44 53 47 46 46 45 45 45 43 42 42 40 
3 47 41 44 0 47 48 44 48 42 43 46 42 45 49 50 47 42 46 46 49 39 46 44 44 46 51 42 43 39 41 48 40 42 47 44 40 40 46 43 47 51 49 49 46 47 51 44 45 43 48 43 
4 41 43 44 47 0 41 42 44 44 44 43 42 40 40 41 41 44 39 39 40 46 46 45 47 43 41 45 42 46 46 48 46 42 47 45 51 49 44 42 45 42 40 44 45 44 42 41 39 43 43 48 
5 40 42 42 48 41 0 42 45 44 40 40 40 39 44 43 40 41 44 42 43 44 42 43 44 45 44 45 41 44 42 41 45 41 41 42 45 46 44 43 42 45 44 43 46 41 45 40 40 43 39 45 
6 44 41 47 44 42 42 0 41 41 44 45 45 41 43 40 48 43 42 40 44 44 45 42 40 40 41 42 39 43 44 45 46 45 46 45 46 50 43 42 47 46 47 44 46 48 45 40 40 39 44 44 
7 46 46 44 48 44 45 41 0 40 46 47 44 44 45 42 47 49 45 47 51 45 47 42 39 40 42 44 41 42 46 47 45 43 49 47 46 46 46 45 53 48 46 47 40 47 48 43 44 40 46 46 
8 42 40 42 42 44 44 41 40 0 44 46 46 43 46 43 50 47 45 44 47 46 44 40 40 42 44 39 44 44 47 46 39 41 47 45 43 44 45 47 47 49 47 47 42 46 47 46 43 39 45 44 
9 42 42 41 43 44 40 44 46 44 0 40 40 42 50 45 42 39 42 44 46 42 40 42 46 50 46 46 46 44 41 39 45 41 42 39 43 44 42 39 41 47 46 45 48 43 42 45 43 44 39 39 
10 43 44 47 46 43 40 45 47 46 40 0 42 42 50 46 40 41 42 44 45 44 42 44 47 47 46 47 44 46 43 39 47 43 40 40 46 50 41 40 40 46 45 43 53 42 44 42 43 45 39 41 
11 40 44 40 42 42 40 45 44 46 40 42 0 40 45 43 46 40 42 42 45 42 41 41 43 48 44 47 40 42 41 42 43 39 43 41 43 44 42 39 43 47 45 44 46 43 43 40 45 42 40 44 
12 39 41 42 45 40 39 41 44 43 42 42 40 0 46 42 41 42 39 40 42 44 44 43 43 43 42 44 41 48 43 46 44 40 42 43 46 50 43 40 47 44 42 42 45 41 42 43 39 42 41 46 
13 43 49 51 49 40 44 43 45 46 50 50 45 46 0 41 44 47 42 40 40 49 48 46 48 46 40 46 44 48 52 51 47 45 46 48 50 51 43 45 47 41 39 42 45 42 44 43 45 44 49 47 
14 41 46 44 50 41 43 40 42 43 45 46 43 42 41 0 44 45 42 40 47 46 47 44 40 40 43 47 45 45 50 46 44 42 46 47 47 48 47 44 47 48 42 44 42 44 45 41 44 41 45 46 
15 42 44 44 47 41 40 48 47 50 42 40 46 41 44 44 0 43 40 42 46 46 44 45 46 46 48 47 47 47 45 42 47 43 40 43 47 52 39 45 42 44 42 41 48 39 39 42 41 49 41 43 
16 42 45 39 42 44 41 43 49 47 39 41 40 42 47 45 43 0 43 44 46 45 40 41 45 50 46 48 42 46 43 40 43 40 43 40 42 43 43 39 42 48 46 46 47 44 44 41 43 43 40 39 
17 41 47 44 46 39 44 42 45 45 42 42 42 39 42 42 40 43 0 40 41 46 45 44 44 44 42 50 42 46 45 47 46 46 42 44 47 48 42 42 47 46 41 40 50 39 41 41 39 44 42 44 
18 44 43 44 46 39 42 40 47 44 44 44 42 40 40 40 42 44 40 0 41 46 50 48 42 42 44 48 45 45 46 45 45 46 44 46 47 48 41 43 46 43 41 46 44 42 43 41 39 42 47 45 
19 43 46 47 49 40 43 44 51 47 46 45 45 42 40 47 46 46 41 41 0 49 48 47 49 45 42 48 45 49 48 46 52 45 44 47 54 55 42 45 46 40 39 43 51 41 42 44 42 46 45 47 
20 44 41 40 39 46 44 44 45 46 42 44 42 44 49 46 46 45 46 46 49 0 41 40 45 47 47 43 43 41 40 43 42 42 47 42 43 40 46 42 49 51 49 52 47 47 47 43 49 44 47 42 
21 44 46 40 46 46 42 45 47 44 40 42 41 44 48 47 44 40 45 50 48 41 0 42 46 47 48 46 44 47 43 40 44 46 44 39 42 43 44 41 43 50 52 47 53 45 45 43 45 45 41 39 
22 41 43 40 44 45 43 42 42 40 42 44 41 43 46 44 45 41 44 48 47 40 42 0 42 44 49 45 40 40 41 44 40 40 46 43 41 42 44 42 46 49 51 47 44 46 46 41 43 41 43 46 
23 42 42 44 44 47 44 40 39 40 46 47 43 43 48 40 46 45 44 42 49 45 46 42 0 43 42 40 41 43 45 47 42 42 48 47 46 46 45 44 52 47 45 46 40 46 47 42 42 39 46 46 
24 46 43 45 46 43 45 40 40 42 50 47 48 43 46 40 46 50 44 42 45 47 47 44 43 0 40 42 42 45 47 51 44 43 48 52 48 48 45 45 49 46 44 46 40 46 47 43 42 41 46 47 
25 42 44 46 51 41 44 41 42 44 46 46 44 42 40 43 48 46 42 44 42 47 48 49 42 40 0 48 42 46 47 51 46 44 46 47 49 49 43 45 52 44 42 43 42 44 45 46 41 42 45 47 
26 43 41 47 42 45 45 42 44 39 46 47 47 44 46 47 47 48 50 48 48 43 46 45 40 42 48 0 41 41 44 47 40 42 49 50 44 44 46 44 49 49 47 48 42 47 48 43 44 40 50 45 
27 39 39 41 43 42 41 39 41 44 46 44 40 41 44 45 47 42 42 45 45 43 44 40 41 42 42 41 0 42 43 44 42 39 45 44 44 45 42 45 46 50 44 45 43 44 45 39 41 39 42 43 
28 43 41 41 39 46 44 43 42 44 44 46 42 48 48 45 47 46 46 45 49 41 47 40 43 45 46 41 42 0 42 45 39 42 48 45 41 45 46 44 47 51 48 49 45 47 48 43 45 42 49 44 
29 43 45 39 41 46 42 44 46 47 41 43 41 43 52 50 45 43 45 46 48 40 43 41 45 47 47 44 43 42 0 42 47 41 45 40 40 42 44 45 44 50 48 47 48 46 45 46 44 48 42 40 
30 43 44 46 48 48 41 45 47 46 39 39 42 46 51 46 42 40 47 45 46 43 40 44 47 51 51 47 44 45 42 0 50 43 45 39 44 45 42 40 40 48 47 45 49 43 42 43 44 46 40 40 
31 43 41 42 40 46 45 46 45 39 45 47 43 44 47 44 47 43 46 45 52 42 44 40 42 44 46 40 42 39 47 50 0 42 48 46 42 42 46 44 48 50 48 49 44 47 48 43 45 45 45 44 
32 40 39 44 42 42 41 45 43 41 41 43 39 40 45 42 43 40 46 46 45 42 46 40 42 43 44 42 39 42 41 43 42 0 48 42 47 44 42 44 44 47 49 45 44 44 44 39 41 40 41 41 
33 44 45 45 47 47 41 46 49 47 42 40 43 42 46 46 40 43 42 44 44 47 44 46 48 48 46 49 45 48 45 45 48 48 0 43 51 49 41 42 40 45 44 42 54 41 39 44 47 50 41 43 
34 43 43 41 44 45 42 45 47 45 39 40 41 43 48 47 43 40 44 46 47 42 39 43 47 52 47 50 44 45 40 39 46 42 43 0 43 44 43 41 41 53 47 46 49 44 43 43 44 45 40 39 
35 45 43 41 40 51 45 46 46 43 43 46 43 46 50 47 47 42 47 47 54 43 42 41 46 48 49 44 44 41 40 44 42 47 51 43 0 39 47 47 46 52 50 50 48 52 52 48 46 44 48 42 
36 46 43 42 40 49 46 50 46 44 44 50 44 50 51 48 52 43 48 48 55 40 43 42 46 48 49 44 45 45 42 45 42 44 49 44 39 0 48 45 47 57 51 55 48 53 49 46 47 45 46 44 
37 41 43 43 46 44 44 43 46 45 42 41 42 43 43 47 39 43 42 41 42 46 44 44 45 45 43 46 42 46 44 42 46 42 41 43 47 48 0 41 43 43 42 41 47 39 40 41 40 44 41 47 
38 40 41 40 43 42 43 42 45 47 39 40 39 40 45 44 45 39 42 43 45 42 41 42 44 45 45 44 45 44 45 40 44 44 42 41 47 45 41 0 42 47 45 44 47 42 42 40 41 43 39 40 
39 45 46 44 47 45 42 47 53 47 41 40 43 47 47 47 42 42 47 46 46 49 43 46 52 49 52 49 46 47 44 40 48 44 40 41 46 47 43 42 0 51 47 45 51 43 41 44 45 47 41 42 
40 45 48 53 51 42 45 46 48 49 47 46 47 44 41 48 44 48 46 43 40 51 50 49 47 46 44 49 50 51 50 48 50 47 45 53 52 57 43 47 51 0 40 41 48 42 44 45 44 51 46 48 
41 43 46 47 49 40 44 47 46 47 46 45 45 42 39 42 42 46 41 41 39 49 52 51 45 44 42 47 44 48 48 47 48 49 44 47 50 51 42 45 47 40 0 44 46 41 47 43 42 45 45 47 
42 43 46 46 49 44 43 44 47 47 45 43 44 42 42 44 41 46 40 46 43 52 47 47 46 46 43 48 45 49 47 45 49 45 42 46 50 55 41 44 45 41 44 0 52 40 45 43 42 46 44 46 
43 44 44 46 46 45 46 46 40 42 48 53 46 45 45 42 48 47 50 44 51 47 53 44 40 40 42 42 43 45 48 49 44 44 54 49 48 48 47 47 51 48 46 52 0 48 49 48 48 42 52 52 
44 42 44 45 47 44 41 48 47 46 43 42 43 41 42 44 39 44 39 42 41 47 45 46 46 46 44 47 44 47 46 43 47 44 41 44 52 53 39 42 43 42 41 40 48 0 43 46 41 45 42 48 
45 43 45 45 51 42 45 45 48 47 42 44 43 42 44 45 39 44 41 43 42 47 45 46 47 47 45 48 45 48 45 42 48 44 39 43 52 49 40 42 41 44 47 45 49 43 0 43 46 46 41 43 
46 42 40 45 44 41 40 40 43 46 45 42 40 43 43 41 42 41 41 41 44 43 43 41 42 43 46 43 39 43 46 43 43 39 44 43 48 46 41 40 44 45 43 43 48 46 43 0 39 41 41 42 
47 39 42 43 45 39 40 40 44 43 43 43 45 39 45 44 41 43 39 39 42 49 45 43 42 42 41 44 41 45 44 44 45 41 47 44 46 47 40 41 45 44 42 42 48 41 46 39 0 42 42 43 
48 40 40 42 43 43 43 39 40 39 44 45 42 42 44 41 49 43 44 42 46 44 45 41 39 41 42 40 39 42 48 46 45 40 50 45 44 45 44 43 47 51 45 46 42 45 46 41 42 0 44 44 
49 42 42 42 48 43 39 44 46 45 39 39 40 41 49 45 41 40 42 47 45 47 41 43 46 46 45 50 42 49 42 40 45 41 41 40 48 46 41 39 41 46 45 44 52 42 41 41 42 44 0 40 
50 42 42 40 43 48 45 44 46 44 39 41 44 46 47 46 43 39 44 45 47 42 39 46 46 47 47 45 43 44 40 40 44 41 43 39 42 44 47 40 42 48 47 46 52 48 43 42 43 44 40 0 

;param d[*,*]
: 0 1 2 3 4 5 6 7 8 9 10 11 12 13 14 15 16 17 18 19 20 21 22 23 24 25 26 27 28 29 30 31 32 33 34 35 36 37 38 39 40 41 42 43 44 45 46 47 48 49 50:=
0 0.0 0 0 0 0.66 0 0 0 2.79 0 1.09 0.2 0.31 2.73 0.3 2.26 0.37 1.6 0 0 1.25 3.01 1.23 0.37 0 1.42 0.47 0.49 3.67 0 0 1.79 0.39 3.2 0.52 4.94 5.45 1.69 0.59 0 2.59 1.17 2.92 0.57 0 0 0 0 0.92 0 0 
1 0 0.0 0.2 2.41 0.52 0 0.63 0 1.39 0 0 0 1.23 0 0 0.6 0 0 0 4.23 0.78 0 0 1.29 1.13 3.11 2.28 0.13 0.63 0 0 0.28 0.1 3.95 1.85 0.45 3.93 2.82 0.3 0 5.27 1.72 0.73 3.2 3.48 0 0.8 2.16 0.47 1.6 0.94 
2 0 0.2 0.0 0 3.48 0 0 4.31 0.86 0.99 0 0.39 2.26 0 1.45 3.29 1.01 2.09 0 0.83 1.52 0.55 1.27 2.03 5.19 0 0 1.79 1.69 0.85 0 0.9 0 4.94 0.33 2.41 0.94 1.21 0.86 0 0 0 1.88 0.77 3.58 5.07 0 1.79 1.48 0.35 0.22 
3 0 2.41 0 0.0 0.82 0 1.37 0 2.66 1.91 5.45 1.54 3.58 1.02 0 4.71 1.42 6.08 5.83 3.94 0.27 0 0 0.6 1.76 0 3.17 3.42 1.14 2.15 0 0.92 2.07 5.08 3.01 0.62 1.52 1.8 1.13 0.82 1.24 2.46 5.83 5.95 6.72 0 1.25 3.86 1.09 0 3.42 
4 0.66 0.52 3.48 0.82 0.0 0.33 0.35 3.48 0 1.97 0 0.43 1.13 0 1.05 0.3 2.16 0.27 0.66 0.23 6.08 1.72 3.58 0 0.47 0.28 3.95 2.26 4.42 4.05 0 4.33 0 0 3.86 0 2.35 0 2.45 3.76 1.54 1.22 0 1.56 0 0 0 0.27 1.79 1.09 0 
5 0 0 0 0 0.33 0.0 1.54 0.67 1.29 0.47 0.86 0 0.55 0 0.5 0 0.99 0 0 0 4.05 1.54 1.66 0.6 0.63 0 0.67 0 1.45 0.98 1.11 0 0.63 1.23 0.35 0.65 4.23 0 0 0 2.59 1.25 1.66 0.8 0 0 0 0 1.79 0 0 
6 0 0.63 0 1.37 0.35 1.54 0.0 0 1.11 1.33 2.4 0 1.11 0 0.94 0 1.21 0.94 0.55 0.57 0.62 1.6 0.38 0.68 0 0 0.82 0.15 1.13 4.69 2.59 0 0 4.14 0.7 1.72 0 2.54 0 0.82 0.73 0 2.28 0 0 1.6 0 1.41 0.49 2.03 4.56 
7 0 0 4.31 0 3.48 0.67 0 0.0 1.77 2.83 2.11 2.03 0 0 0 4.71 0 1.6 0 0 5.07 4.61 3.17 0.37 0 0 0 1.17 2.45 1.68 3.33 0 1.66 3.7 0 4.23 5.83 4.05 0.65 0 3.57 0 0 0 4.61 0.95 0 3.01 0.43 1.8 2.83 
8 2.79 1.39 0.86 2.66 0 1.29 1.11 1.77 0.0 0.58 0 0 1.85 1.76 1.06 0 0 1.52 0.53 4.89 0 0.6 0.74 1.9 0.42 2.03 0.66 0 0 0 2.71 0.15 2.15 3.33 1.6 2.92 1.25 1.56 0 3.33 3.76 1.92 3.2 1.6 1.84 4.89 0 2.82 1.14 0 2.16 
9 0 0 0.99 1.91 1.97 0.47 1.33 2.83 0.58 0.0 0 0 0 0 3.86 0.38 0.31 1.6 0.58 2.65 0.98 0 1.6 0 0 0.75 2.65 0 0 0.99 0 2.4 1.17 0.9 0.15 0.52 1.45 1.36 0.43 1.17 3.33 1.72 0 0 1.72 1.6 0 0 0.57 0.37 0.08 
10 1.09 0 0 5.45 0 0.86 2.4 2.11 0 0 0.0 0 1.36 0 0.73 0.25 0 0 1.41 2.34 2.28 0.38 2.28 3.08 3.26 1.84 0 0 2.83 1.06 0.35 0 1.72 0.47 0 1.68 0 0.74 0.92 0.62 0 0.68 0.52 0 0.35 0 0 0.47 0 0 0.27 
11 0.2 0 0.39 1.54 0.43 0 0 2.03 0 0 0 0.0 0.23 0.67 0.5 0 0.94 0 2.45 2.46 2.79 0 2.03 1.17 0 0.58 0 0.22 2.45 0 1.29 1.72 0.37 2.92 1.23 3.67 0.58 0.35 0 1.21 1.96 0.67 0.62 1.68 1.72 2.92 0.17 0 0 0.55 0 
12 0.31 1.23 2.26 3.58 1.13 0.55 1.11 0 1.85 0 1.36 0.23 0.0 0 1.29 0.99 1.36 0.35 1.32 1.02 0.6 1.97 0.45 0 2.82 2.26 2.22 1.51 0 2.92 0 1.45 0.25 1.02 1.17 2.65 0 0 0.23 0 0 1.54 1.48 3.86 0.28 0.9 0 0.56 0 0 0 
13 2.73 0 0 1.02 0 0 0 0 1.76 0 0 0.67 0 0.0 1.69 1.97 3.02 0 0.55 0.55 3.76 0.99 2.96 0 0 0.51 6.08 3.11 5.27 0 0 6.84 0 0 0 2.66 4.44 1.06 0.68 0 1.17 0.15 0 1.52 1.02 1.45 0 0 1.41 0 0.87 
14 0.3 0 1.45 0 1.05 0.5 0.94 0 1.06 3.86 0.73 0.5 1.29 1.69 0.0 3.29 2.46 0.4 0.94 0 1.84 4.71 3.11 0.25 0.62 0 0 0 2.4 0 0 3.39 1.6 4.33 4.61 5.08 7.22 0 0 0.9 0 0.42 2.03 1.42 1.97 3.86 1.88 0 0.3 0 1.72 
15 2.26 0.6 3.29 4.71 0.3 0 0 4.71 0 0.38 0.25 0 0.99 1.97 3.29 0.0 1.13 0.18 0.98 0 5.83 0.6 1.6 1.76 1.76 0 6.59 0 1.99 0.63 1.48 0.89 2.82 0.43 1.85 6.72 0 0.12 0 0.9 0 1.6 0.63 5.36 0.37 0.56 1.42 1.79 0 0.63 3.67 
16 0.37 0 1.01 1.42 2.16 0.99 1.21 0 0 0.31 0 0.94 1.36 3.02 2.46 1.13 0.0 3.8 2.16 2.96 0 1.27 0.7 0.65 0 2.77 0 2.16 0 0 0.92 2.92 0.86 2.92 0.74 2.26 1.85 1.66 0.35 0 0 0 0 6.59 0.57 3.11 0.78 0.47 3.8 0.22 0.63 
17 1.6 0 2.09 6.08 0.27 0 0.94 1.6 1.52 1.6 0 0 0.35 0 0.4 0.18 3.8 0.0 1.32 0 0.77 0.65 3.48 0 3.2 2.35 0 0 2.83 1.52 0 2.9 0 0 0 6.72 2.27 0 1.29 0 0 0 0.86 0 0 0 0.99 0.35 0 0.82 4.05 
18 0 0 0 5.83 0.66 0 0.55 0 0.53 0.58 1.41 2.45 1.32 0.55 0.94 0.98 2.16 1.32 0.0 1.23 5.95 0 0 2.26 1.29 0 0 0 2.59 2.65 3.86 3.86 0 1.45 1.72 2.11 5.46 0 0.47 0 1.79 1.6 0 0 2.07 2.92 0 0.49 0.38 0 1.52 
19 0 4.23 0.83 3.94 0.23 0 0.57 0 4.89 2.65 2.34 2.46 1.02 0.55 0 0 2.96 0 1.23 0.0 2.42 2.19 0.87 0 2.4 0.98 3.45 3.58 1.02 0.95 0 0 0 0.55 0 0 0 0 1.49 0 0.39 0 0 0 1.05 0 0.53 1.36 1.68 0 0 
20 1.25 0.78 1.52 0.27 6.08 4.05 0.62 5.07 0 0.98 2.28 2.79 0.6 3.76 1.84 5.83 0 0.77 5.95 2.42 0.0 1.51 0.25 5.19 1.92 6.72 3.93 3.55 1.51 0.62 0.52 1.36 2.79 3.02 2.35 0 0.2 4.05 2.35 0 6.87 3.82 0 6.59 1.96 0.85 1.91 0 1.25 0 0.82 
21 3.01 0 0.55 0 1.72 1.54 1.6 4.61 0.6 0 0.38 0 1.97 0.99 4.71 0.6 1.27 0.65 0 2.19 1.51 0.0 0.98 1.88 0.9 2.15 4.05 1.97 0 0 0 0.6 0 4.43 0.55 2.66 1.06 0.6 1.11 1.66 0 0 0 0 1.6 1.52 1.85 1.49 2.4 0 0.43 
22 1.23 0 1.27 0 3.58 1.66 0.38 3.17 0.74 1.6 2.28 2.03 0.45 2.96 3.11 1.6 0.7 3.48 0 0.87 0.25 0.98 0.0 3.29 0.57 0 0 1.9 0.17 1.11 2.09 0.8 1.04 1.84 1.17 0.78 0.94 3.39 0 0 5.93 0 3.14 2.28 1.68 2.9 0.78 1.85 2.15 0 0 
23 0.37 1.29 2.03 0.6 0 0.6 0.68 0.37 1.9 0 3.08 1.17 0 0 0.25 1.76 0.65 0 2.26 0 5.19 1.88 3.29 0.0 0 0.82 0.25 1.51 1.09 5.32 3.14 3.04 0.94 0 1.99 5.83 1.88 0.63 0.6 0 0 1.56 1.84 0.22 2.71 4.89 2.26 2.45 0.35 2.65 4.14 
24 0 1.13 5.19 1.76 0.47 0.63 0 0 0.42 0 3.26 0 2.82 0 0.62 1.76 0 3.2 1.29 2.4 1.92 0.9 0.57 0 0.0 0 1.48 2.07 4.81 1.96 0 1.29 0.5 0.94 0 6.97 3.51 1.49 2.46 1.05 1.8 0 1.68 0.47 0 2.03 2.54 1.6 0 2.83 6.33 
25 1.42 3.11 0 0 0.28 0 0 0 2.03 0.75 1.84 0.58 2.26 0.51 0 0 2.77 2.35 0 0.98 6.72 2.15 0 0.82 0 0.0 0 0 0 4.8 0 1.68 0.53 1.88 5.08 3.7 2.5 2.73 0.63 0 3.01 0.82 0 0 0.53 0.7 0 0 2.26 3.95 0 
26 0.47 2.28 0 3.17 3.95 0.67 0.82 0 0.66 2.65 0 0 2.22 6.08 0 6.59 0 0 0 3.45 3.93 4.05 0 0.25 1.48 0 0.0 0.78 2.03 3.39 3.14 0.39 0.4 3.76 0 3.29 1.41 4.33 1.45 2.39 8.24 2.07 3.57 2.79 6.72 7.48 1.79 3.39 0.8 0 5.32 
27 0.49 0.13 1.79 3.42 2.26 0 0.15 1.17 0 0 0 0.22 1.51 3.11 0 0 2.16 0 0 3.58 3.55 1.97 1.9 1.51 2.07 0 0.78 0.0 2.91 2.63 0 2.79 0.13 0.68 2.09 2.16 4.94 2.45 0 1.68 0 0 0 0.48 1.29 3.67 0.35 1.51 0.49 0.43 0.47 
28 3.67 0.63 1.69 1.14 4.42 1.45 1.13 2.45 0 0 2.83 2.45 0 5.27 2.4 1.99 0 2.83 2.59 1.02 1.51 0 0.17 1.09 4.81 0 2.03 2.91 0.0 2.26 0.7 0.76 0.35 2.23 0 1.79 0 0.77 0 0 1.19 0.99 1.02 1.49 6.72 5.36 3.8 1.52 1.98 0 3.01 
29 0 0 0.85 2.15 4.05 0.98 4.69 1.68 0 0.99 1.06 0 2.92 0 0 0.63 0 1.52 2.65 0.95 0.62 0 1.11 5.32 1.96 4.8 3.39 2.63 2.26 0.0 0.82 0 0.78 0.65 0.59 1.9 0.35 0.6 0 0 1.12 2.23 0 5.18 0.72 5.32 0 2.22 0 0.86 1.04 
30 0 0 0 0 0 1.11 2.59 3.33 2.71 0 0.35 1.29 0 0 0 1.48 0.92 0 3.86 0 0.52 0 2.09 3.14 0 0 3.14 0 0.7 0.82 0.0 0 1.06 0 0.23 3.39 3.95 0.43 0.25 0.47 0 0 0.67 0 1.17 0 0 1.29 1.68 0 0.17 
31 1.79 0.28 0.9 0.92 4.33 0 0 0 0.15 2.4 0 1.72 1.45 6.84 3.39 0.89 2.92 2.9 3.86 0 1.36 0.6 0.8 3.04 1.29 1.68 0.39 2.79 0.76 0 0 0.0 1.42 5.55 0 2.35 1.02 0.78 1.33 0 8.87 3.57 2.39 3.01 2.11 2.31 0.5 2.34 0 0 2.28 
32 0.39 0.1 0 2.07 0 0.63 0 1.66 2.15 1.17 1.72 0.37 0.25 0 1.6 2.82 0.86 0 0 0 2.79 0 1.04 0.94 0.5 0.53 0.4 0.13 0.35 0.78 1.06 1.42 0.0 0 0.43 0 0.55 0.4 0 2.28 3.14 0 0.65 3.48 1.25 0.6 0.85 1.79 1.41 0 0 
33 3.2 3.95 4.94 5.08 0 1.23 4.14 3.7 3.33 0.9 0.47 2.92 1.02 0 4.33 0.43 2.92 0 1.45 0.55 3.02 4.43 1.84 0 0.94 1.88 3.76 0.68 2.23 0.65 0 5.55 0 0.0 0 0 7.73 1.69 0 0.22 2.53 2.22 1.54 0 0 0.43 0 0 0 0 3.55 
34 0.52 1.85 0.33 3.01 3.86 0.35 0.7 0 1.6 0.15 0 1.23 1.17 0 4.61 1.85 0.74 0 1.72 0 2.35 0.55 1.17 1.99 0 5.08 0 2.09 0 0.59 0.23 0 0.43 0 0.0 1.17 1.41 0 0.63 0.7 0 0.89 1.8 2.5 0.58 0.52 1.13 3.39 1.64 0.8 0.37 
35 4.94 0.45 2.41 0.62 0 0.65 1.72 4.23 2.92 0.52 1.68 3.67 2.65 2.66 5.08 6.72 2.26 6.72 2.11 0 0 2.66 0.78 5.83 6.97 3.7 3.29 2.16 1.79 1.9 3.39 2.35 0 0 1.17 0.0 0.56 3.08 0 6.08 7.53 6.49 2.62 7.22 0 0 0 1.88 2.28 0 1.6 
36 5.45 3.93 0.94 1.52 2.35 4.23 0 5.83 1.25 1.45 0 0.58 0 4.44 7.22 0 1.85 2.27 5.46 0 0.2 1.06 0.94 1.88 3.51 2.5 1.41 4.94 0 0.35 3.95 1.02 0.55 7.73 1.41 0.56 0.0 2.19 4.81 5.08 0 2.89 0 5.46 0 7.98 0.72 6.72 5.07 5.45 1.25 
37 1.69 2.82 1.21 1.8 0 0 2.54 4.05 1.56 1.36 0.74 0.35 0 1.06 0 0.12 1.66 0 0 0 4.05 0.6 3.39 0.63 1.49 2.73 4.33 2.45 0.77 0.6 0.43 0.78 0.4 1.69 0 3.08 2.19 0.0 1.11 0 0.52 0 0 0 0.43 0.8 1.05 0 3.11 1.05 0 
38 0.59 0.3 0.86 1.13 2.45 0 0 0.65 0 0.43 0.92 0 0.23 0.68 0 0 0.35 1.29 0.47 1.49 2.35 1.11 0 0.6 2.46 0.63 1.45 0 0 0 0.25 1.33 0 0 0.63 0 4.81 1.11 0.0 0 3.02 0 2.09 3.02 0.98 1.54 0 0.78 0 0.43 0.43 
39 0 0 0 0.82 3.76 0 0.82 0 3.33 1.17 0.62 1.21 0 0 0.9 0.9 0 0 0 0 0 1.66 0 0 1.05 0 2.39 1.68 0 0 0.47 0 2.28 0.22 0.7 6.08 5.08 0 0 0.0 0 0.82 2.34 0 1.13 1.23 0 0 3.2 0 1.36 
40 2.59 5.27 0 1.24 1.54 2.59 0.73 3.57 3.76 3.33 0 1.96 0 1.17 0 0 0 0 1.79 0.39 6.87 0 5.93 0 1.8 3.01 8.24 0 1.19 1.12 0 8.87 3.14 2.53 0 7.53 0 0.52 3.02 0 0.0 0.74 0 0.97 0 1.33 3.95 1.97 0 2.96 3.63 
41 1.17 1.72 0 2.46 1.22 1.25 0 0 1.92 1.72 0.68 0.67 1.54 0.15 0.42 1.6 0 0 1.6 0 3.82 0 0 1.56 0 0.82 2.07 0 0.99 2.23 0 3.57 0 2.22 0.89 6.49 2.89 0 0 0.82 0.74 0.0 0 0 0.33 0 0 1.98 1.56 0 0.83 
42 2.92 0.73 1.88 5.83 0 1.66 2.28 0 3.2 0 0.52 0.62 1.48 0 2.03 0.63 0 0.86 0 0 0 0 3.14 1.84 1.68 0 3.57 0 1.02 0 0.67 2.39 0.65 1.54 1.8 2.62 0 0 2.09 2.34 0 0 0.0 0 0 0 2.92 0.86 2.77 1.97 0 
43 0.57 3.2 0.77 5.95 1.56 0.8 0 0 1.6 0 0 1.68 3.86 1.52 1.42 5.36 6.59 0 0 0 6.59 0 2.28 0.22 0.47 0 2.79 0.48 1.49 5.18 0 3.01 3.48 0 2.5 7.22 5.46 0 3.02 0 0.97 0 0 0.0 0.92 5.93 0 0 1.29 0 0 
44 0 3.48 3.58 6.72 0 0 0 4.61 1.84 1.72 0.35 1.72 0.28 1.02 1.97 0.37 0.57 0 2.07 1.05 1.96 1.6 1.68 2.71 0 0.53 6.72 1.29 6.72 0.72 1.17 2.11 1.25 0 0.58 0 0 0.43 0.98 1.13 0 0.33 0 0.92 0.0 0 0 0.66 0.67 1.36 0 
45 0 0 5.07 0 0 0 1.6 0.95 4.89 1.6 0 2.92 0.9 1.45 3.86 0.56 3.11 0 2.92 0 0.85 1.52 2.9 4.89 2.03 0.7 7.48 3.67 5.36 5.32 0 2.31 0.6 0.43 0.52 0 7.98 0.8 1.54 1.23 1.33 0 0 5.93 0 0.0 1.79 0 0.78 1.23 0.52 
46 0 0.8 0 1.25 0 0 0 0 0 0 0 0.17 0 0 1.88 1.42 0.78 0.99 0 0.53 1.91 1.85 0.78 2.26 2.54 0 1.79 0.35 3.8 0 0 0.5 0.85 0 1.13 0 0.72 1.05 0 0 3.95 0 2.92 0 0 1.79 0.0 0.85 1.05 0.74 0.94 
47 0 2.16 1.79 3.86 0.27 0 1.41 3.01 2.82 0 0.47 0 0.56 0 0 1.79 0.47 0.35 0.49 1.36 0 1.49 1.85 2.45 1.6 0 3.39 1.51 1.52 2.22 1.29 2.34 1.79 0 3.39 1.88 6.72 0 0.78 0 1.97 1.98 0.86 0 0.66 0 0.85 0.0 0 2.16 1.91 
48 0.92 0.47 1.48 1.09 1.79 1.79 0.49 0.43 1.14 0.57 0 0 0 1.41 0.3 0 3.8 0 0.38 1.68 1.25 2.4 2.15 0.35 0 2.26 0.8 0.49 1.98 0 1.68 0 1.41 0 1.64 2.28 5.07 3.11 0 3.2 0 1.56 2.77 1.29 0.67 0.78 1.05 0 0.0 0.58 4.43 
49 0 1.6 0.35 0 1.09 0 2.03 1.8 0 0.37 0 0.55 0 0 0 0.63 0.22 0.82 0 0 0 0 0 2.65 2.83 3.95 0 0.43 0 0.86 0 0 0 0 0.8 0 5.45 1.05 0.43 0 2.96 0 1.97 0 1.36 1.23 0.74 2.16 0.58 0.0 0.74 
50 0 0.94 0.22 3.42 0 0 4.56 2.83 2.16 0.08 0.27 0 0 0.87 1.72 3.67 0.63 4.05 1.52 0 0.82 0.43 0 4.14 6.33 0 5.32 0.47 3.01 1.04 0.17 2.28 0 3.55 0.37 1.6 1.25 0 0.43 1.36 3.63 0.83 0 0 0 0.52 0.94 1.91 4.43 0.74 0.0 

;