set O:= 0;
set N:= 1 2 3 4 5 6 7 8 9 10 11 12 13 14 15 16 17 18 19 20 21 22 23 24 25 26 27 28 29 30 31 32 33 34 35 36 37 38 39 40 41 42 43 44 45 46 47 48 49 50 51 52 53 54 55 56 57 58 59 60 61 62 63 64 65 66 67 68 69 70 71 72 73 74 75;
set K:= 1 2 3 4 5 6 7 8 9 10;
param V:= 10;
param cp:= 140;
param dm:= 2.0;
param o:=
0 0
1 18
2 26
3 11
4 30
5 21
6 19
7 15
8 16
9 29
10 26
11 37
12 16
13 12
14 31
15 8
16 19
17 20
18 13
19 15
20 22
21 28
22 12
23 6
24 27
25 14
26 18
27 17
28 29
29 13
30 22
31 25
32 28
33 27
34 19
35 10
36 12
37 14
38 24
39 16
40 33
41 15
42 11
43 18
44 17
45 21
46 27
47 19
48 20
49 5
50 22
51 12
52 19
53 22
54 16
55 7
56 26
57 14
58 21
59 24
60 13
61 15
62 18
63 11
64 28
65 9
66 37
67 30
68 10
69 8
70 11
71 3
72 1
73 6
74 10
75 20
;
param c[*,*]
: 0 1 2 3 4 5 6 7 8 9 10 11 12 13 14 15 16 17 18 19 20 21 22 23 24 25 26 27 28 29 30 31 32 33 34 35 36 37 38 39 40 41 42 43 44 45 46 47 48 49 50 51 52 53 54 55 56 57 58 59 60 61 62 63 64 65 66 67 68 69 70 71 72 73 74 75:=
0 0 7 4 4 4 11 3 4 4188 6 38 10 9 6143 9 9749 9 2234 8 7 10 9749 17 14 12 29 2 18 6701 7 6 27 10 4747 6 5026 7328 7106 38 10 12 20 10051 11 5 6 3 10 29 11 7 4 5 6143 30 12 15 40 7 13 11 9493 25 7944 48 11 10 3 2 10 9 8660 7222 7 8 1 
1 7 0 5 6422 9 12 9 11 11168 13 21 15 45 12 15 14 5 7 11 13123 12 6 3 17 18 11727 8376 12 5 8 7 22 11 2234 9214 13 7550 8438 36 15 8097 6 3 1675 7259 9 39 7818 15 6499 19 20 9772 17 17 14 6 15 30 35 9992 7 9 3 5 15 21 8376 7 8 11 9 58 6 5026 26 
2 4 5 0 5 3350 8 2 7539 9 7550 14 24 9027 8 22 38 6499 10 10 19 7106 7 4467 18 11915 10 6 5584 11 23 3 23 7 2792 11 8376 7 7 14804 14 5 9 27 7 23 5055 6 25 9 19 9 4 6 13 38 14 10832 10471 25 13960 16 22 2 12 32 12844 13960 5026 2 6 30 6883 49 3 3 4 
3 4 6422 5 0 6 9 4 8 9493 6 10110 17 22 13 9 41 6 2665 3553 23 15 9 9 8 6 4 4441 9772 8935 7994 6 23 7 14 32 19 10658 14 15 7 2 10 35 7259 666 7 10 36 10 4 2665 4 9214 10 12844 24 36 13 17 23 26 11448 7259 6 12 11 11 7 9 11 52 15 9 7 28 4 
4 4 9 3350 6 0 8 4 4188 4 27 12 11 6499 5 30 9 35 8 9104 7 6439 16 8097 12 17 11 3071 2792 5863 3972 3 15526 7 5 1954 5 7 6 11193 10471 19 10331 10 18 6 3 3 14 20 24 8 4467 3 13 7 12 14 15 36 10610 7994 9 12 9 11727 9772 13 2 2 7 7550 8 9 7 6 6 
5 11 12 8 9 8 0 9388 17 28 43 17332 18 12999 6 17 3 13360 12 14 9 2665 4694 8097 32 38 14 21 4 22 9 4694 27 41 10832 11 9 9 2 17 19 8660 48 11168 22 12 4 7 3 2528 21 12 14 6 17 6701 30 17693 4333 61 17 8 6 28 13 12 18 18776 8 8 4 4 4 16 10 6 7944 
6 3 9 2 4 4 9388 0 7 13 22 11554 11 25 9 10331 11 5 6 14 18 9 10 7 7944 11 8 5 8 6 7222 4333 15 5 2234 10 9 7 7328 15 19 7 8 7259 6 4 12 6 9027 6860 7583 6217 1675 7 17 11 12 10110 23 12 16 11 8 5 5 38 10889 12285 5 6 8 10 8438 10 4 6 4 
7 4 11 7539 8 4188 17 7 0 1954 6980 20 17 5 7 4 7818 12 10 11 3 10889 41 12285 15887 17 11 3 18 41 8 6980 9 31 35 3 6 11168 10051 9 6 5584 17 16 14 8097 7 2 9772 32 56 20 6422 13 9 5305 25 18 7539 4 7 13402 14 10 14 15915 5584 6422 3 11 12844 25 13 5026 19 8655 4 
8 4188 11168 9 9493 4 28 13 1954 0 18 8 6 11 4 7 6 13 8 16 8 9 10 24 16971 19 47 16 3 10 5 6143 12 9214 18 8 6 12 10 6 8097 14 18 28 26 12 17 1 8376 6980 17 23 7259 1954 3 7 18 18776 11 7 7 11448 13 39 55 31 28 9 6 22 11 10610 14 9 20 9 9 
9 6 13 7550 6 27 43 22 6980 18 0 7 8 5 12 7994 22 33 3553 5 10331 17 14 12844 15 9 3 4219 11 15 9326 10 6138 1554 27 17 9 16 12213 7944 1444 1998 49 14 14 2665 8216 8 12 19 9027 5 9 11 26 14 5 18 14 6 9770 18 15 22 42 19 5773 15 6980 25 27 14 14 3250 39 36 6 
10 38 21 14 10110 12 17332 11554 20 8 7 0 6 5416 11 10 34 16 10 23 7818 26 38 19498 16971 14443 17 8 12 18054 59 58 6 7944 56 9 7 13 48 2528 3972 7 40 41 19 19 13 8 23 18 16 19 10471 35 6138 40 14 19137 16609 2 14 29 87 17 14804 26 3611 6 8 12 13767 13989 13989 10 15526 33 42 
11 10 15 24 17 11 18 11 17 6 8 6 0 11 10 3 15 15887 9 10214 20 11546 21 16473 41 19 11 6 11 58 16 14443 19 31 12844 6980 4188 14 14 4 36 13 22 22 34 34 12638 8 18 18 72 9 10051 15 2 7 40 91 14082 7 3 54 17 18 22 20 6 3 9 10051 13545 12879 53 9 13681 21 17 
12 9 45 9027 22 6499 12999 25 5 11 5 5416 11 0 9 39 55 29 5 9388 15 12 56 16 13 10471 7944 5 7259 13 10832 9 11 6 17 20 11 10 10 14 4 2 59 61 13360 6 18 5 14082 13 10 7 9 7 7222 9214 11193 17 55 4 53 24 20 12 36 18 11 22 7 7 10880 15 11324 3 40 22 20 
13 6143 12 8 13 5 6 9 7 4 12 11 10 9 0 6143 3071 14804 9 32 15 12 16 23 18 20 30 6422 1954 37 4 6 14240 13 13 5 6 15 22 19 12 9772 30 18 54 48 15 4 6 21 18 28 10 2 7 1954 17311 20220 2 10 8376 10 10610 39 15165 17 10 10331 5026 7 9 7539 9 40 20 7 6 
14 9 15 22 9 30 17 10331 4 7 7994 10 3 39 6143 0 11915 66 11 11769 3 12 16971 15636 26 81 10 6 7 55 12 14 12999 36 12564 5584 10 10436 9 7 14 7 22 70 66 36 10471 5026 16 17 21 21 13 11 3 4467 15 29 43 7944 2 47 15915 17 22 78 5 3331 7 12 48 22 13 10 13 31 8097 
15 9749 14 38 41 9 3 11 7818 6 22 34 15 55 3071 11915 0 19 16 27 7 2220 8 13 37 42 13 10832 3 10 4 6860 24 10880 26 5584 7259 4 2 16 69 11 13960 54 12844 42 4694 23 5416 5 74 12435 26 9 15 5 15 22 1444 15 14 18 8655 36 19 16 68 22 7 10 6 3553 4 20 39 9 9 
16 9 5 6499 6 35 13360 5 12 13 33 16 15887 29 14804 66 19 0 5055 33 15165 18 11554 10 5 5 40 8 12277 9 12 8666 59 25 12 10471 52 30 32 56 10 6 8 10 6138 5 42 22 16 10832 6 7222 12 11915 56 17 25 6 64 43 22 38 15 8 4 22 32 18054 8666 8 16 38 18 9749 19 17 14 
17 2234 7 10 2665 8 12 6 10 8 3553 10 9 5 9 11 16 5055 0 5773 10 11 13 35 11 9388 5551 2 7 16 12 7 23 3 5 6 6143 11 9 9388 6 1 12 9493 8 3 9 20 24 11 30 4663 2 12 28 38 15 11915 14 12 13 22 13 13 6860 47 17 10 4 3 12 12 10214 12 7 10 3 
18 8 11 10 3553 9104 14 14 11 16 5 23 10214 9388 32 11769 27 33 5773 0 59 15543 12 13 10110 19 2 7 14 52 46 9992 10471 3 14 25 16 57 16 18 8 19 10889 12 11 3109 10658 14 51 14 6 3 23 17 20 16473 4 11 13989 22 14 16654 31 23 10110 14 9548 14 11 10 14655 16 20 10 10 10436 7994 
19 7 13123 19 23 7 9 18 3 8 10331 7818 20 15 15 3 7 15165 10 59 0 12 44 16 19 19859 26 12 4188 13 13 9 11 12 22 4 2 11 10 26 12 36 18 16 15 11448 7 4 39 34 20 15 11 4 12 4 31 21665 6 6980 6 25 27 13 65 20 7 6701 5026 10 25 12 48 16 15 20 7 
20 10 12 7106 15 6439 2665 9 10889 9 17 26 11546 12 12 12 2220 18 11 15543 12 0 20 10 20220 29 15543 8882 6143 28 8 6 32 12879 19 34 10 3 5 49 13 44 24 11 11102 16 5 17 4 5 21 18 11 7 9770 9 35 24 12 13 11 9 6883 32 17 23 26 13 20 8 5 1332 2443 24 8882 6 8 
21 9749 6 7 9 16 4694 10 41 10 14 38 21 56 16 16971 8 11554 13 12 44 20 0 6 16 19 25 48 26 3 5 5 26 10 8666 7539 10610 3 4 19137 17693 10 9 9 8 11 8 32 4 6 18 23 10832 7 32 11 15 14082 9 68 21 5 3 4 10471 9 26 87 10 29 2 20 3775 21 6 12 35 
22 17 3 4467 9 8097 8097 7 12285 24 12844 19498 16473 16 23 15636 13 10 35 13 16 10 6 0 7583 14 14 10 9772 3 16 5863 45 45 6 40 16 8 30 23 21 41 4 6 6 12 16 13 27 6422 11 12 29 10 29 14 21 8305 11 22 75 8660 3350 2 6499 15 17032 23 12 7 7 10 29 34 3 5 7539 
23 14 17 18 8 12 32 7944 15887 16971 15 16971 41 13 18 26 37 5 11 10110 19 20220 16 7583 0 5 26 14 15887 12 14804 11554 18776 19 6 58 17693 21 23 38 13 12 16 20 7 32 14082 15165 14804 53 3611 40 7583 64 18776 26 15 2 22 15526 50 42 15 7 3250 8305 21 91 16 9749 16248 84 19137 29 6 14 22 
24 12 18 11915 6 17 38 11 17 19 9 14443 19 10471 20 81 42 5 9388 19 19859 29 19 14 5 0 9 25 17332 13721 22 14 18 8 10 16 17332 41 43 16609 20 35 12 43 36 6 32 15887 74 18 2528 5416 16 16971 23 24 12 6 43 17 24 31 21 23 6499 13721 23 26 27 13 26 31 92 11554 12 14 24 
25 29 11727 10 4 11 14 8 11 47 3 17 11 7944 30 10 13 40 5551 2 26 15543 25 14 26 9 0 7 15 16 11324 10 13 3 16 11168 22 18 14433 14 5 4219 26 16 14 4 13 11 15 11769 9388 2 24 12564 17 31 8 58 13 33 15 17 21 12564 12277 16473 15 8882 12 33 60 33 16 26 11 44 7772 
26 2 8376 6 4441 3071 21 5 3 16 4219 8 6 5 6422 6 10832 8 2 7 12 8882 48 10 14 25 7 0 6 8376 32 7222 14 5 12 3 16 11 32 29 25 2443 14 23 10051 4441 6499 6 11554 18 11 5995 4 8 19 7259 11 14443 10832 5055 11 21 14 16 9 54 28 17 6 3630 9326 20 9770 7 7 12 2513 
27 18 12 5584 9772 2792 4 8 18 3 11 12 11 7259 1954 7 3 12277 7 14 4188 6143 26 9772 15887 17332 15 6 0 7259 2234 5 13402 13 10 1954 9 6701 5305 9 40 8 14 14 14 20 1675 4 5305 16 31 16 9 1 6422 15 32 18 4 17 12 9 12 31 12638 14 10 11 3350 5 8 8 10 9 10 11 8 
28 6701 5 11 8935 5863 22 6 41 10 15 18054 58 13 37 55 10 9 16 52 13 28 3 3 12 13721 16 8376 7259 0 21 7 21665 12 5 9 44 4 6 23 20 11 7 6 7 9493 22 8376 8 15 11 49 6422 8097 16 11 18 10832 8655 20 18 7 2792 2 9 7 31 17 7539 4747 4 14 6 32 12 2 6 
29 7 8 23 7994 3972 9 7222 8 5 9326 59 16 10832 4 12 4 12 12 46 13 8 5 16 14804 22 11324 32 2234 21 0 13 19 18 10 16 6701 4 3 14 16 14 46 13 40 9 1444 4 16 2 59 42 38 3350 14 23 13323 17 5 16 15 22 8 25 23 23 16 33 5 22 20 6 20 55 14 6 5777 
30 6 7 3 6 3 4694 4333 6980 6143 10 58 14443 9 6 14 6860 8666 7 9992 9 6 5 5863 11554 14 10 7222 5 7 13 0 18 30 6 17 29 17 9 29 52 7 10 17 8 28 4 5 9 10 15 18 8 9 24 16 15 53 32 49 16609 8 7 8 8305 9772 32 17332 9 2889 10 7 5773 12277 9 9 3972 
31 27 22 23 23 15526 27 15 9 12 6138 6 19 11 14240 12999 24 59 23 10471 11 32 26 45 18776 18 13 14 13402 21665 19 18 0 17 68 12 39 19 17 26 6 9388 44 29 84 13 22 12 91 21 17 18 13 49 10832 14 7583 81 43 7 29 19 25275 22 16971 104 14 9388 20 15526 16 34 17 5777 38 22 14443 
32 10 11 7 7 7 41 5 31 9214 1554 7944 31 6 13 36 10880 25 3 3 12 12879 10 45 19 8 3 5 13 12 18 30 17 0 5 17 9 13 15 10 3611 7 10 14 9493 2 10 8655 10436 9104 7 2 4 20 15 51 9 12 11 14 14 14211 27 9214 8305 54 14 9 6980 6 50 17 27 10 10 10 11 
33 4747 2234 2792 14 5 10832 2234 35 18 27 56 12844 17 13 12564 26 12 5 14 22 19 8666 6 6 10 16 12 10 5 10 6 68 5 0 8 10 7328 7994 17 22 4663 5026 5026 4 5 35 9 10 8 6 6439 3 8 45 12 11 7222 56 15 15636 10 8 5 4 7259 26 18 6 13 9 20 8882 23 1396 6 6 
34 6 9214 11 32 1954 11 10 3 8 17 9 6980 20 5 5584 5584 10471 6 25 4 34 7539 40 58 16 11168 3 1954 9 16 17 12 17 8 0 4 10 8 29 31 6 25 48 44 17 6 2 6980 21 13721 10610 23 1 4747 5 28 21 7 8 10 10610 10 7818 45 13681 34 8935 1396 3630 13 39 10051 28 16 6143 11 
35 5026 13 8376 19 5 9 9 6 6 9 7 4188 11 6 10 7259 52 6143 16 2 10 10610 16 17693 17332 22 16 9 44 6701 29 39 9 10 4 0 45 20 5 7259 28 60 18 13681 9 6 2 12 16 16 22 8 4 4 4188 55 22 14 6 22 13 16 11 18 19 6 6 4 7 14 13 14 12 13 9214 5 
36 7328 7550 7 10658 7 9 7 11168 12 16 13 14 10 15 10436 4 30 11 57 11 3 3 8 21 41 18 11 6701 4 4 17 19 13 7328 10 45 0 2 12435 49 10 12 9 35 11 4441 10 1332 2665 18054 17 34 10 21 37 16 18 18 11324 12 2443 4 23 14082 10 15 28 12 6 1554 5 3 24 6661 4 27 
37 7106 8438 7 14 6 2 7328 10051 10 12213 48 14 10 22 9 2 32 9 16 10 5 4 30 23 43 14433 32 5305 6 3 9 17 15 7994 8 20 2 0 11546 15 20 13 11 11 45 16 31 2 2887 19137 13 11 26 10 7259 21 78 6 14 22 2443 11 6661 15165 11 12213 25 10 6217 3 2 2220 23 7550 4441 7 
38 38 36 14804 15 11193 17 15 9 6 7944 2528 4 14 19 7 16 56 9388 18 26 49 19137 23 38 16609 14 29 9 23 14 29 26 10 17 29 5 12435 11546 0 8 8305 24 22026 20220 45 12999 8 37 18 15887 48 11554 16 4333 11 15 23 15165 4 9 57 24 17693 16 31 2 4 7 49 14 14 13767 4694 18 17 13 
39 10 15 14 7 10471 19 19 6 8097 1444 3972 36 4 12 14 69 10 6 8 12 13 17693 21 13 20 5 25 40 20 16 52 6 3611 22 31 7259 49 15 8 0 4 33 17332 17 22 12999 9 20 15165 11 5416 30 8935 18 11 8 19 17332 7 58 58 24 58 22 41 16 10471 7 11 52 14 15 7 16 59 18 
40 12 8097 5 2 19 8660 7 5584 14 1998 7 13 2 9772 7 11 6 1 19 36 44 10 41 12 35 4219 2443 8 11 14 7 9388 7 4663 6 28 10 20 8305 4 0 10331 14 19 2 25 6143 36 8 7583 3553 2443 8 6 12 7 12277 18 10 9326 25 14 9 10 26 7 8 4747 3997 44 12213 24 8 29 14 7 
41 20 6 9 10 10331 48 8 17 18 49 40 22 59 30 22 13960 8 12 10889 18 24 9 4 16 12 26 14 14 7 46 10 44 10 5026 25 60 12 13 24 33 10331 0 1 1 18 11 14 10610 40 9 22 15 26 16 67 30 4 18 18 23 11769 9 10 5416 3 36 22 23 17 9 24 11 17 9 16 9 
42 10051 3 27 35 10 11168 7259 16 28 14 41 22 61 18 70 54 10 9493 12 16 11 9 6 20 43 16 23 14 6 13 17 29 14 5026 48 18 9 11 22026 17332 14 1 0 1 11 11 12564 20 9214 8666 13 7818 12564 18 16 31 6 14240 18776 26 11102 12 9 5777 5 18 79 46 16 8 11324 9770 23 17 7 37 
43 11 1675 7 7259 18 22 6 14 26 14 19 34 13360 54 66 12844 6138 8 11 15 11102 8 6 7 36 14 10051 14 7 40 8 84 9493 4 44 13681 35 11 20220 17 19 1 1 0 10 9772 11 9 8935 7 10 6422 13 30 19 14240 8 15 16971 20 11102 7 4 5 5 19 37 21 7259 8 13 20 16248 7 7 8376 
44 5 7259 23 666 6 12 4 8097 12 2665 19 34 6 48 36 42 5 3 3109 11448 16 11 12 32 6 4 4441 20 9493 9 28 13 2 5 17 9 11 45 45 22 2 18 11 10 0 8 8 19 11 4694 2 2665 11 8 12844 21 12 43 7944 45 17 12285 10 6499 24 9 9548 6701 5 13 27 51 7 7 15 9 
45 6 9 5055 7 3 4 12 7 17 8216 13 12638 18 15 10471 4694 42 9 10658 7 5 8 16 14082 32 13 6499 1675 22 1444 4 22 10 35 6 6 4441 16 12999 12999 25 11 11 9772 8 0 13 5 4 13721 11 10 2 39 6 12435 32 22 11193 14082 7 7539 25 22 12 16 19 7 17 7 5995 7 24 6 10 5 
46 3 39 6 10 3 7 6 2 1 8 8 8 5 4 5026 23 22 20 14 4 17 32 13 15165 15887 11 6 4 8376 4 5 12 8655 9 2 2 10 31 8 9 6143 14 12564 11 8 13 0 7539 23 56 21 6143 6 5 9 55 35 5584 5863 8 11 14 8 12 14240 8 34 7 5 12 10331 11 6701 8376 7 4 
47 10 7818 25 36 14 3 9027 9772 8376 12 23 18 14082 6 16 5416 16 24 51 39 4 4 27 14804 74 15 11554 5305 8 16 9 91 10436 10 6980 12 1332 2 37 20 36 10610 20 9 19 5 7539 0 2 15887 47 11193 6 15 8655 30 16 6860 16609 19 3775 4467 22 48 11 25 20581 7539 7583 2443 4 2887 17 7 3972 8666 
48 29 15 9 10 20 2528 6860 32 6980 19 18 18 13 21 17 5 10832 11 14 34 5 6 6422 53 18 11769 18 16 15 2 10 21 9104 8 21 16 2665 2887 18 15165 8 40 9214 8935 11 4 23 2 0 28 10658 9388 6 12999 8 15 19 8 56 22 5 5305 5026 13 40 17693 37 7 11 15 5 5 15 7 2889 12 
49 11 6499 19 4 24 21 7583 56 17 9027 16 72 10 18 21 74 6 30 6 20 21 18 11 3611 2528 9388 11 31 11 59 15 17 7 6 13721 16 18054 19137 15887 11 7583 9 8666 7 4694 13721 56 15887 28 0 6499 6138 30 16971 22 11554 5 78 12638 45 28 14443 18 16 11915 35 20 48 12 18054 22026 82 11193 14 11915 13 
50 7 19 9 2665 8 12 6217 20 23 5 19 9 7 28 21 12435 7222 4663 3 15 18 23 12 40 5416 2 5995 16 49 42 18 18 2 6439 10610 22 17 13 48 5416 3553 22 13 10 2 11 21 47 10658 6499 0 20 12 11 15 3 46 13 9027 49 18 17 14 10 28 10 10 9214 7106 55 17 19 9 38 11 14 
51 4 20 4 4 4467 14 1675 6422 7259 9 10471 10051 9 10 13 26 12 2 23 11 11 10832 29 7583 16 24 4 9 6422 38 8 13 4 3 23 8 34 11 11554 30 2443 15 7818 6422 2665 10 6143 11193 9388 6138 20 0 14 11 21 16 10 13 9 54 11 9214 21 4333 10051 41 12 4 11 8882 12 20 8 5 8 4 
52 5 9772 6 9214 3 6 7 13 1954 11 35 15 7 2 11 9 11915 12 17 4 7 7 10 64 16971 12564 8 1 8097 3350 9 49 20 8 1 4 10 26 16 8935 8 26 12564 13 11 2 6 6 6 30 12 14 0 5305 7 19 20 4188 7259 9 9772 10 9 15 14 10 19 10 5 19 8935 12 8 17 7 3909 
53 6143 17 13 10 13 17 17 9 3 26 6138 2 7222 7 3 15 56 28 20 12 9770 32 29 18776 23 17 19 6422 16 14 24 10832 15 45 4747 4 21 10 4333 18 6 16 18 30 8 39 5 15 12999 16971 11 11 5305 0 11 13 26 11193 5 7 12 30 12285 15887 18149 6 4 20 8 47 14 23 7222 13 14082 6980 
54 30 17 38 12844 7 6701 11 5305 7 14 40 7 9214 1954 4467 5 17 38 16473 4 9 11 14 26 24 31 7259 15 11 23 16 14 51 12 5 4188 37 7259 11 11 12 67 16 19 12844 6 9 8655 8 22 15 21 7 11 0 18 23 8 37 6 13 14 47 19 17590 37 36 6143 17 14 10 10 10 13 11 9 
55 12 14 14 24 12 30 12 25 18 5 14 40 11193 17311 15 15 25 15 4 31 35 15 21 15 12 8 11 32 18 13323 15 7583 9 11 28 55 16 21 15 8 7 30 31 14240 21 12435 55 30 15 11554 3 16 19 13 18 0 16 15321 11193 15 21 39 15 30 18149 8882 12 12 41 21 37 72 12 14 26 9770 
56 15 6 10832 36 14 17693 10110 18 18776 18 19137 91 17 20220 29 22 6 11915 11 21665 24 14082 8305 2 6 58 14443 18 10832 17 53 81 12 7222 21 22 18 78 23 19 12277 4 6 8 12 32 35 16 19 5 46 10 20 26 23 16 0 43 17332 53 22026 13 8666 5055 8 22 25 61 12 69 28 25 20 30 15 13 
57 40 15 10471 13 15 4333 23 7539 11 14 16609 14082 55 2 43 1444 64 14 13989 6 12 9 11 22 43 13 10832 4 8655 5 32 43 11 56 7 14 18 6 15165 17332 18 18 14240 15 43 22 5584 6860 8 78 13 13 4188 11193 8 15321 43 0 16 17 5 9772 11 65 17 16 16248 7 39 5995 17 5 32 12 9 9388 
58 7 30 25 17 36 61 12 4 7 6 2 7 4 10 7944 15 43 12 22 6980 13 68 22 15526 17 33 5055 17 20 16 49 7 14 15 8 6 11324 14 4 7 10 18 18776 16971 7944 11193 5863 16609 56 12638 9027 9 7259 5 37 11193 17332 16 0 11 15 19498 14804 52 43 6 7222 5 19 50 26 13 7 13721 16 17 
59 13 35 13960 23 10610 17 16 7 7 9770 14 3 53 8376 2 14 22 13 14 6 11 21 75 50 24 15 11 12 18 15 16609 29 14 15636 10 22 12 22 9 58 9326 23 26 20 45 14082 8 19 22 45 49 54 9 7 6 15 53 17 11 0 53 21 16473 21665 22337 6 3331 9 14 14 12435 17 14 32 19137 22 
60 11 9992 16 26 7994 8 11 13402 11448 18 29 54 24 10 47 18 38 22 16654 25 9 5 8660 42 31 17 21 9 7 22 8 19 14211 10 10610 13 2443 2443 57 58 25 11769 11102 11102 17 7 11 3775 5 28 18 11 9772 12 13 21 22026 5 15 53 0 8 8216 20 14 60 17 11727 8438 4 888 1110 56 12 12 10 
61 9493 7 22 11448 9 6 8 14 13 15 87 17 20 10610 15915 8655 15 13 31 27 6883 3 3350 15 21 21 14 12 2792 8 7 25275 27 8 10 16 4 11 24 24 14 9 12 7 12285 7539 14 4467 5305 14443 17 9214 10 30 14 39 13 9772 19498 21 8 0 5 10110 23 18 19 10331 9 12 6661 6 22 22 4 8655 
62 25 9 2 7259 12 28 5 10 39 22 17 18 12 39 17 36 8 13 23 13 32 4 2 7 23 12564 16 31 2 25 8 22 9214 5 7818 11 23 6661 17693 58 9 10 9 4 10 25 8 22 5026 18 14 21 9 12285 47 15 8666 11 14804 16473 8216 5 0 5 7 59 16194 9 17 6 10 14 16 1 3 21 
63 7944 3 12 6 9 13 5 14 55 42 14804 22 36 15165 22 19 4 6860 10110 65 17 10471 6499 3250 6499 12277 9 12638 9 23 8305 16971 8305 4 45 18 14082 15165 16 22 10 5416 5777 5 6499 22 12 48 13 16 10 4333 15 15887 19 30 5055 65 52 21665 20 10110 5 0 9 72 19859 10 6 14082 23 21 24 3250 10 9 
64 48 5 32 12 11727 12 38 15915 31 19 26 20 18 17 78 16 22 47 14 20 23 9 15 8305 13721 16473 54 14 7 23 9772 104 54 7259 13681 19 10 11 31 41 26 3 5 5 24 12 14240 11 40 11915 28 10051 14 18149 17590 18149 8 17 43 22337 14 23 7 9 0 23 28 16 40 16 45 9770 42 8 8097 11168 
65 11 15 12844 11 9772 18 10889 5584 28 5773 3611 6 11 10 5 68 32 17 9548 7 26 26 17032 21 23 15 28 10 31 16 32 14 14 26 34 6 15 12213 2 16 7 36 18 19 9 16 8 25 17693 35 10 41 10 6 37 8882 22 16 6 6 60 18 59 72 23 0 2 7818 13 59 14211 58 26 14240 23 38 
66 10 21 13960 11 13 18776 12285 6422 9 15 6 3 22 10331 3331 22 18054 10 14 6701 13 87 23 91 26 8882 17 11 17 33 17332 9388 9 18 8935 6 28 25 4 10471 8 22 79 37 9548 19 34 20581 37 20 10 12 19 4 36 12 25 16248 7222 3331 17 19 16194 19859 28 2 0 10 12 30 28 15 9027 31 19498 10610 
67 3 8376 5026 7 2 8 5 3 6 6980 8 9 7 5026 7 7 8666 4 11 5026 20 10 12 16 27 12 6 3350 7539 5 9 20 6980 6 1396 4 12 10 7 7 4747 23 46 21 6701 7 7 7539 7 48 9214 4 10 20 6143 12 61 7 5 9 11727 10331 9 10 16 7818 10 0 3 10610 10889 22 6 6980 8 4 
68 2 7 2 9 2 8 6 11 22 25 12 10051 7 7 12 10 8 3 10 10 8 29 7 9749 13 33 3630 5 4747 22 2889 15526 6 13 3630 7 6 6217 49 11 3997 17 16 7259 5 17 5 7583 11 12 7106 11 5 8 17 41 12 39 19 14 8438 9 17 6 40 13 12 3 0 7 9 9 9749 3909 4694 1 
69 10 8 6 11 7 4 8 12844 11 27 13767 13545 10880 9 48 6 16 12 14655 25 5 2 7 16248 26 60 9326 8 4 20 10 16 50 9 13 14 1554 3 14 52 44 9 8 8 13 7 12 2443 15 18054 55 8882 19 47 14 21 69 5995 50 14 4 12 6 14082 16 59 30 10610 7 0 14 1998 51 27 4 15 
70 9 11 30 52 7550 4 10 25 10610 14 13989 12879 15 7539 22 3553 38 12 16 12 1332 20 10 84 31 33 20 8 14 6 7 34 17 20 39 13 5 2 14 14 12213 24 11324 13 27 5995 10331 4 5 22026 17 12 8935 14 10 37 28 17 26 12435 888 6661 10 23 45 14211 28 10889 9 14 0 2 53 9 25 11 
71 8660 9 6883 15 8 4 8438 13 14 14 13989 53 11324 9 13 4 18 10214 20 48 2443 3775 29 19137 92 16 9770 10 6 20 5773 17 27 8882 10051 14 3 2220 13767 15 24 11 9770 20 51 7 11 2887 5 82 19 20 12 23 10 72 25 5 13 17 1110 6 14 21 9770 58 15 22 9 1998 2 0 13 8 7 10 
72 7222 58 49 9 9 16 10 5026 9 3250 10 9 3 40 10 20 9749 12 10 16 24 21 34 29 11554 26 7 9 32 55 12277 5777 10 23 28 12 24 23 4694 7 8 17 23 16248 7 24 6701 17 15 11193 9 8 8 7222 10 12 20 32 7 14 56 22 16 24 42 26 9027 6 9749 51 53 13 0 12999 14 33 
73 7 6 3 7 7 10 4 19 20 39 15526 13681 40 20 13 39 19 7 10 15 8882 6 3 6 12 11 7 10 12 14 9 38 10 1396 16 13 6661 7550 18 16 29 9 17 7 7 6 8376 7 7 14 38 5 17 13 13 14 30 12 13721 32 12 22 1 3250 8 14240 31 6980 3909 27 9 8 12999 0 15 5026 
74 8 5026 3 28 6 6 6 8655 9 36 33 21 22 7 31 9 17 10 10436 20 6 12 5 14 14 44 12 11 2 6 9 22 10 6 6143 9214 4 4441 17 59 14 16 7 7 15 10 7 3972 2889 11915 11 8 7 14082 11 26 15 9 16 19137 12 4 3 10 8097 23 19498 8 4694 4 25 7 14 15 0 6 
75 1 26 4 4 6 7944 4 4 9 6 42 17 20 6 8097 9 14 3 7994 7 8 35 7539 22 24 7772 2513 8 6 5777 3972 14443 11 6 11 5 27 7 13 18 7 9 37 8376 9 5 4 8666 12 13 14 4 3909 6980 9 9770 13 9388 17 22 10 8655 21 9 11168 38 10610 4 1 15 11 10 33 5026 6 0 

;param cto[*,*]
: 0 1 2 3 4 5 6 7 8 9 10 11 12 13 14 15 16 17 18 19 20 21 22 23 24 25 26 27 28 29 30 31 32 33 34 35 36 37 38 39 40 41 42 43 44 45 46 47 48 49 50 51 52 53 54 55 56 57 58 59 60 61 62 63 64 65 66 67 68 69 70 71 72 73 74 75:=
0 0 46 44 45 39 42 43 44 40 42 42 43 40 42 43 43 41 39 48 42 44 43 43 43 48 44 39 41 42 41 40 44 42 41 40 41 44 44 42 42 40 44 44 43 41 40 44 42 41 43 43 40 40 42 43 45 44 43 45 45 46 44 42 42 46 43 48 39 39 44 49 45 41 41 41 38 
1 46 0 40 42 42 44 41 49 45 44 46 51 43 49 51 45 44 46 44 46 46 46 43 40 42 45 43 44 40 47 42 47 43 39 44 46 44 45 47 45 43 40 40 39 42 43 44 43 42 41 44 41 44 46 46 50 41 46 45 49 46 42 39 43 45 51 49 43 41 44 46 49 45 39 41 42 
2 44 40 0 46 40 41 43 43 42 44 49 46 42 46 45 42 41 41 45 44 44 40 41 42 44 45 45 41 40 41 43 47 47 40 41 43 42 42 45 44 46 42 42 42 42 40 45 41 40 42 44 40 45 44 44 47 43 43 44 47 44 41 43 41 43 46 47 41 39 46 44 43 44 39 39 40 
3 45 42 46 0 42 49 41 47 44 40 43 45 40 45 49 46 39 40 41 45 47 49 47 41 40 45 41 44 44 44 47 44 39 41 43 44 46 47 44 41 40 43 43 42 38 47 43 45 44 44 40 40 44 44 46 43 42 46 42 47 48 45 42 40 45 45 46 46 41 51 48 48 41 42 43 45 
4 39 42 40 42 0 41 40 40 40 43 43 43 41 41 43 41 42 40 45 42 43 42 43 48 45 45 40 40 42 40 43 46 43 45 39 45 42 46 43 43 42 44 48 44 46 39 39 41 40 44 48 41 43 42 42 47 49 42 42 45 44 43 42 46 45 44 45 39 43 47 44 44 46 42 40 39 
5 42 44 41 49 41 0 42 43 42 46 46 46 44 41 44 39 44 47 48 43 40 40 43 46 47 48 43 40 41 39 40 49 46 43 41 43 40 43 50 46 45 46 45 45 46 44 42 39 39 46 51 44 41 44 42 50 47 40 45 50 41 46 42 48 49 51 47 42 45 44 41 40 49 43 40 42 
6 43 41 43 41 40 42 0 42 42 42 44 48 41 43 44 47 40 40 44 44 45 42 42 42 43 44 40 42 41 41 40 49 45 39 41 43 47 44 44 42 41 46 42 46 45 41 41 42 41 42 43 39 42 43 44 45 43 44 42 46 46 47 40 44 44 45 46 40 39 44 45 45 42 40 40 39 
7 44 49 43 47 40 43 42 0 39 42 41 40 40 41 40 43 47 41 49 44 45 44 46 46 46 44 43 41 44 42 42 47 43 43 40 39 45 44 41 46 41 47 47 46 43 41 39 44 43 45 44 42 40 39 41 46 51 43 40 46 46 46 48 44 48 41 42 39 41 46 46 50 41 44 43 44 
8 40 45 42 44 40 42 42 39 0 44 42 45 41 40 40 46 48 42 46 39 47 44 46 46 46 45 40 44 48 45 42 45 44 44 39 39 44 43 46 43 42 47 47 46 44 40 42 43 42 46 45 42 39 44 40 47 47 41 42 46 45 46 44 45 48 42 43 40 41 49 45 45 42 44 43 41 
9 42 44 44 40 43 46 42 42 44 0 40 43 40 49 44 47 42 41 41 44 49 47 46 44 46 40 41 48 46 45 44 41 39 43 43 43 48 48 42 38 39 46 46 45 40 44 47 47 46 42 40 41 44 43 46 41 45 47 40 46 50 51 45 43 48 42 44 42 43 49 53 53 39 44 45 46 
10 42 46 49 43 43 46 44 41 42 40 0 40 40 48 42 46 44 42 44 43 48 47 47 46 45 42 41 44 47 45 45 40 42 45 43 42 52 47 39 40 41 48 48 51 42 48 42 47 46 45 42 43 43 41 44 43 47 46 43 43 50 49 50 45 49 40 45 42 48 49 49 49 39 46 46 43 
11 43 51 46 45 43 46 48 40 45 43 40 0 42 43 40 49 46 43 46 41 47 47 48 48 51 45 46 43 47 45 45 42 44 46 42 40 48 47 39 42 43 49 49 49 45 44 42 51 46 47 49 44 43 39 46 46 49 45 40 44 49 53 47 47 55 39 39 42 44 49 48 49 41 47 46 43 
12 40 43 42 40 41 44 41 40 41 40 40 42 0 47 43 45 41 39 42 43 46 45 45 44 43 42 39 42 48 43 46 42 40 42 41 41 50 49 41 43 39 45 45 44 40 42 45 45 44 42 45 40 42 41 44 43 45 45 43 44 48 46 43 42 51 42 43 40 41 47 47 47 43 43 43 40 
13 42 49 46 45 41 41 43 41 40 49 48 43 47 0 42 40 45 43 48 40 42 43 45 51 51 47 42 39 44 44 45 47 46 44 40 41 42 41 44 45 44 47 47 46 46 40 40 46 41 51 47 44 39 42 39 49 48 39 44 43 43 45 44 45 48 48 44 41 46 48 43 43 44 44 46 46 
14 43 51 45 49 43 44 44 40 40 44 42 40 43 42 0 44 46 43 47 43 46 46 48 48 48 50 46 46 47 47 44 44 45 46 41 39 46 49 41 44 47 49 49 48 45 43 41 49 45 47 46 44 41 39 41 47 49 43 42 40 47 48 46 47 50 41 40 42 44 47 47 47 46 50 46 43 
15 43 45 42 46 41 39 47 43 46 47 46 49 45 40 44 0 45 44 49 46 40 42 44 47 48 52 43 44 43 40 41 49 47 44 41 42 44 39 49 46 45 47 46 46 46 40 42 40 44 47 48 44 41 44 41 54 48 38 49 49 41 43 44 45 47 46 46 46 42 42 41 45 46 44 42 46 
16 41 44 41 39 42 44 40 47 48 42 44 46 41 45 46 45 0 40 42 45 51 44 42 40 44 43 46 44 46 47 42 45 41 39 43 44 45 46 45 42 41 42 42 41 40 43 43 44 43 39 41 39 44 45 50 44 45 46 43 48 47 44 41 39 43 46 47 42 41 49 47 50 43 40 42 41 
17 39 46 41 40 40 47 40 41 42 41 42 43 39 43 43 44 40 0 42 43 46 44 43 43 42 42 43 42 43 42 45 44 44 41 41 42 45 49 42 44 43 44 44 47 40 42 41 44 43 42 42 39 42 42 44 44 44 44 41 45 47 45 42 41 45 43 48 40 44 46 46 46 41 41 42 43 
18 48 44 45 41 45 48 44 49 46 41 44 46 42 48 47 49 42 42 0 47 50 51 50 43 40 44 48 51 46 47 46 43 44 43 46 46 49 49 45 42 42 45 49 44 40 46 46 48 47 45 39 42 46 46 48 40 47 49 43 53 51 48 45 43 51 46 47 48 44 50 55 51 42 48 46 44 
19 42 46 44 45 42 43 44 44 39 44 43 41 43 40 43 46 45 43 47 0 44 45 47 51 48 46 42 40 45 42 43 49 45 45 40 43 48 44 42 44 44 48 52 51 45 42 40 44 43 47 46 44 40 40 39 48 49 45 42 41 46 47 45 46 49 46 42 41 43 46 45 46 43 45 44 46 
20 44 46 44 47 43 40 45 45 47 49 48 47 46 42 46 40 51 46 50 44 0 42 45 48 49 50 45 42 43 41 42 51 48 45 43 48 40 39 48 52 47 47 51 47 48 42 43 44 41 52 50 46 46 46 43 52 49 40 47 51 40 43 44 50 47 48 52 44 44 41 39 40 48 45 46 48 
21 43 46 40 49 42 40 42 44 44 47 47 47 45 43 46 42 44 44 51 45 42 0 41 44 46 48 44 42 43 44 40 49 50 42 43 45 40 41 47 47 45 47 43 47 45 41 43 39 39 45 47 43 46 46 44 53 45 46 46 52 42 40 44 43 43 48 49 43 41 40 42 41 46 41 39 42 
22 43 43 41 47 43 43 42 46 46 46 47 48 45 45 48 44 42 43 50 47 45 41 0 42 44 51 48 44 39 43 42 49 45 41 44 46 43 44 48 46 44 44 40 40 44 43 45 42 42 43 49 42 48 47 50 48 42 49 47 50 45 40 39 41 40 49 50 44 42 42 45 44 46 40 40 43 
23 43 40 42 41 48 46 42 46 46 44 46 48 44 51 48 47 40 43 43 51 48 44 42 0 44 44 44 46 42 45 44 47 43 40 45 47 46 47 47 48 43 40 40 40 42 45 45 45 44 40 43 42 46 47 48 49 42 47 46 50 48 44 45 39 42 52 49 44 43 46 48 47 45 41 43 43 
24 48 42 44 40 45 47 43 46 46 46 45 51 43 51 48 48 44 42 40 48 49 46 44 44 0 42 44 46 45 46 49 45 41 42 49 46 48 48 46 43 42 42 43 42 40 46 46 47 46 39 40 42 46 47 49 43 45 49 44 53 50 46 44 41 45 47 48 45 44 48 50 49 44 43 49 44 
25 44 45 45 45 45 48 44 44 45 40 42 45 42 47 50 52 43 42 44 46 50 48 51 44 42 0 47 46 47 47 50 41 40 44 45 45 49 49 43 44 41 46 47 46 41 46 49 48 47 42 39 43 46 45 48 39 45 52 42 47 55 49 46 44 48 44 45 44 44 50 51 55 41 49 47 44 
26 39 43 45 41 40 43 40 43 40 41 41 46 39 42 46 43 46 43 48 42 45 44 48 44 44 47 0 41 43 42 41 43 41 42 43 40 45 44 41 41 40 45 45 44 41 41 40 44 42 47 43 40 40 41 42 45 45 43 40 44 46 45 43 46 46 42 43 39 40 45 46 46 40 46 42 39 
27 41 44 41 44 40 40 42 41 44 48 44 43 42 39 46 44 44 42 51 40 42 42 44 46 46 46 41 0 42 39 40 46 45 43 39 41 42 41 47 44 47 46 46 45 44 39 39 41 40 46 46 42 42 42 40 48 50 40 43 44 47 44 43 44 50 48 48 40 45 47 47 43 47 43 41 40 
28 42 40 40 44 42 41 41 44 48 46 47 47 48 44 47 43 46 43 46 45 43 43 39 42 45 47 43 42 0 41 40 49 45 40 43 45 45 42 47 46 44 42 41 41 44 41 43 40 40 47 46 42 43 46 49 48 43 43 46 48 47 40 39 41 42 48 52 43 41 45 44 42 46 40 43 45 
29 41 47 41 44 40 39 41 42 45 45 45 45 43 44 47 40 47 42 47 42 41 44 43 45 46 47 42 39 41 0 39 51 45 42 40 42 41 40 49 45 44 45 45 44 45 38 44 40 43 45 46 42 40 43 42 49 50 44 44 49 42 42 42 44 45 49 46 41 40 42 42 42 45 42 40 41 
30 40 42 43 47 43 40 40 42 42 44 45 45 46 45 44 41 42 45 46 43 42 40 42 44 49 50 41 40 40 39 0 51 44 45 40 42 41 41 45 44 43 44 43 43 43 39 41 40 39 44 45 41 41 44 43 48 44 42 44 46 43 42 40 42 44 46 46 41 39 42 43 42 44 41 39 40 
31 44 47 47 44 46 49 49 47 45 41 40 42 42 47 44 49 45 44 43 49 51 49 49 47 45 41 43 46 49 51 51 0 42 46 45 44 50 50 41 41 42 49 49 48 43 47 45 49 52 45 42 48 46 43 51 42 48 48 41 45 52 50 48 46 51 41 42 44 46 55 51 55 41 47 48 45 
32 42 43 47 39 43 46 45 43 44 39 42 44 40 46 45 47 41 44 44 45 48 50 45 43 41 40 41 45 45 45 44 42 0 46 43 48 47 47 47 40 39 48 45 44 39 44 43 46 45 41 39 40 44 44 46 41 47 51 41 47 49 47 44 42 46 44 49 42 46 48 49 49 40 43 44 42 
33 41 39 40 41 45 43 39 43 44 43 45 46 42 44 46 44 39 41 43 45 45 42 41 40 42 44 42 43 40 42 45 46 46 0 42 48 44 44 45 43 42 41 41 44 41 42 43 46 46 41 43 40 47 45 49 46 41 45 44 48 50 42 39 39 42 46 47 46 40 44 46 45 44 39 44 41 
34 40 44 41 43 39 41 41 40 39 43 43 42 41 40 41 41 43 41 46 40 43 43 44 45 49 45 43 39 43 40 40 45 43 42 0 40 43 42 42 43 46 46 46 45 43 40 38 42 41 45 45 42 38 41 41 47 46 41 42 43 45 48 43 43 47 43 44 39 40 44 44 44 42 43 42 40 
35 41 46 43 44 45 43 43 39 39 43 42 40 41 41 39 42 44 42 46 43 48 45 46 47 46 45 40 41 45 42 42 44 48 48 40 0 45 44 45 42 42 47 47 47 48 45 43 44 43 49 45 47 40 39 40 47 48 42 41 41 50 46 49 45 49 41 46 40 46 46 46 46 42 45 44 45 
36 44 44 42 46 42 40 47 45 44 48 52 48 50 42 46 44 45 45 49 48 40 40 43 46 48 49 45 42 45 41 41 50 47 44 43 45 0 39 48 48 50 45 49 45 51 41 44 39 40 47 49 45 43 46 44 55 51 41 47 52 40 45 42 45 45 49 49 44 47 39 40 39 47 43 45 43 
37 44 45 42 47 46 43 44 44 43 48 47 47 49 41 49 39 46 49 49 44 39 41 44 47 48 49 44 41 42 40 41 50 47 44 42 44 39 0 47 47 46 46 46 46 47 41 43 40 40 47 52 45 42 45 42 51 47 40 47 47 40 42 43 45 46 48 48 43 43 44 39 40 47 44 41 43 
38 42 47 45 44 43 50 44 41 46 42 39 39 41 44 41 49 45 42 45 42 48 47 48 47 46 43 41 47 47 49 45 41 47 45 42 45 48 47 0 41 42 49 49 48 43 44 42 47 46 46 44 44 43 40 44 44 48 45 39 42 49 49 47 50 50 39 44 46 44 53 53 49 40 46 50 43 
39 42 45 44 41 43 46 42 46 43 38 40 42 43 45 44 46 42 44 42 44 52 47 46 48 43 44 41 44 46 45 44 41 40 43 43 42 48 47 41 0 43 46 46 46 40 44 43 47 45 43 40 42 44 42 49 46 45 46 40 45 49 47 45 43 48 42 43 42 43 48 53 49 39 44 45 42 
40 40 43 46 40 42 45 41 41 42 39 41 43 39 44 47 45 41 43 42 44 47 45 44 43 42 41 40 47 44 44 43 42 39 42 46 42 50 46 42 43 0 44 45 44 39 43 42 45 48 42 41 40 42 42 45 43 44 45 40 45 48 46 43 42 46 43 48 41 41 47 48 47 40 42 43 41 
41 44 40 42 43 44 46 46 47 47 46 48 49 45 47 49 47 42 44 45 48 47 47 44 40 42 46 45 46 42 45 44 49 48 41 46 47 45 46 49 46 44 0 42 38 44 49 46 45 44 42 45 43 46 52 49 47 40 47 51 51 47 42 41 40 44 49 51 45 43 49 47 50 50 41 43 48 
42 44 40 42 43 48 45 42 47 47 46 48 49 45 47 49 46 42 44 49 52 51 43 40 40 43 47 45 46 41 45 43 49 45 41 46 47 49 46 49 46 45 42 0 42 44 48 46 44 44 42 45 43 46 48 52 48 40 47 47 51 47 42 41 41 39 53 51 45 43 48 47 46 47 40 46 44 
43 43 39 42 42 44 45 46 46 46 45 51 49 44 46 48 46 41 47 44 51 47 47 40 40 42 46 44 45 41 44 43 48 44 44 45 47 45 46 48 46 44 38 42 0 43 44 49 48 44 45 48 42 45 47 48 47 40 47 46 54 47 42 44 40 40 49 50 44 42 48 47 46 46 40 42 43 
44 41 42 42 38 46 46 45 43 44 40 42 45 40 46 45 46 40 40 40 45 48 45 44 42 40 41 41 44 44 45 43 43 39 41 43 48 51 47 43 40 39 44 44 43 0 48 47 46 45 40 43 40 44 48 46 42 43 46 42 47 49 46 43 41 46 44 46 42 42 47 49 48 41 46 44 42 
45 40 43 40 47 39 44 41 41 40 44 48 44 42 40 43 40 43 42 46 42 42 41 43 45 46 46 41 39 41 38 39 47 44 42 40 45 41 41 44 44 43 49 48 44 48 0 40 44 39 45 46 42 39 43 41 48 46 40 43 45 43 43 42 43 49 45 45 40 40 42 43 42 44 46 40 40 
46 44 44 45 43 39 42 41 39 42 47 42 42 45 40 41 42 43 41 46 40 43 43 45 45 46 49 40 39 43 44 41 45 43 43 38 43 44 43 42 43 42 46 46 49 47 40 0 43 42 45 45 42 39 40 41 47 46 41 42 47 49 45 47 48 47 47 43 39 40 45 44 44 42 43 42 40 
47 42 43 41 45 41 39 42 44 43 47 47 51 45 46 49 40 44 44 48 44 44 39 42 45 47 48 44 41 40 40 40 49 46 46 42 44 39 40 47 47 45 45 44 48 46 44 43 0 39 46 47 43 46 49 43 50 50 41 46 51 41 41 41 44 44 48 48 43 42 40 41 40 50 42 40 42 
48 41 42 40 44 40 39 41 43 42 46 46 46 44 41 45 44 43 43 47 43 41 39 42 44 46 47 42 40 40 43 39 52 45 46 41 43 40 40 46 45 48 44 44 44 45 39 42 39 0 45 46 42 41 44 46 49 45 41 45 46 46 41 41 43 44 47 47 42 40 41 46 41 49 42 39 41 
49 43 41 42 44 44 46 42 45 46 42 45 47 42 51 47 47 39 42 45 47 52 45 43 40 39 42 47 46 47 45 44 45 41 41 45 49 47 47 46 43 42 42 42 45 40 45 45 46 45 0 41 41 45 46 48 44 44 47 44 49 49 45 42 40 44 47 52 44 42 47 49 48 43 41 44 43 
50 43 44 44 40 48 51 43 44 45 40 42 49 45 47 46 48 41 42 39 46 50 47 49 43 40 39 43 46 46 46 45 42 39 43 45 45 49 52 44 40 41 45 45 48 43 46 45 47 46 41 0 42 49 45 51 44 44 52 42 48 51 47 45 42 47 44 49 44 44 49 50 50 41 44 46 43 
51 40 41 40 40 41 44 39 42 42 41 43 44 40 44 44 44 39 39 42 44 46 43 42 42 42 43 40 42 42 42 41 48 40 40 42 47 45 45 44 42 40 43 43 42 40 42 42 43 42 41 42 0 42 43 45 44 42 48 42 46 50 44 41 40 44 44 49 44 40 45 46 46 42 40 45 40 
52 40 44 45 44 43 41 42 40 39 44 43 43 42 39 41 41 44 42 46 40 46 46 48 46 46 46 40 42 43 40 41 46 44 47 38 40 43 42 43 44 42 46 46 45 44 39 39 46 41 45 49 42 0 41 40 47 47 40 42 43 44 48 43 44 51 44 44 39 41 44 44 44 47 43 42 40 
53 42 46 44 44 42 44 43 39 44 43 41 39 41 42 39 44 45 42 46 40 46 46 47 47 47 45 41 42 46 43 44 43 44 45 41 39 46 45 40 42 42 52 48 47 48 43 40 49 44 46 45 43 41 0 41 46 48 43 44 41 51 47 46 46 49 40 40 41 47 47 47 47 41 46 45 42 
54 43 46 44 46 42 42 44 41 40 46 44 46 44 39 41 41 50 44 48 39 43 44 50 48 49 48 42 40 49 42 43 51 46 49 41 40 44 42 44 49 45 49 52 48 46 41 41 43 46 48 51 45 40 41 0 53 53 40 44 46 44 46 45 46 49 44 44 42 43 45 44 48 48 46 44 43 
55 45 50 47 43 47 50 45 46 47 41 43 46 43 49 47 54 44 44 40 48 52 53 48 49 43 39 45 48 48 49 48 42 41 46 47 47 55 51 44 46 43 47 48 47 42 48 47 50 49 44 44 44 47 46 53 0 50 50 43 49 53 50 51 45 49 45 46 49 46 52 53 52 42 50 48 46 
56 44 41 43 42 49 47 43 51 47 45 47 49 45 48 49 48 45 44 47 49 49 45 42 42 45 45 45 50 43 50 44 48 47 41 46 48 51 47 48 45 44 40 40 40 43 46 46 50 45 44 44 42 47 48 53 50 0 48 46 51 49 48 42 40 42 53 54 45 47 46 49 48 46 42 44 48 
57 43 46 43 46 42 40 44 43 41 47 46 45 45 39 43 38 46 44 49 45 40 46 49 47 49 52 43 40 43 44 42 48 51 45 41 42 41 40 45 46 45 47 47 47 46 40 41 41 41 47 52 48 40 43 40 50 48 0 45 44 46 44 44 46 47 50 46 46 43 43 41 42 46 45 46 42 
58 45 45 44 42 42 45 42 40 42 40 43 40 43 44 42 49 43 41 43 42 47 46 47 46 44 42 40 43 46 44 44 41 41 44 42 41 47 47 39 40 40 51 47 46 42 43 42 46 45 44 42 42 42 44 44 43 46 45 0 47 49 47 45 44 49 40 41 45 43 48 48 52 39 45 45 42 
59 45 49 47 47 45 50 46 46 46 46 43 44 44 43 40 49 48 45 53 41 51 52 50 50 53 47 44 44 48 49 46 45 47 48 43 41 52 47 42 45 45 51 51 54 47 45 47 51 46 49 48 46 43 41 46 49 51 44 47 0 49 50 48 49 52 41 40 48 46 53 48 49 44 48 47 45 
60 46 46 44 48 44 41 46 46 45 50 50 49 48 43 47 41 47 47 51 46 40 42 45 48 50 55 46 47 47 42 43 52 49 50 45 50 40 40 49 49 48 47 47 47 49 43 49 41 46 49 51 50 44 51 44 53 49 46 49 49 0 43 44 47 47 50 50 45 45 40 38 39 49 45 43 45 
61 44 42 41 45 43 46 47 46 46 51 49 53 46 45 48 43 44 45 48 47 43 40 40 44 46 49 45 44 40 42 42 50 47 42 48 46 45 42 49 47 46 42 42 42 46 43 45 41 41 45 47 44 48 47 46 50 48 44 47 50 43 0 40 43 42 53 54 44 43 40 43 42 47 41 40 43 
62 42 39 43 42 42 42 40 48 44 45 50 47 43 44 46 44 41 42 45 45 44 44 39 45 44 46 43 43 39 42 40 48 44 39 43 49 42 43 47 45 43 41 41 44 43 42 47 41 41 42 45 41 43 46 45 51 42 44 45 48 44 40 0 44 42 47 48 42 40 42 44 44 45 42 43 41 
63 42 43 41 40 46 48 44 44 45 43 45 47 42 45 47 45 39 41 43 46 50 43 41 39 41 44 46 44 41 44 42 46 42 39 43 45 45 45 50 43 42 40 41 40 41 43 48 44 43 40 42 40 44 46 46 45 40 46 44 49 47 43 44 0 46 47 48 46 45 45 47 46 44 39 42 42 
64 46 45 43 45 45 49 44 48 48 48 49 55 51 48 50 47 43 45 51 49 47 43 40 42 45 48 46 50 42 45 44 51 46 42 47 49 45 46 50 48 46 44 39 40 46 49 47 44 44 44 47 44 51 49 49 49 42 47 49 52 47 42 42 46 0 51 52 46 44 44 47 46 48 42 43 45 
65 43 51 46 45 44 51 45 41 42 42 40 39 42 48 41 46 46 43 46 46 48 48 49 52 47 44 42 48 48 49 46 41 44 46 43 41 49 48 39 42 43 49 53 49 44 45 47 48 47 47 44 44 44 40 44 45 53 50 40 41 50 53 47 47 51 0 39 43 45 50 49 49 41 47 47 44 
66 48 49 47 46 45 47 46 42 43 44 45 39 43 44 40 46 47 48 47 42 52 49 50 49 48 45 43 48 52 46 46 42 49 47 44 46 49 48 44 43 48 51 51 50 46 45 43 48 47 52 49 49 44 40 44 46 54 46 41 40 50 54 48 48 52 39 0 44 49 50 49 54 42 48 47 45 
67 39 43 41 46 39 42 40 39 40 42 42 42 40 41 42 46 42 40 48 41 44 43 44 44 45 44 39 40 43 41 41 44 42 46 39 40 44 43 46 42 41 45 45 44 42 40 39 43 42 44 44 44 39 41 42 49 45 46 45 48 45 44 42 46 46 43 44 0 40 45 45 45 45 42 42 39 
68 39 41 39 41 43 45 39 41 41 43 48 44 41 46 44 42 41 44 44 43 44 41 42 43 44 44 40 45 41 40 39 46 46 40 40 46 47 43 44 43 41 43 43 42 42 40 40 42 40 42 44 40 41 47 43 46 47 43 43 46 45 43 40 45 44 45 49 40 0 47 44 44 43 40 40 38 
69 44 44 46 51 47 44 44 46 49 49 49 49 47 48 47 42 49 46 50 46 41 40 42 46 48 50 45 47 45 42 42 55 48 44 44 46 39 44 53 48 47 49 48 48 47 42 45 40 41 47 49 45 44 47 45 52 46 43 48 53 40 40 42 45 44 50 50 45 47 0 41 39 48 43 41 44 
70 49 46 44 48 44 41 45 46 45 53 49 48 47 43 47 41 47 46 55 45 39 42 45 48 50 51 46 47 44 42 43 51 49 46 44 46 40 39 53 53 48 47 47 47 49 43 44 41 46 49 50 46 44 47 44 53 49 41 48 48 38 43 44 47 47 49 49 45 44 41 0 43 49 49 43 45 
71 45 49 43 48 44 40 45 50 45 53 49 49 47 43 47 45 50 46 51 46 40 41 44 47 49 55 46 43 42 42 42 55 49 45 44 46 39 40 49 49 47 50 46 46 48 42 44 40 41 48 50 46 44 47 48 52 48 42 52 49 39 42 44 46 46 49 54 45 44 39 43 0 52 48 42 44 
72 41 45 44 41 46 49 42 41 42 39 39 41 43 44 46 46 43 41 42 43 48 46 46 45 44 41 40 47 46 45 44 41 40 44 42 42 47 47 40 39 40 50 47 46 41 44 42 50 49 43 41 42 47 41 48 42 46 46 39 44 49 47 45 44 48 41 42 45 43 48 49 52 0 44 49 42 
73 41 39 39 42 42 43 40 44 44 44 46 47 43 44 50 44 40 41 48 45 45 41 40 41 43 49 46 43 40 42 41 47 43 39 43 45 43 44 46 44 42 41 40 40 46 46 43 42 42 41 44 40 43 46 46 50 42 45 45 48 45 41 42 39 42 47 48 42 40 43 49 48 44 0 40 41 
74 41 41 39 43 40 40 40 43 43 45 46 46 43 46 46 42 42 42 46 44 46 39 40 43 49 47 42 41 43 40 39 48 44 44 42 44 45 41 50 45 43 43 46 42 44 40 42 40 39 44 46 45 42 45 44 48 44 46 45 47 43 40 43 42 43 47 47 42 40 41 43 42 49 40 0 45 
75 38 42 40 45 39 42 39 44 41 46 43 43 40 46 43 46 41 43 44 46 48 42 43 43 44 44 39 40 45 41 40 45 42 41 40 45 43 43 43 42 41 48 44 43 42 40 40 42 41 43 43 40 40 42 43 46 48 42 42 45 45 43 41 42 45 44 45 39 38 44 45 44 42 41 45 0 

;param d[*,*]
: 0 1 2 3 4 5 6 7 8 9 10 11 12 13 14 15 16 17 18 19 20 21 22 23 24 25 26 27 28 29 30 31 32 33 34 35 36 37 38 39 40 41 42 43 44 45 46 47 48 49 50 51 52 53 54 55 56 57 58 59 60 61 62 63 64 65 66 67 68 69 70 71 72 73 74 75:=
0 0.0 0 0 0 0.27 0.98 0 0 1.41 0 2.45 0.48 0.74 2.07 0.45 3.42 0.74 0.75 0 0 0 3.42 1.17 1.21 0 1.29 0 0.99 2.26 0.3 0.55 2.28 0.37 1.6 0.39 1.69 2.03 1.97 2.45 0.86 0.55 1.41 3.39 0.52 0 0.23 0 0.43 1.88 0.47 0 0.18 0.23 2.07 1.66 0 0.62 2.63 0 0.63 0 3.2 1.36 2.79 2.65 0.52 0 0.2 0.12 0 0 2.4 2.53 0.33 0.33 0 
1 0 0.0 0.23 2.16 0.43 0.55 0.63 0 3.76 0.62 1.84 0 2.92 0 0 0.67 0 0 0 4.42 0 0 0 1.13 1.54 3.95 2.82 0.58 0.23 0 0 0.9 0.52 0.75 3.11 0 2.09 2.34 3.08 0.63 2.73 0.43 0.17 0.56 2.45 0 2.16 2.63 1.02 2.28 1.33 1.11 3.29 0.8 0.8 0 0.27 0.72 2.59 2.46 2.77 0.35 0.49 0 0 0 1.02 2.82 0.32 0 0 0 3.76 0.31 1.69 1.42 
2 0 0.23 0.0 0 1.13 0.32 0 2.54 0.43 2.09 0 1.68 3.17 0 1.56 2.45 2.28 0.7 0 1.33 1.97 0.59 1.51 1.54 4.18 0 0 1.88 0.62 1.51 0 1.96 0 0.94 0.74 2.82 0 0 5.19 0.57 0 0.42 1.48 0 1.02 1.77 0 1.6 0.8 1.6 0 0 0 0.6 2.09 0 3.8 3.67 2.09 4.71 0.58 1.23 0 0.99 1.79 4.33 4.71 1.69 0.12 0 1.33 1.91 3.2 0.15 0.12 0.18 
3 0 2.16 0 0.0 0 0 0 0 3.2 0.23 3.55 0.65 1.41 0 0 1.8 0.55 0.74 0.99 1.6 0 0 0 0.32 0.55 0 1.23 3.29 3.01 2.22 0 1.97 0.31 0.63 1.79 1.33 2.96 0 1.29 0.28 0 0.48 1.91 2.45 0.18 0 0.5 1.6 0 0 0.74 0.17 3.11 0 4.33 1.06 2.35 0 1.48 0.87 0.99 3.86 2.45 0.25 0 0 0 0 0.33 0 2.27 0 0.78 0 1.21 0 
4 0.27 0.43 1.13 0 0.0 0.7 0.2 1.41 0 1.17 0.52 0.52 2.28 0 1.66 0.78 2.26 0.59 2.53 0.35 1.79 1.36 2.73 0 1.49 0 1.04 0.94 1.98 1.39 0 5.45 0 0 0.66 0 0 0 3.93 3.67 0.82 3.48 0 1.29 0 0.12 0 1.23 1.32 2.03 0 1.51 0 0.94 0 0 0 1.29 2.35 3.58 2.22 0 0.82 0 3.95 3.29 0.63 0.12 0 0 2.09 0 0 0 0.25 0.31 
5 0.98 0.55 0.32 0 0.7 0.0 3.29 1.17 1.54 1.88 6.08 0.75 4.56 0.27 1.45 0.13 4.69 0 0 0 0.74 1.65 2.73 2.71 3.26 0 1.79 0 1.23 0.56 1.65 2.35 1.8 3.8 0.78 0 0.39 0 0 0.78 2.4 2.65 3.76 1.52 0 0 0 0.12 0.89 1.8 0 1.25 0.3 1.45 2.26 1.12 6.21 1.52 3.95 0 0.3 0 1.54 0 0 0 6.59 0.4 0 0 0 0 0 0.47 0.25 2.79 
6 0 0.63 0 0 0.2 3.29 0.0 0 0.94 0.98 4.05 0 1.6 0 3.48 0 0.47 0.39 0.53 1.25 0 0.9 0 2.79 0.45 0 0.23 0.37 0.3 2.53 1.52 0 0 0.75 0.7 0.45 0 2.03 1.33 1.6 0.27 0 2.45 0 0 1.05 0 3.17 2.41 2.66 1.72 0.56 0 1.21 0 0 3.55 1.97 1.02 0.78 0 0 0.23 0 2.09 3.67 4.14 0.23 0.31 0 0 2.34 0.43 0.18 0.25 0.27 
7 0 0 2.54 0 1.41 1.17 0 0.0 0.66 2.35 1.11 0.92 0 0.32 0 2.63 0 0.7 0 0 3.67 2.28 4.14 5.57 0.72 0 0 0.99 2.28 0.4 2.35 0 1.72 1.91 0 0.31 3.76 3.39 0.63 0 1.88 0.83 0 0 2.73 0.33 0 3.29 1.79 3.67 1.37 2.16 0.74 0.49 1.79 1.72 0 2.54 0 0 4.52 0 0 0.6 5.36 1.88 2.16 0.15 0.78 4.33 1.72 0 1.69 1.33 2.92 0 
8 1.41 3.76 0.43 3.2 0 1.54 0.94 0.66 0.0 1.25 0 0 0.78 0.2 0.51 0 0 0.37 0.78 0.43 0 0 1.68 5.95 0.8 2.59 0.86 0 0 0 2.07 0 3.11 1.29 0.43 0.31 0.58 0.5 0 2.73 0.98 0.85 1.96 1.8 0.57 0.92 0 2.82 2.35 0.72 1.6 2.45 0.66 0 0.47 0.85 6.59 0.78 0 0 3.86 0 2.16 3.58 2.19 1.54 0.45 0.39 1.23 0 3.58 0.67 0.42 1.37 0 0.66 
9 0 0.62 2.09 0.23 1.17 1.88 0.98 2.35 1.25 0.0 0.59 0 0.2 0 2.22 0.83 2.16 0.99 0 3.48 0 0 4.33 1.33 0 0 1.17 0 0.72 2.59 0 2.15 0.43 1.17 1.17 0 0 3.39 2.79 0.51 0.55 2.71 0 0.68 0.74 2.28 0 0 0.72 3.17 0.18 0.33 0 1.13 0 0 1.52 0 0.55 2.71 0 0 1.52 2.73 0.92 1.6 0.55 2.35 1.09 1.0 0 0 1.14 2.16 1.6 0 
10 2.45 1.84 0 3.55 0.52 6.08 4.05 1.11 0 0.59 0.0 0.25 1.9 0 0.9 2.9 1.37 0.9 1.97 2.63 0.97 3.26 6.84 5.95 5.07 1.42 0.33 0.58 6.33 3.86 3.76 0.51 2.79 3.67 0.45 0.35 0 2.11 0.89 1.39 0.3 3.45 3.51 0 1.6 0 0 1.99 0.75 0.65 1.6 3.67 1.91 2.15 2.22 1.17 6.72 5.83 0 1.17 1.1 5.65 0 5.19 1.09 1.27 0 0.4 0 3.82 3.88 3.88 0.66 5.45 2.83 2.73 
11 0.48 0 1.68 0.65 0.52 0.75 0 0.92 0 0 0.25 0.0 0.94 0.5 0 0 5.57 0 2.83 1.11 3.2 0.89 5.55 3.51 0 0 0 0.52 3.2 0.65 5.07 1.6 1.37 4.33 2.35 1.41 0 0 0.31 2.35 0.48 1.07 1.07 2.35 1.49 4.43 0.38 0 0.73 4.71 0 3.39 1.06 0 0 1.76 5.93 4.94 0.59 0 2.39 0 0.85 1.92 0 0.27 0.12 0.42 3.39 3.76 3.57 2.35 0.78 4.61 1.84 1.21 
12 0.74 2.92 3.17 1.41 2.28 4.56 1.6 0 0.78 0.2 1.9 0.94 0.0 0 2.54 3.58 1.88 0.43 3.29 1.06 0 3.67 0.65 0.55 3.67 2.79 0.43 2.45 0 3.8 0 0.98 0.51 1.42 1.11 0.78 0 0 1.17 0 0.08 3.86 3.95 4.69 0.55 1.54 0 4.94 0.53 0.43 0 0.8 0 2.53 3.11 3.93 1.49 3.58 0 3.48 0.92 1.76 0.52 2.35 0 0.94 1.85 0.51 0.3 3.02 0 3.14 0 2.63 1.91 1.32 
13 2.07 0 0 0 0 0.27 0 0.32 0.2 0 0 0.5 0 0.0 2.07 1.04 5.19 0 2.23 0.8 0.82 1.09 1.64 0 0 2.07 2.16 0.66 2.03 0 0 4.8 0 0.6 0.22 0.27 1.02 1.23 1.33 0 3.29 2.07 0.85 2.96 2.65 0.8 0 0 1.17 0 1.99 0 0 0 0.66 5.83 7.1 0 0 2.82 0 3.58 2.16 5.32 0 0 3.48 1.69 0 0 2.54 0 2.22 1.41 0 0 
14 0.45 0 1.56 0 1.66 1.45 3.48 0 0.51 2.22 0.9 0 2.54 2.07 0.0 4.18 4.33 0.52 3.26 0 0 5.95 5.27 2.27 5.27 0 0 0 3.02 0 0.6 4.56 1.56 4.23 1.88 0.55 2.9 0 0.28 1.25 0 1.07 3.88 3.63 1.6 3.67 1.69 0 1.49 0.89 0.78 0.62 0.78 0.12 1.51 0 2.5 2.82 2.79 0 2.07 5.36 0.8 1.92 4.31 0 0.92 0 0.55 2.11 0.82 0 0 0 2.65 2.73 
15 3.42 0.67 2.45 1.8 0.78 0.13 0 2.63 0 0.83 2.9 0 3.58 1.04 4.18 0.0 1.64 1.37 1.02 0 0.62 0.35 0.62 3.14 3.57 0 3.8 0 0.47 0.17 2.41 1.0 3.02 2.22 1.88 2.45 0 0 0 4.52 0 4.71 2.96 4.33 1.84 1.65 1.29 1.9 0 4.8 3.45 2.22 0.63 1.29 0 0 0.94 0.51 0 0 0.78 2.92 1.97 1.64 0 4.42 1.88 0 0.42 0 0.99 0 1.76 2.16 0.37 0 
16 0.74 0 2.28 0.55 2.26 4.69 0.47 0 0 2.16 1.37 5.57 1.88 5.19 4.33 1.64 0.0 1.77 2.16 5.32 0 4.05 0.9 0.2 0 2.63 0 4.31 0 0 3.04 3.86 1.6 0.75 3.67 3.39 2.59 2.71 3.67 0.42 0.27 0.35 0.86 2.15 0.2 2.73 1.85 1.37 3.8 0.55 2.53 0.75 4.18 3.67 0 2.16 0 4.14 2.82 0.94 3.26 1.29 0.7 0.37 1.91 2.71 6.33 3.04 0.66 0 3.26 0 3.42 1.22 1.48 1.17 
17 0.75 0 0.7 0.74 0.59 0 0.39 0.7 0.37 0.99 0.9 0 0.43 0 0.52 1.37 1.77 0.0 1.6 0.48 0 0.53 1.91 0.45 3.29 1.54 0 0 1.09 1.02 0 1.97 0 0 0.28 2.07 0 0 3.29 0 0 0.57 3.2 0 0 0.37 1.11 2.03 0.45 1.98 1.29 0.1 0.82 1.54 2.09 0.57 4.18 0.6 1.05 0 0.83 0.63 0.94 2.41 2.59 1.21 0 0.2 0 0 0 2.83 0.99 0.33 0.42 0 
18 0 0 0 0.99 2.53 0 0.53 0 0.78 0 1.97 2.83 3.29 2.23 3.26 1.02 2.16 1.6 0.0 3.26 4.31 0 0 3.55 1.22 0 0 0 2.9 2.03 2.77 3.67 0 0.52 1.72 0.77 2.5 0 1.52 0.35 0.82 3.67 0 0 0.86 2.96 0 2.23 0 0 0.1 1.02 0.8 0.77 5.55 0 0 3.88 1.91 0 4.62 2.19 1.6 3.55 0 2.65 0 0 0 4.07 0 0 0.43 0 2.9 2.22 
19 0 4.42 1.33 1.6 0.35 0 1.25 0 0.43 3.48 2.63 1.11 1.06 0.8 0 0 5.32 0.48 3.26 0.0 0.57 2.4 0 0 6.97 1.84 0.82 1.41 0 0.94 0 0 0 1.56 0 0 0 0 1.42 0.57 1.97 0 0 0 3.86 0.35 0.2 2.16 1.85 0.83 0 0 0 0.68 0.31 2.19 7.6 0 2.35 0.28 1.72 1.92 0 4.23 0 0 2.26 1.69 0.47 1.76 0 2.65 1.13 0.7 1.37 0 
20 0 0 1.97 0 1.79 0.74 0 3.67 0 0 0.97 3.2 0 0.82 0 0.62 0 0 4.31 0.57 0.0 0.86 0 7.1 2.54 4.31 2.46 2.07 1.21 0.3 0 1.19 3.57 0.7 1.85 0 0 0.23 2.15 0 1.96 0.9 0 3.08 0 0 1.21 0 0 0 0 0 0 2.71 0.45 1.32 1.02 0.51 0 0 0.39 1.91 1.41 0 0.85 0.97 0 1.37 0 0 0.37 0.68 0.92 2.46 0 0 
21 3.42 0 0.59 0 1.36 1.65 0.9 2.28 0 0 3.26 0.89 3.67 1.09 5.95 0.35 4.05 0.53 0 2.4 0.86 0.0 0.3 1.41 0.78 0.95 3.11 1.42 0 0 0.22 1.07 0 3.04 2.54 3.58 0 0 6.72 6.21 0 0 0 0 0 0.7 1.79 0.37 0.49 1.56 0.85 3.8 0 2.77 0 0 4.94 0 4.42 0 0 0 0 3.67 0 2.23 5.65 0.48 1.88 0 0.86 1.05 1.84 0 0.75 2.26 
22 1.17 0 1.51 0 2.73 2.73 0 4.14 1.68 4.33 6.84 5.55 0.65 1.64 5.27 0.62 0.9 1.91 0 0 0 0.3 0.0 2.66 0.58 0 0 3.29 0 1.13 1.98 3.88 2.46 0.27 2.22 0.78 0 1.33 0.95 1.84 2.28 0 0.43 0.43 0.58 1.13 0.63 1.48 2.16 0.47 0 1.6 0 2.03 0 0.99 2.91 0 1.92 4.13 2.4 1.13 0 2.28 0.8 5.74 1.1 0.57 0 0 0 1.29 2.9 0 0 2.54 
23 1.21 1.13 1.54 0.32 0 2.71 2.79 5.57 5.95 1.33 5.95 3.51 0.55 0 2.27 3.14 0.2 0.45 3.55 0 7.1 1.41 2.66 0.0 0 2.22 0.57 5.57 1.02 5.19 4.05 6.59 1.66 0.25 3.76 6.21 1.8 1.96 3.2 0 0.48 1.04 1.32 0.62 2.07 4.94 5.32 5.19 3.48 1.27 2.63 2.66 4.14 6.59 2.23 0 0 0.9 5.45 4.25 3.57 1.29 0 1.14 2.91 0 5.93 1.41 3.42 5.7 5.46 6.72 2.46 0.27 1.17 1.85 
24 0 1.54 4.18 0.55 1.49 3.26 0.45 0.72 0.8 0 5.07 0 3.67 0 5.27 3.57 0 3.29 1.22 6.97 2.54 0.78 0.58 0 0.0 0.38 2.09 6.08 4.81 1.88 0 1.56 0.7 0.9 0 6.08 3.51 3.63 5.83 1.72 2.26 1.02 2.82 2.35 0.23 2.71 5.57 4.8 0.77 0.89 1.9 1.36 5.95 1.96 1.0 1.06 0 3.7 1.45 0 2.7 1.84 1.97 2.28 4.81 1.96 2.23 2.34 0.53 2.27 2.66 6.02 4.05 1.06 0 2.03 
25 1.29 3.95 0 0 0 0 0 0 2.59 0 1.42 0 2.79 2.07 0 0 2.63 1.54 0 1.84 4.31 0.95 0 2.22 0.38 0.0 0 0 0 3.14 0 1.11 0 0.6 3.76 1.56 0 4.0 1.17 0 1.17 1.84 0 0 0 0 0 0 3.26 3.29 0 1.06 4.23 0.63 2.15 0.35 3.76 0 2.16 0 0 1.02 4.23 4.31 5.55 0.55 2.46 0.58 1.45 2.66 1.24 0 1.69 0 1.92 2.16 
26 0 2.82 0 1.23 1.04 1.79 0.23 0 0.86 1.17 0.33 0 0.43 2.16 0 3.8 0 0 0 0.82 2.46 3.11 0 0.57 2.09 0 0.0 0.3 2.82 2.07 2.53 1.21 0 0.86 0 0.86 0 1.41 1.88 1.6 0.68 0.68 1.6 3.39 1.23 2.28 0.39 4.05 1.54 0 1.66 0 0.59 1.05 2.45 0 5.07 3.8 1.77 0 0.78 0.67 1.09 0 2.96 1.54 1.17 0.31 1.22 2.59 0.75 2.71 0.59 0 1.02 0.85 
27 0.99 0.58 1.88 3.29 0.94 0 0.37 0.99 0 0 0.58 0.52 2.45 0.66 0 0 4.31 0 0 1.41 2.07 1.42 3.29 5.57 6.08 0 0.3 0.0 2.45 0.75 0.23 4.52 0.63 0.48 0.66 0.63 2.26 1.79 0 2.22 0 0 0 0.68 1.41 0.56 0.31 1.79 0.86 2.65 0.75 0.43 0 2.16 0.8 2.23 0 0 1.17 0.55 0 0.55 1.72 4.43 0 0 0 1.13 0 0 0 0.48 0 0.48 0.78 0.59 
28 2.26 0.23 0.62 3.01 1.98 1.23 0.3 2.28 0 0.72 6.33 3.2 0 2.03 3.02 0.47 0 1.09 2.9 0 1.21 0 0 1.02 4.81 0 2.82 2.45 0.0 1.17 0.47 7.6 0 0.25 0 2.4 0 0 1.99 1.72 0 0 0 0.32 3.2 1.23 2.82 0.59 0.8 0 2.71 2.16 2.73 0.75 0 0 3.8 2.92 1.72 0 0 0.94 0.1 0.78 0 2.19 0 2.54 1.6 0 0.53 0 2.71 0.68 0 0 
29 0.3 0 1.51 2.22 1.39 0.56 2.53 0.4 0 2.59 3.86 0.65 3.8 0 0 0.17 0 1.02 2.03 0.94 0.3 0 1.13 5.19 1.88 3.14 2.07 0.75 1.17 0.0 0.85 0 0.67 0.43 0.86 2.26 0 0 0 0.67 0.53 2.53 0.63 2.22 0 0.51 0 1.04 0 3.86 1.84 2.45 1.13 1.21 1.29 3.7 0 0 1.41 0 0.98 0 1.36 1.97 1.64 0 2.83 0 1.41 0.86 0 0.86 3.58 0.98 0.51 2.03 
30 0.55 0 0 0 0 1.65 1.52 2.35 2.07 0 3.76 5.07 0 0 0.6 2.41 3.04 0 2.77 0 0 0.22 1.98 4.05 0 0 2.53 0.23 0.47 0.85 0.0 0 1.33 0 0.92 1.6 0.74 0.33 2.46 3.39 0 0 1.17 0 1.21 0.31 0 0.8 0.66 1.29 0.68 0.32 0.63 2.03 1.09 0 3.48 2.07 3.2 5.83 0 0 0.55 2.91 3.29 2.71 6.08 0.63 1.01 0.38 0 1.6 4.31 0.63 0.56 1.39 
31 2.28 0.9 1.96 1.97 5.45 2.35 0 0 0 2.15 0.51 1.6 0.98 4.8 4.56 1.0 3.86 1.97 3.67 0 1.19 1.07 3.88 6.59 1.56 1.11 1.21 4.52 7.6 0 0 0.0 1.48 4.42 0 2.16 0 0 1.69 0.27 3.29 3.76 2.5 5.46 1.13 1.92 0 5.93 0 0.7 1.54 0 2.71 3.8 0 2.66 5.27 3.63 0.3 2.46 0 8.87 0.94 5.95 6.78 1.17 3.29 1.41 5.45 0 1.27 0 2.03 3.2 0.94 5.07 
32 0.37 0.52 0 0.31 0 1.8 0 1.72 3.11 0.43 2.79 1.37 0.51 0 1.56 3.02 1.6 0 0 0 3.57 0 2.46 1.66 0.7 0 0 0.63 0 0.67 1.33 1.48 0.0 0 1.17 0 0 0 0 1.27 0.31 0 0.65 3.2 0.08 0 2.92 2.9 2.53 0.3 0 0 1.37 0.55 2.83 0.33 0 0 1.17 0 3.94 1.92 3.11 2.91 2.96 0.53 0 2.35 0 2.19 0 1.0 0.86 0.48 0 0.4 
33 1.6 0.75 0.94 0.63 0 3.8 0.75 1.91 1.29 1.17 3.67 4.33 1.42 0.6 4.23 2.22 0.75 0 0.52 1.56 0.7 3.04 0.27 0.25 0.9 0.6 0.86 0.48 0.25 0.43 0 4.42 0 0.0 0 0 2.03 2.22 0.7 1.91 1.29 1.69 1.69 0 0 2.26 0 0 0 0.27 1.79 0 0 2.46 0 0 2.53 3.67 1.33 5.27 0 0 0.35 0.37 2.45 1.84 0.89 0 0.74 0 0.75 2.46 1.97 0.47 0 0.27 
34 0.39 3.11 0.74 1.79 0.66 0.78 0.7 0 0.43 1.17 0.45 2.35 1.11 0.22 1.88 1.88 3.67 0.28 1.72 0 1.85 2.54 2.22 3.76 0 3.76 0 0.66 0 0.86 0.92 0 1.17 0 0.0 0.18 0.5 0 1.6 1.72 0 1.72 2.65 2.4 1.17 0.39 0.12 2.35 1.17 4.81 3.58 1.29 0 1.6 0 1.96 1.8 0.32 0.37 0 3.58 0 2.63 2.92 4.61 1.85 3.01 0.47 1.22 0.6 2.16 3.39 1.54 1.09 2.07 0.62 
35 1.69 0 2.82 1.33 0 0 0.45 0.31 0.31 0 0.35 1.41 0.78 0.27 0.55 2.45 3.39 2.07 0.77 0 0 3.58 0.78 6.21 6.08 1.56 0.86 0.63 2.4 2.26 1.6 2.16 0 0 0.18 0.0 2.46 1.37 0 2.45 1.54 3.33 0.89 4.61 0 0 0 0.58 1.13 0 1.56 0 0.2 0.27 1.41 3.02 0.92 0.98 0 1.23 0 0.78 0 1.56 0 0 0 0.2 0 0 0 0 0.86 0.63 3.11 0 
36 2.03 2.09 0 2.96 0 0.39 0 3.76 0.58 0 0 0 0 1.02 2.9 0 2.59 0 2.5 0 0 0 0 1.8 3.51 0 0 2.26 0 0 0.74 0 0 2.03 0.5 2.46 0.0 0 3.45 2.15 0 0 0 1.52 0 1.23 0 0.37 0.74 6.33 0 1.49 0.47 0.78 2.03 0 0 0.78 3.14 0 0.68 0 1.02 4.94 0 0 1.04 0.55 0 0.43 0.2 0.12 0.89 1.85 0 1.17 
37 1.97 2.34 0 0 0 0 2.03 3.39 0.5 3.39 2.11 0 0 1.23 0 0 2.71 0 0 0 0.23 0 1.33 1.96 3.63 4.0 1.41 1.79 0 0 0.33 0 0 2.22 0 1.37 0 0.0 3.2 0 0.77 0 0 0 1.99 0.7 1.72 0 0.8 6.72 0 0 1.42 0 2.45 0 5.08 0.22 0 0.83 0.68 0.42 1.85 5.32 0 3.39 0.95 0.5 1.72 0 0 0.62 0.85 2.09 1.23 0 
38 2.45 3.08 5.19 1.29 3.93 0 1.33 0.63 0 2.79 0.89 0.31 1.17 1.33 0.28 0 3.67 3.29 1.52 1.42 2.15 6.72 0.95 3.2 5.83 1.17 1.88 0 1.99 0 2.46 1.69 0 0.7 1.6 0 3.45 3.2 0.0 0.7 2.91 1.0 7.73 7.1 2.92 4.56 0.4 3.14 0.75 5.57 3.11 4.05 1.09 1.52 0.53 0.62 0.95 5.32 0.15 0.38 2.5 1.02 6.21 0 2.66 0.08 0 0 3.2 0 0 3.82 1.65 0.77 0 1.13 
39 0.86 0.63 0.57 0.28 3.67 0.78 1.6 0 2.73 0.51 1.39 2.35 0 0 1.25 4.52 0.42 0 0.35 0.57 0 6.21 1.84 0 1.72 0 1.6 2.22 1.72 0.67 3.39 0.27 1.27 1.91 1.72 2.45 2.15 0 0.7 0.0 0 2.83 6.08 0.72 1.41 4.56 0.45 0.82 5.32 0.47 1.9 1.98 3.01 1.54 0 0 1.64 6.08 0.62 3.76 2.54 2.11 3.76 1.91 3.51 1.36 3.67 0 0.47 2.31 0 0 0.47 1.41 3.86 1.54 
40 0.55 2.73 0 0 0.82 2.4 0.27 1.88 0.98 0.55 0.3 0.48 0.08 3.29 0 0 0.27 0 0.82 1.97 1.96 0 2.28 0.48 2.26 1.17 0.68 0 0 0.53 0 3.29 0.31 1.29 0 1.54 0 0.77 2.91 0 0.0 3.48 0.65 1.33 0 1.09 2.07 1.56 0 2.66 0.99 0.68 0 0 0 0 4.31 0.68 0.86 2.59 0.95 0 0 0.86 1.84 0 0 1.6 1.11 1.96 3.39 0.89 0.68 1.6 0.52 0.27 
41 1.41 0.43 0.42 0.48 3.48 2.65 0 0.83 0.85 2.71 3.45 1.07 3.86 2.07 1.07 4.71 0.35 0.57 3.67 0 0.9 0 0 1.04 1.02 1.84 0.68 0 0 2.53 0 3.76 0 1.69 1.72 3.33 0 0 1.0 2.83 3.48 0.0 0 0.07 1.25 0 0 3.58 2.22 0.82 1.52 1.06 1.8 0 3.7 2.07 0.17 0.89 0 0 3.26 0.43 0.7 1.9 0 2.54 0 1.6 1.17 0 0.9 0 0 0.63 1.09 0 
42 3.39 0.17 1.48 1.91 0 3.76 2.45 0 1.96 0 3.51 1.07 3.95 0.85 3.88 2.96 0.86 3.2 0 0 0 0 0.43 1.32 2.82 0 1.6 0 0 0.63 1.17 2.5 0.65 1.69 2.65 0.89 0 0 7.73 6.08 0.65 0 0.0 0 0 0 4.23 1.37 3.11 3.04 0 2.63 4.23 0 0 2.19 0.55 4.8 6.59 1.24 3.08 0.86 0.63 2.03 0.35 0 4.37 2.53 1.13 0 3.14 2.71 1.96 0.92 0 2.03 
43 0.52 0.56 0 2.45 1.29 1.52 0 0 1.8 0.68 0 2.35 4.69 2.96 3.63 4.33 2.15 0 0 0 3.08 0 0.43 0.62 2.35 0 3.39 0.68 0.32 2.22 0 5.46 3.2 0 2.4 4.61 1.52 0 7.1 0.72 1.33 0.07 0 0.0 0.48 3.29 0 0 3.01 0 0 2.16 0 2.11 0.92 4.8 0.68 0 5.95 0 3.08 0 0 0.43 0.23 0 2.62 1.45 2.45 0 0 0.75 5.7 0.47 0 2.82 
44 0 2.45 1.02 0.18 0 0 0 2.73 0.57 0.74 1.6 1.49 0.55 2.65 1.6 1.84 0.2 0 0.86 3.86 0 0 0.58 2.07 0.23 0 1.23 1.41 3.2 0 1.21 1.13 0.08 0 1.17 0 0 1.99 2.92 1.41 0 1.25 0 0.48 0.0 0 0 0.72 0 1.65 0 0.74 0 0 4.33 0.94 1.06 1.88 2.79 1.99 0 4.14 0.48 2.28 1.68 0 2.65 2.26 0 0 1.0 2.23 0.3 0 0.55 0.35 
45 0.23 0 1.77 0 0.12 0 1.05 0.33 0.92 2.28 0 4.43 1.54 0.8 3.67 1.65 2.73 0.37 2.96 0.35 0 0.7 1.13 4.94 2.71 0 2.28 0.56 1.23 0.51 0.31 1.92 0 2.26 0.39 0 1.23 0.7 4.56 4.56 1.09 0 0 3.29 0 0.0 0.74 0 0.35 4.81 0 0.86 0 2.54 0 3.45 2.71 1.41 3.93 4.94 0 2.54 1.36 1.85 0 0.67 1.64 0.51 1.13 0 1.66 0 2.03 0 0.86 0.47 
46 0 2.16 0 0.5 0 0 0 0 0 0 0 0.38 0 0 1.69 1.29 1.85 1.11 0 0.2 1.21 1.79 0.63 5.32 5.57 0 0.39 0.31 2.82 0 0 0 2.92 0 0.12 0 0 1.72 0.4 0.45 2.07 0 4.23 0 0 0.74 0.0 2.54 1.29 3.67 1.49 2.07 0.31 0.25 0.63 3.02 2.96 1.88 1.98 0 0 0.65 0 0 4.8 0 1.85 0.37 0 0 3.48 0 2.26 2.82 0 0.2 
47 0.43 2.63 1.6 1.6 1.23 0.12 3.17 3.29 2.82 0 1.99 0 4.94 0 0 1.9 1.37 2.03 2.23 2.16 0 0.37 1.48 5.19 4.8 0 4.05 1.79 0.59 1.04 0.8 5.93 2.9 0 2.35 0.58 0.37 0 3.14 0.82 1.56 3.58 1.37 0 0.72 0 2.54 0.0 0.1 5.57 2.07 3.93 0 0 2.92 1.14 0 2.41 5.83 0 1.05 1.51 1.23 3.11 0 2.15 7.22 2.54 2.66 0.68 0 0.8 0 0 1.39 3.04 
48 1.88 1.02 0.8 0 1.32 0.89 2.41 1.79 2.35 0.72 0.75 0.73 0.53 1.17 1.49 0 3.8 0.45 0 1.85 0 0.49 2.16 3.48 0.77 3.26 1.54 0.86 0.8 0 0.66 0 2.53 0 1.17 1.13 0.74 0.8 0.75 5.32 0 2.22 3.11 3.01 0 0.35 1.29 0.1 0.0 2.4 2.96 3.29 0.3 4.56 0 0 1.64 0.7 3.67 1.88 0 1.79 1.69 1.13 2.22 6.21 3.14 0 0.92 0.66 0 0 0 0 1.01 1.05 
49 0.47 2.28 1.6 0 2.03 1.8 2.66 3.67 0.72 3.17 0.65 4.71 0.43 0 0.89 4.8 0.55 1.98 0 0.83 0 1.56 0.47 1.27 0.89 3.29 0 2.65 0 3.86 1.29 0.7 0.3 0.27 4.81 0 6.33 6.72 5.57 0.47 2.66 0.82 3.04 0 1.65 4.81 3.67 5.57 2.4 0.0 2.28 2.15 2.59 5.95 0.92 4.05 0 5.08 4.43 3.88 2.42 5.07 1.54 1.04 4.18 3.02 0 3.11 1.02 6.33 7.73 5.36 3.93 1.23 4.18 1.09 
50 0 1.33 0 0.74 0 0 1.72 1.37 1.6 0.18 1.6 0 0 1.99 0.78 3.45 2.53 1.29 0.1 0 0 0.85 0 2.63 1.9 0 1.66 0.75 2.71 1.84 0.68 1.54 0 1.79 3.58 1.56 0 0 3.11 1.9 0.99 1.52 0 0 0 0 1.49 2.07 2.96 2.28 0.0 0.86 0 0 0 0 3.01 0 3.17 2.15 0 0 0.65 0.43 1.99 0 0 3.11 1.97 2.42 0 0 0.78 2.09 0 0.52 
51 0.18 1.11 0 0.17 1.51 1.25 0.56 2.16 2.45 0.33 3.67 3.39 0.8 0 0.62 2.22 0.75 0.1 1.02 0 0 3.8 1.6 2.66 1.36 1.06 0 0.43 2.16 2.45 0.32 0 0 0 1.29 0 1.49 0 4.05 1.98 0.68 1.06 2.63 2.16 0.74 0.86 2.07 3.93 3.29 2.15 0.86 0.0 0.98 0.52 1.49 0.6 0.43 0 0.38 2.96 0 3.11 1.17 1.52 3.39 2.28 0 0 0.62 2.46 0 0.75 0.35 0.25 0 0.18 
52 0.23 3.29 0 3.11 0 0.3 0 0.74 0.66 0 1.91 1.06 0 0 0.78 0.63 4.18 0.82 0.8 0 0 0 0 4.14 5.95 4.23 0.59 0 2.73 1.13 0.63 2.71 1.37 0 0 0.2 0.47 1.42 1.09 3.01 0 1.8 4.23 0 0 0 0.31 0 0.3 2.59 0 0.98 0.0 1.79 0.51 0.9 0.82 1.41 2.45 0 3.29 0 0 1.33 0 0 1.33 0.55 0 1.33 3.01 0.55 0 1.17 0 1.32 
53 2.07 0.8 0.6 0 0.94 1.45 1.21 0.49 0 1.13 2.15 0 2.53 0 0.12 1.29 3.67 1.54 0.77 0.68 2.71 2.77 2.03 6.59 1.96 0.63 1.05 2.16 0.75 1.21 2.03 3.8 0.55 2.46 1.6 0.27 0.78 0 1.52 1.54 0 0 0 2.11 0 2.54 0.25 0 4.56 5.95 0 0.52 1.79 0.0 0.78 0 2.27 3.93 0 0.27 0 2.11 4.14 5.57 6.12 0.22 0 1.11 0 2.07 0 0.87 2.53 0 4.94 2.35 
54 1.66 0.8 2.09 4.33 0 2.26 0 1.79 0.47 0 2.22 0 3.11 0.66 1.51 0 0 2.09 5.55 0.31 0.45 0 0 2.23 1.0 2.15 2.45 0.8 0 1.29 1.09 0 2.83 0 0 1.41 2.03 2.45 0.53 0 0 3.7 0 0.92 4.33 0 0.63 2.92 0 0.92 0 1.49 0.51 0.78 0.0 0 0 0.55 2.03 0 0.62 0 2.59 0.8 5.93 2.03 1.97 2.07 1.17 0.67 0 0 0 0 0 0.45 
55 0 0 0 1.06 0 1.12 0 1.72 0.85 0 1.17 1.76 3.93 5.83 0 0 2.16 0.57 0 2.19 1.32 0 0.99 0 1.06 0.35 0 2.23 0 3.7 0 2.66 0.33 0 1.96 3.02 0 0 0.62 0 0 2.07 2.19 4.8 0.94 3.45 3.02 1.14 0 4.05 0 0.6 0.9 0 0 0.0 0 4.25 3.93 0 0 2.7 0 2.53 6.12 2.46 0 0 1.8 0 1.39 3.17 1.02 0 0.97 2.71 
56 0.62 0.27 3.8 2.35 0 6.21 3.55 0 6.59 1.52 6.72 5.93 1.49 7.1 2.5 0.94 0 4.18 0 7.6 1.02 4.94 2.91 0 0 3.76 5.07 0 3.8 0 3.48 5.27 0 2.53 1.8 0.92 0 5.08 0.95 1.64 4.31 0.17 0.55 0.68 1.06 2.71 2.96 0 1.64 0 3.01 0.43 0.82 2.27 0 0 0.0 3.63 6.08 4.56 7.73 0 3.04 1.77 0.35 0 0 3.95 0 4.52 2.42 2.19 1.76 1.98 1.33 0 
57 2.63 0.72 3.67 0 1.29 1.52 1.97 2.54 0.78 0 5.83 4.94 3.58 0 2.82 0.51 4.14 0.6 3.88 0 0.51 0 0 0.9 3.7 0 3.8 0 2.92 0 2.07 3.63 0 3.67 0.32 0.98 0.78 0.22 5.32 6.08 0.68 0.89 4.8 0 1.88 1.41 1.88 2.41 0.7 5.08 0 0 1.41 3.93 0.55 4.25 3.63 0.0 0.68 1.45 0 3.29 0 4.23 0 0 5.7 0 2.54 1.66 0.74 0 2.71 0 0 3.29 
58 0 2.59 2.09 1.48 2.35 3.95 1.02 0 0 0.55 0 0.59 0 0 2.79 0 2.82 1.05 1.91 2.35 0 4.42 1.92 5.45 1.45 2.16 1.77 1.17 1.72 1.41 3.2 0.3 1.17 1.33 0.37 0 3.14 0 0.15 0.62 0.86 0 6.59 5.95 2.79 3.93 1.98 5.83 3.67 4.43 3.17 0.38 2.45 0 2.03 3.93 6.08 0.68 0.0 0 0 6.84 5.19 3.39 3.7 0.55 2.53 0 1.66 2.19 0.97 0 0.47 4.81 0.67 1.42 
59 0.63 2.46 4.71 0.87 3.58 0 0.78 0 0 2.71 1.17 0 3.48 2.82 0 0 0.94 0 0 0.28 0 0 4.13 4.25 0 0 0 0.55 0 0 5.83 2.46 0 5.27 0 1.23 0 0.83 0.38 3.76 2.59 0 1.24 0 1.99 4.94 0 0 1.88 3.88 2.15 2.96 0 0.27 0 0 4.56 1.45 0 0.0 2.35 0 5.55 7.6 7.53 0 0.92 0 0 0 3.45 0 0.58 2.27 6.72 1.56 
60 0 2.77 0.58 0.99 2.22 0.3 0 4.52 3.86 0 1.1 2.39 0.92 0 2.07 0.78 3.26 0.83 4.62 1.72 0.39 0 2.4 3.57 2.7 0 0.78 0 0 0.98 0 0 3.94 0 3.58 0 0.68 0.68 2.5 2.54 0.95 3.26 3.08 3.08 0 0 0 1.05 0 2.42 0 0 3.29 0 0.62 0 7.73 0 0 2.35 0.0 0 2.28 0.85 0 2.62 0 3.95 2.34 0 0.25 0.31 2.46 0 0.47 0 
61 3.2 0.35 1.23 3.86 0 0 0 0 0 0 5.65 0 1.76 3.58 5.36 2.92 1.29 0.63 2.19 1.92 1.91 0 1.13 1.29 1.84 1.02 0.67 0.55 0.94 0 0 8.87 1.92 0 0 0.78 0 0.42 1.02 2.11 0 0.43 0.86 0 4.14 2.54 0.65 1.51 1.79 5.07 0 3.11 0 2.11 0 2.7 0 3.29 6.84 0 0 0.0 0.25 3.55 1.29 0 0 3.48 0.45 0.55 1.85 0 0.9 1.23 0 2.92 
62 1.36 0.49 0 2.45 0.82 1.54 0.23 0 2.16 1.52 0 0.85 0.52 2.16 0.8 1.97 0.7 0.94 1.6 0 1.41 0 0 0 1.97 4.23 1.09 1.72 0.1 1.36 0.55 0.94 3.11 0.35 2.63 0 1.02 1.85 6.21 3.76 0 0.7 0.63 0 0.48 1.36 0 1.23 1.69 1.54 0.65 1.17 0 4.14 2.59 0 3.04 0 5.19 5.55 2.28 0.25 0.0 0 0.35 3.26 5.46 0.43 0.92 0 0 0.53 0.67 0 0 1.17 
63 2.79 0 0.99 0.25 0 0 0 0.6 3.58 2.73 5.19 1.92 2.35 5.32 1.92 1.64 0.37 2.41 3.55 4.23 0 3.67 2.28 1.14 2.28 4.31 0 4.43 0.78 1.97 2.91 5.95 2.91 0.37 2.92 1.56 4.94 5.32 0 1.91 0.86 1.9 2.03 0.43 2.28 1.85 0 3.11 1.13 1.04 0.43 1.52 1.33 5.57 0.8 2.53 1.77 4.23 3.39 7.6 0.85 3.55 0 0.0 0 4.71 6.97 0 0 4.94 1.96 1.8 2.03 1.14 0.86 0.82 
64 2.65 0 1.79 0 3.95 0 2.09 5.36 2.19 0.92 1.09 0 0 0 4.31 0 1.91 2.59 0 0 0.85 0 0.8 2.91 4.81 5.55 2.96 0 0 1.64 3.29 6.78 2.96 2.45 4.61 0 0 0 2.66 3.51 1.84 0 0.35 0.23 1.68 0 4.8 0 2.22 4.18 1.99 3.39 0 6.12 5.93 6.12 0.35 0 3.7 7.53 0 1.29 0.35 0 0.0 0 1.32 0.78 2.22 0.58 1.99 2.71 3.57 0.37 2.73 3.76 
65 0.52 0 4.33 0 3.29 0 3.67 1.88 1.54 1.6 1.27 0.27 0.94 0 0 4.42 2.71 1.21 2.65 0 0.97 2.23 5.74 0 1.96 0.55 1.54 0 2.19 0 2.71 1.17 0.53 1.84 1.85 0 0 3.39 0.08 1.36 0 2.54 0 0 0 0.67 0 2.15 6.21 3.02 0 2.28 0 0.22 2.03 2.46 0 0 0.55 0 2.62 0 3.26 4.71 0 0.0 0 2.63 0.63 2.58 3.94 2.54 1.69 4.8 1.96 2.09 
66 0 1.02 4.71 0 0.63 6.59 4.14 2.16 0.45 0.55 0 0.12 1.85 3.48 0.92 1.88 6.33 0 0 2.26 0 5.65 1.1 5.93 2.23 2.46 1.17 0 0 2.83 6.08 3.29 0 0.89 3.01 0 1.04 0.95 0 3.67 0 0 4.37 2.62 2.65 1.64 1.85 7.22 3.14 0 0 0 1.33 0 1.97 0 0 5.7 2.53 0.92 0 0 5.46 6.97 1.32 0 0.0 0 0 1.14 1.07 0 3.17 2.19 6.84 3.58 
67 0.2 2.82 1.69 0 0.12 0.4 0.23 0.15 0.39 2.35 0.4 0.42 0.51 1.69 0 0 3.04 0.2 0 1.69 1.37 0.48 0.57 1.41 2.34 0.58 0.31 1.13 2.54 0 0.63 1.41 2.35 0 0.47 0.2 0.55 0.5 0 0 1.6 1.6 2.53 1.45 2.26 0.51 0.37 2.54 0 3.11 3.11 0 0.55 1.11 2.07 0 3.95 0 0 0 3.95 3.48 0.43 0 0.78 2.63 0 0.0 0 3.58 3.67 1.52 0 2.35 0.37 0.27 
68 0.12 0.32 0.12 0.33 0 0 0.31 0.78 1.23 1.09 0 3.39 0.3 0 0.55 0.42 0.66 0 0 0.47 0 1.88 0 3.42 0.53 1.45 1.22 0 1.6 1.41 1.01 5.45 0 0.74 1.22 0 0 1.72 3.2 0.47 1.11 1.17 1.13 2.45 0 1.13 0 2.66 0.92 1.02 1.97 0.62 0 0 1.17 1.8 0 2.54 1.66 0 2.34 0.45 0.92 0 2.22 0.63 0 0 0.0 0 0 0 3.42 1.32 1.65 0.07 
69 0 0 0 0 0 0 0 4.33 0 1.0 3.82 3.76 3.02 0 2.11 0 0 0 4.07 1.76 0 0 0 5.7 2.27 2.66 2.59 0 0 0.86 0.38 0 2.19 0 0.6 0 0.43 0 0 2.31 1.96 0 0 0 0 0 0 0.68 0.66 6.33 2.42 2.46 1.33 2.07 0.67 0 4.52 1.66 2.19 0 0 0.55 0 4.94 0.58 2.58 1.14 3.58 0 0.0 0.63 0.55 2.23 1.17 0 0.57 
70 0 0 1.33 2.27 2.09 0 0 1.72 3.58 0 3.88 3.57 0 2.54 0.82 0.99 3.26 0 0 0 0.37 0.86 0 5.46 2.66 1.24 0.75 0 0.53 0 0 1.27 0 0.75 2.16 0 0.2 0 0 0 3.39 0.9 3.14 0 1.0 1.66 3.48 0 0 7.73 0 0 3.01 0 0 1.39 2.42 0.74 0.97 3.45 0.25 1.85 0 1.96 1.99 3.94 1.07 3.67 0 0.63 0.0 0 2.35 0 1.09 0 
71 2.4 0 1.91 0 0 0 2.34 0 0.67 0 3.88 2.35 3.14 0 0 0 0 2.83 0 2.65 0.68 1.05 1.29 6.72 6.02 0 2.71 0.48 0 0.86 1.6 0 1.0 2.46 3.39 0 0.12 0.62 3.82 0 0.89 0 2.71 0.75 2.23 0 0 0.8 0 5.36 0 0.75 0.55 0.87 0 3.17 2.19 0 0 0 0.31 0 0.53 1.8 2.71 2.54 0 1.52 0 0.55 0 0.0 0 0 0 0 
72 2.53 3.76 3.2 0.78 0 0 0.43 1.69 0.42 1.14 0.66 0.78 0 2.22 0 1.76 3.42 0.99 0.43 1.13 0.92 1.84 2.9 2.46 4.05 1.69 0.59 0 2.71 3.58 4.31 2.03 0.86 1.97 1.54 0.86 0.89 0.85 1.65 0.47 0.68 0 1.96 5.7 0.3 2.03 2.26 0 0 3.93 0.78 0.35 0 2.53 0 1.02 1.76 2.71 0.47 0.58 2.46 0.9 0.67 2.03 3.57 1.69 3.17 0 3.42 2.23 2.35 0 0.0 4.56 0 2.16 
73 0.33 0.31 0.15 0 0 0.47 0.18 1.33 1.37 2.16 5.45 4.61 2.63 1.41 0 2.16 1.22 0.33 0 0.7 2.46 0 0 0.27 1.06 0 0 0.48 0.68 0.98 0.63 3.2 0.48 0.47 1.09 0.63 1.85 2.09 0.77 1.41 1.6 0.63 0.92 0.47 0 0 2.82 0 0 1.23 2.09 0.25 1.17 0 0 0 1.98 0 4.81 2.27 0 1.23 0 1.14 0.37 4.8 2.19 2.35 1.32 1.17 0 0 4.56 0.0 0.8 1.69 
74 0.33 1.69 0.12 1.21 0.25 0.25 0.25 2.92 0 1.6 2.83 1.84 1.91 0 2.65 0.37 1.48 0.42 2.9 1.37 0 0.75 0 1.17 0 1.92 1.02 0.78 0 0.51 0.56 0.94 0 0 2.07 3.11 0 1.23 0 3.86 0.52 1.09 0 0 0.55 0.86 0 1.39 1.01 4.18 0 0 0 4.94 0 0.97 1.33 0 0.67 6.72 0.47 0 0 0.86 2.73 1.96 6.84 0.37 1.65 0 1.09 0 0 0.8 0.0 0 
75 0 1.42 0.18 0 0.31 2.79 0.27 0 0.66 0 2.73 1.21 1.32 0 2.73 0 1.17 0 2.22 0 0 2.26 2.54 1.85 2.03 2.16 0.85 0.59 0 2.03 1.39 5.07 0.4 0.27 0.62 0 1.17 0 1.13 1.54 0.27 0 2.03 2.82 0.35 0.47 0.2 3.04 1.05 1.09 0.52 0.18 1.32 2.35 0.45 2.71 0 3.29 1.42 1.56 0 2.92 1.17 0.82 3.76 2.09 3.58 0.27 0.07 0.57 0 0 2.16 1.69 0 0.0 

;