set O:= 0;
set N:= 1 2 3 4 5 6 7 8 9 10 11 12 13 14 15 16 17 18 19 20 21 22 23 24 25 26 27 28 29 30 31 32 33 34 35 36 37 38 39 40 41 42 43 44 45 46 47 48 49 50 51 52 53 54 55 56 57 58 59 60 61 62 63 64 65 66 67 68 69 70 71 72 73 74 75;
set K:= 1 2 3 4 5 6 7 8;
param V:= 8;
param cp:= 180;
param dm:= 5.0;
param o:=
0 0
1 18
2 26
3 11
4 30
5 21
6 19
7 15
8 16
9 29
10 26
11 37
12 16
13 12
14 31
15 8
16 19
17 20
18 13
19 15
20 22
21 28
22 12
23 6
24 27
25 14
26 18
27 17
28 29
29 13
30 22
31 25
32 28
33 27
34 19
35 10
36 12
37 14
38 24
39 16
40 33
41 15
42 11
43 18
44 17
45 21
46 27
47 19
48 20
49 5
50 22
51 12
52 19
53 22
54 16
55 7
56 26
57 14
58 21
59 24
60 13
61 15
62 18
63 11
64 28
65 9
66 37
67 30
68 10
69 8
70 11
71 3
72 1
73 6
74 10
75 20
;
param c[*,*]
: 0 1 2 3 4 5 6 7 8 9 10 11 12 13 14 15 16 17 18 19 20 21 22 23 24 25 26 27 28 29 30 31 32 33 34 35 36 37 38 39 40 41 42 43 44 45 46 47 48 49 50 51 52 53 54 55 56 57 58 59 60 61 62 63 64 65 66 67 68 69 70 71 72 73 74 75:=
0 0 6 5 5 5 11 3 5 5416 10 38 13 9 7944 12 9749 7 2889 12 9 16 9749 22 9 9 48 2 23 8666 7 6 27 16 4747 7 6499 11915 11554 38 10 20 16 7994 9 6 6 4 10 29 9 12 4 6 7944 39 19 9 40 7 17 17 12277 32 6143 38 14 13 4 3 17 15 14082 7222 9 8 1 
1 6 0 4 6422 7 9 7 9 8882 10 13 12 28 9 12 11 4 5 14 10436 12 5 2 11 14 15165 6661 10 4 7 5 22 9 2234 7328 11 7550 8438 22 9 6439 5 3 1332 7259 7 31 6217 12 5026 25 20 7772 13 13 18 4 12 19 28 9992 6 7 2 4 12 17 6661 5 8 11 9 36 4 3997 20 
2 5 4 0 7 4333 6 3 5995 7 12277 14 24 9027 6 22 29 5026 13 16 15 8935 5 4467 11 9214 17 7 4441 11 14 2 23 11 2792 8 6661 8 9 11448 14 9 7 21 5 29 3109 5 19 7 15 14 4 5 13 30 23 6661 6439 25 13960 20 22 2 9 26 12844 13960 6499 3 7 38 8655 49 3 2 5 
3 5 6422 7 0 8 12 6 8 9493 8 7818 22 17 13 12 51 5 3350 5777 23 19 11 9 6 5 7 5584 9772 8935 10051 8 23 9 18 32 19 13402 17 12 5 3 10 35 7259 838 9 10 46 13 3 4333 6 9214 13 12844 39 28 16 13 29 33 11448 7259 5 12 13 14 7 11 14 65 19 7 7 35 6 
4 5 7 4333 8 0 8 5 5416 6 43 12 14 6499 7 39 9 27 11 14804 9 10471 16 10471 8 13 18 3972 3611 7583 3972 3 15526 12 5 2528 6 12 9 11193 10471 30 8216 8 15 8 3 4 14 20 18 13 4467 3 17 9 20 9 15 36 13721 12999 12 15 7 9326 12638 17 3 3 11 12277 13 9 8 6 7 
5 11 9 6 12 8 0 9388 17 28 54 13402 14 10051 6 13 2 10331 12 23 9 3350 3630 8097 20 30 23 21 4 22 7 3630 27 51 8376 11 9 11 2 13 15 10889 38 8882 17 15 3 7 2 1954 16 19 11 6 13 6701 48 10880 3350 47 13 10 6 28 10 9 14 14519 11 8 4 6 5 12 10 5 7944 
6 3 7 3 6 5 9388 0 9 17 36 11554 14 25 12 13360 11 4 7 23 23 15 10 9 4885 8 14 6 10 8 7222 4333 15 8 2234 13 12 11 11915 15 19 12 6 5773 5 5 12 8 9027 6860 5863 10110 1675 8 22 14 19 6217 23 12 21 17 10 6 4 30 14082 15887 6 7 14 17 13721 10 5 6 5 
7 5 9 5995 8 5416 17 9 0 1554 5551 16 13 4 5 3 7818 9 13 15 3 10889 33 9770 9770 13 14 3 14 33 7 5551 12 25 35 2 4 11168 10051 7 5 4441 14 12 11 8097 6 2 9772 32 44 25 6422 11 7 4219 32 11 5995 3 5 13402 11 8 11 12657 4441 5107 4 14 12844 25 13 3997 15 6883 6 
8 5416 8882 7 9493 6 28 17 1554 0 14 6 4 9 3 6 6 10 10 21 6 9 8 19 10436 15 61 20 2 8 4 4885 16 7328 18 6 4 12 10 5 6439 11 14 22 20 12 13 1 8376 6980 13 30 7259 1554 3 5 23 11546 9 5 5 11448 11 31 42 25 22 7 7 29 11 10610 14 7 16 7 12 
9 10 10 12277 8 43 54 36 5551 14 0 7 13 5 10 12999 28 26 5777 8 8216 21 22 16609 9 7 5 6860 8 19 9326 17 6138 2528 34 13 7 20 15356 7944 1444 3250 39 11 11 3350 8216 7 16 24 6980 8 11 9 42 11 9 11 14 6 15887 23 19 28 32 15 9388 24 9027 40 34 18 18 3250 51 59 9 
10 38 13 14 7818 12 13402 11554 16 6 7 0 6 5416 8 10 26 12 10 23 6217 32 38 19498 10436 11168 17 8 10 18054 36 58 6 7944 44 7 6 16 60 2528 3972 7 25 25 12 15 8 6 18 14 12 19 8097 28 6138 32 14 11769 10214 2 14 37 87 17 11448 16 3611 6 11 12 17311 17590 17590 10 15526 33 42 
11 13 12 24 22 14 14 14 13 4 13 6 0 11 8 3 11 12285 12 16609 16 14519 16 16473 25 15 17 8 9 58 10 11168 19 51 12844 5551 3331 17 17 2 36 21 18 18 27 42 7772 6 14 14 56 15 10051 12 2 6 65 56 8660 7 3 68 17 18 17 16 6 3 11 12999 17032 16194 67 9 13681 16 22 
12 9 28 9027 17 6499 10051 25 4 9 5 5416 11 0 7 39 42 22 5 9388 12 15 56 16 8 8097 7944 5 5773 13 6661 9 11 6 13 16 9 13 12 14 4 2 36 37 8216 5 11 4 10889 10 8 7 7 6 7222 7328 11193 11 34 4 53 31 20 12 28 11 11 22 9 7 13681 18 14240 3 40 22 20 
13 7944 9 6 13 7 6 12 5 3 10 8 8 7 0 4885 3071 11448 12 41 12 12 12 19 11 15 38 8305 1554 29 3 5 18415 11 13 4 4 15 22 15 10 7772 24 14 43 48 12 3 6 21 14 37 10 2 6 1554 22387 12435 2 8 6661 10 8438 31 11727 14 8 8216 6499 9 9 7539 9 32 16 6 8 
14 12 12 22 12 39 13 13360 3 6 12999 10 3 39 4885 0 9214 51 14 19137 2 15 13123 15636 16 63 16 8 5 55 7 11 12999 58 12564 4441 8 13123 12 4 14 12 18 56 52 46 6439 3997 12 13 16 34 13 9 3 3553 24 18 27 7944 2 59 15915 17 17 62 5 3331 9 15 60 27 16 10 13 24 10471 
15 9749 11 29 51 9 2 11 7818 6 28 26 11 42 3071 9214 0 15 16 44 7 2792 7 13 23 32 22 10832 3 10 3 5305 24 13681 20 5584 7259 4 3 12 54 14 11102 43 10214 52 3630 23 4188 4 57 20220 20 9 12 5 25 14 1117 12 11 22 8655 36 15 12 52 17 9 10 7 4467 5 16 39 7 9 
16 7 4 5026 5 27 10331 4 9 10 26 12 12285 22 11448 51 15 0 3909 33 11727 14 8935 8 4 4 40 6 9493 7 9 6701 59 19 9 8097 40 23 25 44 8 5 7 8 4747 4 32 17 12 8376 5 7222 9 9214 44 13 25 5 49 34 17 30 12 6 3 17 25 13960 6701 6 12 30 14 7539 15 13 11 
17 2889 5 13 3350 11 12 7 13 10 5777 10 12 5 12 14 16 3909 0 9388 13 18 13 45 7 7259 9027 3 10 20 12 7 23 5 5 8 7944 18 14 9388 6 2 9 7550 7 4 9 26 24 11 23 7583 2 15 36 49 25 7328 14 12 17 36 17 17 5305 37 22 13 5 4 19 19 16609 12 9 10 3 
18 12 14 16 5777 14804 23 23 15 21 8 23 16609 9388 41 19137 44 33 9388 0 77 25275 20 17 10110 19 4 12 18 68 75 16248 10471 5 22 32 21 92 26 18 8 30 14082 15 15 5055 17332 18 82 23 6 4 38 22 33 21303 6 11 22748 22 22 27081 40 30 10110 18 15526 23 14 17 23831 27 32 10 13 16971 12999 
19 9 10436 15 23 9 9 23 3 6 8216 6217 16 12 12 2 7 11727 13 77 0 12 35 12 12 15356 34 15 3331 10 11 7 15 10 22 3 2 11 10 20 9 28 14 13 12 11448 6 3 39 34 16 19 11 3 10 4 40 13323 5 5551 5 25 22 10 50 16 6 5329 6499 13 25 12 48 13 12 16 9 
20 16 12 8935 19 10471 3350 15 10889 9 21 32 14519 15 12 15 2792 14 18 25275 12 0 25 12 12435 23 25275 14443 6143 35 10 8 51 16194 23 34 10 4 7 61 16 56 24 11 11102 20 7 17 4 7 16 30 14 7 12285 9 57 15 15 16 14 11 8655 40 13 23 32 16 25 13 6 1675 3071 31 11168 7 12 
21 9749 5 5 11 16 3630 10 33 8 22 38 16 56 12 13123 7 8935 13 20 35 25 0 6 10 15 41 48 20 3 3 4 26 16 6701 5995 8438 3 5 14798 17693 16 7 7 6 14 5 26 3 4 14 37 8376 6 25 9 24 8660 6 68 16 7 3 4 8097 7 20 67 13 29 3 25 4747 21 6 9 35 
22 22 2 4467 9 10471 8097 9 9770 19 16609 19498 16473 16 19 15636 13 8 45 17 12 12 6 0 4663 11 18 13 7772 3 13 5863 45 58 6 32 13 10 38 18 21 53 3 5 5 12 13 11 27 6422 9 16 29 8 29 11 27 5107 9 22 75 10889 3350 2 5026 12 17032 23 15 9 9 12 37 34 3 5 9749 
23 9 11 11 6 8 20 4885 9770 10436 9 10436 25 8 11 16 23 4 7 10110 12 12435 10 4663 0 4 26 8 9770 7 9104 7106 18776 12 5 36 10880 13 14 23 8 7 10 12 4 25 8660 9326 9104 33 2792 40 5863 39 11546 16 15 1 13 9548 31 26 9 4 2513 5107 13 56 10 5995 9992 52 11769 18 4 8 13 
24 9 14 9214 5 13 30 8 13 15 7 11168 15 8097 15 63 32 4 7259 19 15356 23 15 11 4 0 9 19 13402 10610 17 11 18 6 8 12 13402 32 33 12844 16 27 9 34 28 4 25 12285 57 14 1954 5416 12 13123 17 19 12 5 34 13 18 24 16 18 5026 10610 17 20 21 10 20 24 71 8935 9 11 18 
25 48 15165 17 7 18 23 14 14 61 5 17 17 7944 38 16 22 40 9027 4 34 25275 41 18 26 9 0 11 19 20 18415 17 13 5 26 14443 29 29 23470 14 5 6860 34 20 18 7 21 14 24 19137 9388 3 39 16248 27 40 13 58 22 33 24 27 28 16248 12277 21303 24 14443 16 53 98 53 26 26 15 71 12638 
26 2 6661 7 5584 3972 21 6 3 20 6860 8 8 5 8305 8 10832 6 3 12 15 14443 48 13 8 19 11 0 8 10832 32 7222 14 8 12 4 20 17 52 29 25 3972 11 18 7994 5584 6499 7 11554 18 8 9749 4 11 25 9388 18 8882 10832 5055 14 34 18 20 7 43 36 22 7 4694 15165 32 15887 7 9 12 3250 
27 23 10 4441 9772 3611 4 10 14 2 8 10 9 5773 1554 5 3 9493 10 18 3331 6143 20 7772 9770 13402 19 8 0 5773 1776 4 17332 11 10 1554 7 6701 5305 7 32 6 11 11 11 20 1332 4 5305 16 24 20 9 1 5107 12 41 11 3 13 9 9 9 25 9772 11 8 8 4333 6 8 8 10 7 8 9 11 
28 8666 4 11 8935 7583 22 8 33 8 19 18054 58 13 29 55 10 7 20 68 10 35 3 3 7 10610 20 10832 5773 0 17 7 21665 16 5 7 35 5 8 18 20 14 6 5 5 9493 18 6661 8 15 9 64 6422 6439 16 9 24 6661 6883 20 18 9 2792 2 7 5 31 17 9749 6138 5 18 8 32 12 2 8 
29 7 7 14 10051 3972 7 7222 7 4 9326 36 10 6661 3 7 3 9 12 75 11 10 3 13 9104 17 18415 32 1776 17 0 8 19 18 8 12 5329 5 4 9 10 14 36 11 32 12 888 4 12 2 46 68 29 2665 9 19 21665 10 3 10 9 28 6 20 18 19 10 20 7 22 25 8 25 34 11 4 5777 
30 6 5 2 8 3 3630 4333 5551 4885 17 58 11168 9 5 11 5305 6701 7 16248 7 8 4 5863 7106 11 17 7222 4 7 8 0 18 49 5 13 23 21 11 22 52 11 8 13 7 35 2 4 7 8 12 30 6 7 18 12 25 33 20 49 12844 10 7 8 6422 7772 25 13402 12 2889 13 9 7259 12277 9 7 3972 
31 27 22 23 23 15526 27 15 12 16 6138 6 19 11 18415 12999 24 59 23 10471 15 51 26 45 18776 18 13 14 17332 21665 19 18 0 17 68 16 51 31 27 26 6 9388 44 29 84 13 22 16 91 21 17 18 13 64 10832 18 7583 81 43 7 29 32 25275 22 16971 104 14 9388 26 15526 27 55 27 5777 38 22 14443 
32 16 9 11 9 12 51 8 25 7328 2528 7944 51 6 11 58 13681 19 5 5 10 16194 16 58 12 6 5 8 11 16 18 49 17 0 7 13 7 16 18 10 3611 12 8 11 7550 3 10 6883 13123 11448 6 3 5 16 24 41 14 7 11 14 22 17869 35 11915 6422 43 23 14 9027 9 63 22 34 10 13 17 17 
33 4747 2234 2792 18 5 8376 2234 35 18 34 44 12844 13 13 12564 20 9 5 22 22 23 6701 6 5 8 26 12 10 5 8 5 68 7 0 8 10 9214 10051 13 17 5863 5026 5026 4 6 27 9 8 6 5 10471 3 8 45 12 18 5584 44 12 15636 13 8 5 3 7259 26 18 6 13 12 25 11168 18 1396 4 6 
34 7 7328 8 32 2528 11 13 2 6 13 7 5551 16 4 4441 5584 8097 8 32 3 34 5995 32 36 12 14443 4 1554 7 12 13 16 13 8 0 3 10 8 23 25 5 20 38 35 17 4 2 6980 21 10610 13721 23 1 3775 4 36 13 5 6 8 10610 8 6217 35 10880 27 7106 1805 4694 13 39 10051 22 12 4885 14 
35 6499 11 6661 19 6 9 12 4 4 7 6 3331 9 4 8 7259 40 7944 21 2 10 8438 13 10880 13402 29 20 7 35 5329 23 51 7 10 3 0 45 20 4 5773 22 48 15 10880 9 4 2 12 16 12 29 8 3 3 3331 71 14 11 4 18 13 13 9 14 15 5 5 5 9 14 13 14 10 11 7328 7 
36 11915 7550 8 13402 12 11 11 11168 12 20 16 17 13 15 13123 4 23 18 92 11 4 3 10 13 32 29 17 6701 5 5 21 31 16 9214 10 45 0 2 15636 61 13 12 9 35 14 5584 10 1675 3350 13960 27 42 10 26 37 27 11 22 14240 16 3071 5 29 10889 10 19 35 15 10 1954 7 4 30 8376 5 43 
37 11554 8438 9 17 9 2 11915 10051 10 15356 60 17 12 22 12 3 25 14 26 10 7 5 38 14 33 23470 52 5305 8 4 11 27 18 10051 8 20 2 0 14519 19 26 13 11 11 57 20 31 3 3630 14798 22 14 26 13 7259 33 48 7 17 28 3071 14 8376 11727 11 15356 32 14 10110 4 3 2792 28 9493 5584 12 
38 38 22 11448 12 11193 13 15 7 5 7944 2528 2 14 15 4 12 44 9388 18 20 61 14798 18 23 12844 14 29 7 18 9 22 26 10 13 23 4 15636 14519 0 8 8305 15 13545 12435 35 7994 7 28 14 12285 48 8935 12 2665 9 15 14 9326 4 6 71 19 13681 13 19 1 2 9 49 17 17 17311 4694 14 13 13 
39 10 9 14 5 10471 15 19 5 6439 1444 3972 36 4 10 14 54 8 6 8 9 16 17693 21 8 16 5 25 32 20 10 52 6 3611 17 25 5773 61 19 8 0 4 20 10658 11 17 7994 7 15 11727 9 5416 23 7106 18 9 8 12 10658 7 58 73 24 58 17 25 16 10471 9 11 66 18 19 7 16 59 18 
40 20 6439 9 3 30 10889 12 4441 11 3250 7 21 2 7772 12 14 5 2 30 28 56 16 53 7 27 6860 3972 6 14 14 11 9388 12 5863 5 22 13 26 8305 4 0 8216 11 15 3 25 4885 45 9 5863 5777 3071 6 10 9 11 7550 18 10 15165 32 18 12 8 21 11 12 6138 6499 56 15356 30 8 38 22 12 
41 16 5 7 10 8216 38 6 14 14 39 25 18 36 24 18 11102 7 9 14082 14 24 7 3 10 9 34 11 11 6 36 8 44 8 5026 20 48 12 13 15 20 8216 0 1 1 18 9 11 8438 32 7 28 15 20 13 53 38 2 15 11 18 11769 7 8 4188 3 29 18 18 13 9 24 11 11 7 12 8 
42 7994 3 21 35 8 8882 5773 12 22 11 25 18 37 14 56 43 8 7550 15 13 11 7 5 12 34 20 18 11 5 11 13 29 11 5026 38 15 9 11 13545 10658 11 1 0 1 11 8 9992 16 7328 6701 17 7818 9992 14 13 40 4 11324 11546 21 11102 10 7 4467 4 15 63 36 13 8 11324 9770 14 13 6 29 
43 9 1332 5 7259 15 17 5 11 20 11 12 27 8216 43 52 10214 4747 7 15 12 11102 6 5 4 28 18 7994 11 5 32 7 84 7550 4 35 10880 35 11 12435 11 15 1 1 0 10 7772 9 8 7106 5 13 6422 10 24 15 18415 5 12 10436 16 11102 6 3 4 4 15 30 16 5773 8 13 20 9992 5 6 6661 
44 6 7259 29 838 8 15 5 8097 12 3350 15 42 5 48 46 52 4 4 5055 11448 20 14 12 25 4 7 5584 20 9493 12 35 13 3 6 17 9 14 57 35 17 3 18 11 10 0 9 8 24 13 3630 4 3350 11 10 12844 35 9 54 6143 57 21 12285 10 5026 24 11 12006 6701 7 16 34 64 6 7 18 12 
45 6 7 3109 9 3 3 12 6 13 8216 8 7772 11 12 6439 3630 32 9 17332 6 7 5 13 8660 25 21 6499 1332 18 888 2 22 10 27 4 4 5584 20 7994 7994 25 9 8 7772 9 0 11 4 3 10610 17 8 2 24 5 20220 20 13 6883 8660 9 5995 20 17 10 10 12 9 17 9 7539 9 15 5 6 5 
46 4 31 5 10 4 7 8 2 1 7 6 6 4 3 3997 23 17 26 18 3 17 26 11 9326 12285 14 7 4 6661 4 4 16 6883 9 2 2 10 31 7 7 4885 11 9992 9 8 11 0 7539 23 44 27 6143 4 4 7 71 21 4441 4663 6 11 11 7 9 11324 6 27 9 6 12 10331 11 5329 6661 6 5 
47 10 6217 19 46 14 2 9027 9772 8376 16 18 14 10889 6 12 4188 12 24 82 39 4 3 27 9104 57 24 11554 5305 8 12 7 91 13123 8 6980 12 1675 3 28 15 45 8438 16 8 24 4 7539 0 2 12285 77 8655 6 12 8655 49 10 5305 12844 15 4747 4467 22 37 9 19 15915 9749 7583 3071 5 3630 13 7 3071 8666 
48 29 12 7 13 20 1954 6860 32 6980 24 14 14 10 21 13 4 8376 11 23 34 7 4 6422 33 14 19137 18 16 15 2 8 21 11448 6 21 16 3350 3630 14 11727 9 32 7328 7106 13 3 23 2 0 22 17332 7259 6 10051 8 25 12 6 44 17 6 5305 5026 10 32 13681 28 8 11 19 6 7 11 7 2234 12 
49 9 5026 15 3 18 16 5863 44 13 6980 12 56 8 14 16 57 5 23 6 16 16 14 9 2792 1954 9388 8 24 9 46 12 17 6 5 10610 12 13960 14798 12285 9 5863 7 6701 5 3630 10610 44 12285 22 0 6499 4747 23 13123 17 11554 4 60 9772 35 22 11168 14 12 9214 27 16 37 9 13960 17032 64 8655 11 9214 10 
50 12 25 14 4333 13 19 10110 25 30 8 19 15 7 37 34 20220 7222 7583 4 19 30 37 16 40 5416 3 9749 20 64 68 30 18 3 10471 13721 29 27 22 48 5416 5777 28 17 13 4 17 27 77 17332 6499 0 32 15 18 19 5 46 21 9027 79 28 22 18 10 37 17 16 11915 11554 90 28 30 9 49 17 22 
51 4 20 4 6 4467 11 1675 6422 7259 11 8097 10051 7 10 13 20 9 2 38 11 14 8376 29 5863 12 39 4 9 6422 29 6 13 5 3 23 8 42 14 8935 23 3071 15 7818 6422 3350 8 6143 8655 7259 4747 32 0 14 11 21 26 8 10 7 54 14 9214 21 3350 10051 41 12 4 11 11168 15 25 7 5 6 4 
52 6 7772 5 9214 3 6 8 11 1554 9 28 12 6 2 9 9 9214 15 22 3 7 6 8 39 13123 16248 11 1 6439 2665 7 64 16 8 1 3 10 26 12 7106 6 20 9992 10 11 2 4 6 6 23 15 14 0 4219 6 24 12 3331 5773 7 9772 8 7 12 11 8 15 13 6 19 8935 12 6 13 5 5055 
53 7944 13 13 13 17 13 22 7 3 42 6138 2 7222 6 3 12 44 36 33 10 12285 25 29 11546 17 27 25 5107 16 9 18 10832 24 45 3775 3 26 13 2665 18 10 13 14 24 10 24 4 12 10051 13123 18 11 4219 0 9 21 16 6883 5 7 15 30 12285 12285 14433 6 4 26 10 59 17 29 7222 13 10889 9027 
54 39 13 30 12844 9 6701 14 4219 5 11 32 6 7328 1554 3553 5 13 49 21303 4 9 9 11 16 19 40 9388 12 9 19 12 18 41 12 4 3331 37 7259 9 9 9 53 13 15 12844 5 7 8655 8 17 19 21 6 9 0 23 14 6 29 5 13 11 37 15 13989 29 28 7944 22 14 10 10 8 11 8 12 
55 19 18 23 39 20 48 19 32 23 9 14 65 11193 22387 24 25 25 25 6 40 57 24 27 15 12 13 18 41 24 21665 25 7583 14 18 36 71 27 33 15 8 11 38 40 18415 35 20220 71 49 25 11554 5 26 24 21 23 0 16 24914 11193 24 34 50 19 30 23470 14443 19 16 66 35 60 117 12 18 42 15887 
56 9 4 6661 28 9 10880 6217 11 11546 11 11769 56 11 12435 18 14 5 7328 11 13323 15 8660 5107 1 5 58 8882 11 6661 10 33 81 7 5584 13 14 11 48 14 12 7550 2 4 5 9 20 21 10 12 4 46 8 12 16 14 16 0 26 10658 33 13545 8 5329 3909 5 14 15 37 7 43 17 16 12 19 9 8 
57 40 12 6439 16 15 3350 23 5995 9 14 10214 8660 34 2 27 1117 49 14 22748 5 15 6 9 13 34 22 10832 3 6883 3 20 43 11 44 5 11 22 7 9326 10658 18 15 11324 12 54 13 4441 5305 6 60 21 10 3331 6883 6 24914 26 0 10 10 6 7772 9 50 13 10 9992 9 39 7539 21 7 20 9 6 9388 
58 7 19 25 13 36 47 12 3 5 6 2 7 4 8 7944 12 34 12 22 5551 16 68 22 9548 13 33 5055 13 20 10 49 7 14 12 6 4 14240 17 4 7 10 11 11546 10436 6143 6883 4663 12844 44 9772 9027 7 5773 5 29 11193 10658 10 0 11 19 19498 14804 40 27 6 7222 6 19 63 32 16 7 13721 16 17 
59 17 28 13960 29 13721 13 21 5 5 15887 14 3 53 6661 2 11 17 17 22 5 14 16 75 31 18 24 14 9 18 9 12844 29 22 15636 8 18 16 28 6 58 15165 18 21 16 57 8660 6 15 17 35 79 54 7 7 5 24 33 10 11 0 67 21 16473 16752 17764 6 3331 12 18 18 15636 21 14 32 14798 29 
60 17 9992 20 33 12999 10 17 13402 11448 23 37 68 31 10 59 22 30 36 27081 25 11 7 10889 26 24 27 34 9 9 28 10 32 17869 13 10610 13 3071 3071 71 73 32 11769 11102 11102 21 9 11 4747 6 22 28 14 9772 15 13 34 13545 6 19 67 0 10 10331 16 14 75 21 15165 13721 5 1117 1396 70 15 16 16 
61 12277 6 22 11448 12 6 10 11 11 19 87 17 20 8438 15915 8655 12 17 40 22 8655 3 3350 9 16 28 18 9 2792 6 7 25275 35 8 8 13 5 14 19 24 18 7 10 6 12285 5995 11 4467 5305 11168 22 9214 8 30 11 50 8 7772 19498 21 10 0 5 7818 19 18 19 13360 12 16 8376 7 22 22 4 11193 
62 32 7 2 7259 15 28 6 8 31 28 17 18 12 31 17 36 6 17 30 10 40 4 2 4 18 16248 20 25 2 20 8 22 11915 5 6217 9 29 8376 13681 58 12 8 7 3 10 20 7 22 5026 14 18 21 7 12285 37 19 5329 9 14804 16473 10331 5 0 4 6 59 16194 12 22 8 13 18 16 1 3 27 
63 6143 2 9 5 7 10 4 11 42 32 11448 17 28 11727 17 15 3 5305 10110 50 13 8097 5026 2513 5026 12277 7 9772 7 18 6422 16971 6422 3 35 14 10889 11727 13 17 8 4188 4467 4 5026 17 9 37 10 12 10 3350 12 12285 15 30 3909 50 40 16752 16 7818 4 0 7 56 15356 8 5 10889 17 16 18 2513 8 7 
64 38 4 26 12 9326 9 30 12657 25 15 16 16 11 14 62 12 17 37 18 16 23 7 12 5107 10610 21303 43 11 5 19 7772 104 43 7259 10880 15 10 11 19 25 21 3 4 4 24 10 11324 9 32 9214 37 10051 11 14433 13989 23470 5 13 27 17764 14 19 6 7 0 18 22 13 32 16 45 9770 26 6 6439 8882 
65 14 12 12844 13 12638 14 14082 4441 22 9388 3611 6 11 8 5 52 25 22 15526 6 32 20 17032 13 17 24 36 8 31 10 25 14 23 26 27 5 19 15356 1 16 11 29 15 15 11 10 6 19 13681 27 17 41 8 6 29 14443 14 10 6 6 75 18 59 56 18 0 2 10110 17 74 17869 73 26 14240 17 49 
66 13 17 13960 14 17 14519 15887 5107 7 24 6 3 22 8216 3331 17 13960 13 23 5329 16 67 23 56 20 14443 22 8 17 20 13402 9388 14 18 7106 5 35 32 2 10471 12 18 63 30 12006 12 27 15915 28 16 16 12 15 4 28 19 15 9992 7222 3331 21 19 16194 15356 22 2 0 13 16 38 36 19 9027 31 15077 13721 
67 4 6661 6499 7 3 11 6 4 7 9027 11 11 9 6499 9 9 6701 5 14 6499 25 13 15 10 21 16 7 4333 9749 7 12 26 9027 6 1805 5 15 14 9 9 6138 18 36 16 6701 9 9 9749 8 37 11915 4 13 26 7944 16 37 9 6 12 15165 13360 12 8 13 10110 13 0 4 13721 14082 28 7 9027 10 5 
68 3 5 3 11 3 8 7 14 29 40 12 12999 7 9 15 10 6 4 17 13 13 29 9 5995 10 53 4694 6 6138 22 2889 15526 9 13 4694 9 10 10110 49 11 6499 13 13 5773 7 17 6 7583 11 9 11554 11 6 10 22 66 7 39 19 18 13721 12 22 5 32 17 16 4 0 11 15 14 9749 5055 4694 2 
69 17 8 7 14 11 4 14 12844 11 34 17311 17032 13681 9 60 7 12 19 23831 25 6 3 9 9992 20 98 15165 8 5 25 13 27 63 12 13 14 1954 4 17 66 56 9 8 8 16 9 12 3071 19 13960 90 11168 19 59 14 35 43 7539 63 18 5 16 8 10889 16 74 38 13721 11 0 18 2513 64 34 6 25 
70 15 11 38 65 12277 6 17 25 10610 18 17590 16194 18 7539 27 4467 30 19 27 12 1675 25 12 52 24 53 32 8 18 8 9 55 22 25 39 13 7 3 17 18 15356 24 11324 13 34 7539 10331 5 6 17032 28 15 8935 17 10 60 17 21 32 15636 1117 8376 13 17 45 17869 36 14082 15 18 0 2 67 12 31 17 
71 14082 9 8655 19 13 5 13721 13 14 18 17590 67 14240 9 16 5 14 16609 32 48 3071 4747 37 11769 71 26 15887 10 8 25 7259 27 34 11168 10051 14 4 2792 17311 19 30 11 9770 20 64 9 11 3630 7 64 30 25 12 29 10 117 16 7 16 21 1396 7 18 16 9770 73 19 28 14 2513 2 0 17 10 8 17 
72 7222 36 49 7 9 12 10 3997 7 3250 10 9 3 32 10 16 7539 12 10 13 31 21 34 18 8935 26 7 7 32 34 12277 5777 10 18 22 10 30 28 4694 7 8 11 14 9992 6 15 5329 13 11 8655 9 7 6 7222 8 12 12 20 7 14 70 22 16 18 26 26 9027 7 9749 64 67 17 0 12999 14 33 
73 9 4 3 7 8 10 5 15 16 51 15526 13681 40 16 13 39 15 9 13 12 11168 6 3 4 9 15 9 8 12 11 9 38 13 1396 12 11 8376 9493 14 16 38 7 13 5 7 5 6661 7 7 11 49 5 13 13 11 18 19 9 13721 32 15 22 1 2513 6 14240 31 9027 5055 34 12 10 12999 0 15 6499 
74 8 3997 2 35 6 5 6 6883 7 59 33 16 22 6 24 7 13 10 16971 16 7 9 5 8 11 71 12 9 2 4 7 22 17 4 4885 7328 5 5584 13 59 22 12 6 6 18 6 6 3071 2234 9214 17 6 5 10889 8 42 9 6 16 14798 16 4 3 8 6439 17 15077 10 4694 6 31 8 14 15 0 6 
75 1 20 5 6 7 7944 5 6 12 9 42 22 20 8 10471 9 11 3 12999 9 12 35 9749 13 18 12638 3250 11 8 5777 3972 14443 17 6 14 7 43 12 13 18 12 8 29 6661 12 5 5 8666 12 10 22 4 5055 9027 12 15887 8 9388 17 29 16 11193 27 7 8882 49 13721 5 2 25 17 17 33 6499 6 0 

;param cto[*,*]
: 0 1 2 3 4 5 6 7 8 9 10 11 12 13 14 15 16 17 18 19 20 21 22 23 24 25 26 27 28 29 30 31 32 33 34 35 36 37 38 39 40 41 42 43 44 45 46 47 48 49 50 51 52 53 54 55 56 57 58 59 60 61 62 63 64 65 66 67 68 69 70 71 72 73 74 75:=
0 0 46 44 45 39 42 43 44 40 42 42 43 40 42 43 43 41 39 48 42 44 43 43 43 48 44 39 41 42 41 40 44 42 41 40 41 44 44 42 42 40 44 44 43 41 40 44 42 41 43 43 40 40 42 43 45 44 43 45 45 46 44 42 42 46 43 48 39 39 44 49 45 41 41 41 38 
1 46 0 40 42 42 44 41 49 45 44 46 51 43 49 51 45 44 46 44 46 46 46 43 40 42 45 43 44 40 47 42 47 43 39 44 46 44 45 47 45 43 40 40 39 42 43 44 43 42 41 44 41 44 46 46 50 41 46 45 49 46 42 39 43 45 51 49 43 41 44 46 49 45 39 41 42 
2 44 40 0 46 40 41 43 43 42 44 49 46 42 46 45 42 41 41 45 44 44 40 41 42 44 45 45 41 40 41 43 47 47 40 41 43 42 42 45 44 46 42 42 42 42 40 45 41 40 42 44 40 45 44 44 47 43 43 44 47 44 41 43 41 43 46 47 41 39 46 44 43 44 39 39 40 
3 45 42 46 0 42 49 41 47 44 40 43 45 40 45 49 46 39 40 41 45 47 49 47 41 40 45 41 44 44 44 47 44 39 41 43 44 46 47 44 41 40 43 43 42 38 47 43 45 44 44 40 40 44 44 46 43 42 46 42 47 48 45 42 40 45 45 46 46 41 51 48 48 41 42 43 45 
4 39 42 40 42 0 41 40 40 40 43 43 43 41 41 43 41 42 40 45 42 43 42 43 48 45 45 40 40 42 40 43 46 43 45 39 45 42 46 43 43 42 44 48 44 46 39 39 41 40 44 48 41 43 42 42 47 49 42 42 45 44 43 42 46 45 44 45 39 43 47 44 44 46 42 40 39 
5 42 44 41 49 41 0 42 43 42 46 46 46 44 41 44 39 44 47 48 43 40 40 43 46 47 48 43 40 41 39 40 49 46 43 41 43 40 43 50 46 45 46 45 45 46 44 42 39 39 46 51 44 41 44 42 50 47 40 45 50 41 46 42 48 49 51 47 42 45 44 41 40 49 43 40 42 
6 43 41 43 41 40 42 0 42 42 42 44 48 41 43 44 47 40 40 44 44 45 42 42 42 43 44 40 42 41 41 40 49 45 39 41 43 47 44 44 42 41 46 42 46 45 41 41 42 41 42 43 39 42 43 44 45 43 44 42 46 46 47 40 44 44 45 46 40 39 44 45 45 42 40 40 39 
7 44 49 43 47 40 43 42 0 39 42 41 40 40 41 40 43 47 41 49 44 45 44 46 46 46 44 43 41 44 42 42 47 43 43 40 39 45 44 41 46 41 47 47 46 43 41 39 44 43 45 44 42 40 39 41 46 51 43 40 46 46 46 48 44 48 41 42 39 41 46 46 50 41 44 43 44 
8 40 45 42 44 40 42 42 39 0 44 42 45 41 40 40 46 48 42 46 39 47 44 46 46 46 45 40 44 48 45 42 45 44 44 39 39 44 43 46 43 42 47 47 46 44 40 42 43 42 46 45 42 39 44 40 47 47 41 42 46 45 46 44 45 48 42 43 40 41 49 45 45 42 44 43 41 
9 42 44 44 40 43 46 42 42 44 0 40 43 40 49 44 47 42 41 41 44 49 47 46 44 46 40 41 48 46 45 44 41 39 43 43 43 48 48 42 38 39 46 46 45 40 44 47 47 46 42 40 41 44 43 46 41 45 47 40 46 50 51 45 43 48 42 44 42 43 49 53 53 39 44 45 46 
10 42 46 49 43 43 46 44 41 42 40 0 40 40 48 42 46 44 42 44 43 48 47 47 46 45 42 41 44 47 45 45 40 42 45 43 42 52 47 39 40 41 48 48 51 42 48 42 47 46 45 42 43 43 41 44 43 47 46 43 43 50 49 50 45 49 40 45 42 48 49 49 49 39 46 46 43 
11 43 51 46 45 43 46 48 40 45 43 40 0 42 43 40 49 46 43 46 41 47 47 48 48 51 45 46 43 47 45 45 42 44 46 42 40 48 47 39 42 43 49 49 49 45 44 42 51 46 47 49 44 43 39 46 46 49 45 40 44 49 53 47 47 55 39 39 42 44 49 48 49 41 47 46 43 
12 40 43 42 40 41 44 41 40 41 40 40 42 0 47 43 45 41 39 42 43 46 45 45 44 43 42 39 42 48 43 46 42 40 42 41 41 50 49 41 43 39 45 45 44 40 42 45 45 44 42 45 40 42 41 44 43 45 45 43 44 48 46 43 42 51 42 43 40 41 47 47 47 43 43 43 40 
13 42 49 46 45 41 41 43 41 40 49 48 43 47 0 42 40 45 43 48 40 42 43 45 51 51 47 42 39 44 44 45 47 46 44 40 41 42 41 44 45 44 47 47 46 46 40 40 46 41 51 47 44 39 42 39 49 48 39 44 43 43 45 44 45 48 48 44 41 46 48 43 43 44 44 46 46 
14 43 51 45 49 43 44 44 40 40 44 42 40 43 42 0 44 46 43 47 43 46 46 48 48 48 50 46 46 47 47 44 44 45 46 41 39 46 49 41 44 47 49 49 48 45 43 41 49 45 47 46 44 41 39 41 47 49 43 42 40 47 48 46 47 50 41 40 42 44 47 47 47 46 50 46 43 
15 43 45 42 46 41 39 47 43 46 47 46 49 45 40 44 0 45 44 49 46 40 42 44 47 48 52 43 44 43 40 41 49 47 44 41 42 44 39 49 46 45 47 46 46 46 40 42 40 44 47 48 44 41 44 41 54 48 38 49 49 41 43 44 45 47 46 46 46 42 42 41 45 46 44 42 46 
16 41 44 41 39 42 44 40 47 48 42 44 46 41 45 46 45 0 40 42 45 51 44 42 40 44 43 46 44 46 47 42 45 41 39 43 44 45 46 45 42 41 42 42 41 40 43 43 44 43 39 41 39 44 45 50 44 45 46 43 48 47 44 41 39 43 46 47 42 41 49 47 50 43 40 42 41 
17 39 46 41 40 40 47 40 41 42 41 42 43 39 43 43 44 40 0 42 43 46 44 43 43 42 42 43 42 43 42 45 44 44 41 41 42 45 49 42 44 43 44 44 47 40 42 41 44 43 42 42 39 42 42 44 44 44 44 41 45 47 45 42 41 45 43 48 40 44 46 46 46 41 41 42 43 
18 48 44 45 41 45 48 44 49 46 41 44 46 42 48 47 49 42 42 0 47 50 51 50 43 40 44 48 51 46 47 46 43 44 43 46 46 49 49 45 42 42 45 49 44 40 46 46 48 47 45 39 42 46 46 48 40 47 49 43 53 51 48 45 43 51 46 47 48 44 50 55 51 42 48 46 44 
19 42 46 44 45 42 43 44 44 39 44 43 41 43 40 43 46 45 43 47 0 44 45 47 51 48 46 42 40 45 42 43 49 45 45 40 43 48 44 42 44 44 48 52 51 45 42 40 44 43 47 46 44 40 40 39 48 49 45 42 41 46 47 45 46 49 46 42 41 43 46 45 46 43 45 44 46 
20 44 46 44 47 43 40 45 45 47 49 48 47 46 42 46 40 51 46 50 44 0 42 45 48 49 50 45 42 43 41 42 51 48 45 43 48 40 39 48 52 47 47 51 47 48 42 43 44 41 52 50 46 46 46 43 52 49 40 47 51 40 43 44 50 47 48 52 44 44 41 39 40 48 45 46 48 
21 43 46 40 49 42 40 42 44 44 47 47 47 45 43 46 42 44 44 51 45 42 0 41 44 46 48 44 42 43 44 40 49 50 42 43 45 40 41 47 47 45 47 43 47 45 41 43 39 39 45 47 43 46 46 44 53 45 46 46 52 42 40 44 43 43 48 49 43 41 40 42 41 46 41 39 42 
22 43 43 41 47 43 43 42 46 46 46 47 48 45 45 48 44 42 43 50 47 45 41 0 42 44 51 48 44 39 43 42 49 45 41 44 46 43 44 48 46 44 44 40 40 44 43 45 42 42 43 49 42 48 47 50 48 42 49 47 50 45 40 39 41 40 49 50 44 42 42 45 44 46 40 40 43 
23 43 40 42 41 48 46 42 46 46 44 46 48 44 51 48 47 40 43 43 51 48 44 42 0 44 44 44 46 42 45 44 47 43 40 45 47 46 47 47 48 43 40 40 40 42 45 45 45 44 40 43 42 46 47 48 49 42 47 46 50 48 44 45 39 42 52 49 44 43 46 48 47 45 41 43 43 
24 48 42 44 40 45 47 43 46 46 46 45 51 43 51 48 48 44 42 40 48 49 46 44 44 0 42 44 46 45 46 49 45 41 42 49 46 48 48 46 43 42 42 43 42 40 46 46 47 46 39 40 42 46 47 49 43 45 49 44 53 50 46 44 41 45 47 48 45 44 48 50 49 44 43 49 44 
25 44 45 45 45 45 48 44 44 45 40 42 45 42 47 50 52 43 42 44 46 50 48 51 44 42 0 47 46 47 47 50 41 40 44 45 45 49 49 43 44 41 46 47 46 41 46 49 48 47 42 39 43 46 45 48 39 45 52 42 47 55 49 46 44 48 44 45 44 44 50 51 55 41 49 47 44 
26 39 43 45 41 40 43 40 43 40 41 41 46 39 42 46 43 46 43 48 42 45 44 48 44 44 47 0 41 43 42 41 43 41 42 43 40 45 44 41 41 40 45 45 44 41 41 40 44 42 47 43 40 40 41 42 45 45 43 40 44 46 45 43 46 46 42 43 39 40 45 46 46 40 46 42 39 
27 41 44 41 44 40 40 42 41 44 48 44 43 42 39 46 44 44 42 51 40 42 42 44 46 46 46 41 0 42 39 40 46 45 43 39 41 42 41 47 44 47 46 46 45 44 39 39 41 40 46 46 42 42 42 40 48 50 40 43 44 47 44 43 44 50 48 48 40 45 47 47 43 47 43 41 40 
28 42 40 40 44 42 41 41 44 48 46 47 47 48 44 47 43 46 43 46 45 43 43 39 42 45 47 43 42 0 41 40 49 45 40 43 45 45 42 47 46 44 42 41 41 44 41 43 40 40 47 46 42 43 46 49 48 43 43 46 48 47 40 39 41 42 48 52 43 41 45 44 42 46 40 43 45 
29 41 47 41 44 40 39 41 42 45 45 45 45 43 44 47 40 47 42 47 42 41 44 43 45 46 47 42 39 41 0 39 51 45 42 40 42 41 40 49 45 44 45 45 44 45 38 44 40 43 45 46 42 40 43 42 49 50 44 44 49 42 42 42 44 45 49 46 41 40 42 42 42 45 42 40 41 
30 40 42 43 47 43 40 40 42 42 44 45 45 46 45 44 41 42 45 46 43 42 40 42 44 49 50 41 40 40 39 0 51 44 45 40 42 41 41 45 44 43 44 43 43 43 39 41 40 39 44 45 41 41 44 43 48 44 42 44 46 43 42 40 42 44 46 46 41 39 42 43 42 44 41 39 40 
31 44 47 47 44 46 49 49 47 45 41 40 42 42 47 44 49 45 44 43 49 51 49 49 47 45 41 43 46 49 51 51 0 42 46 45 44 50 50 41 41 42 49 49 48 43 47 45 49 52 45 42 48 46 43 51 42 48 48 41 45 52 50 48 46 51 41 42 44 46 55 51 55 41 47 48 45 
32 42 43 47 39 43 46 45 43 44 39 42 44 40 46 45 47 41 44 44 45 48 50 45 43 41 40 41 45 45 45 44 42 0 46 43 48 47 47 47 40 39 48 45 44 39 44 43 46 45 41 39 40 44 44 46 41 47 51 41 47 49 47 44 42 46 44 49 42 46 48 49 49 40 43 44 42 
33 41 39 40 41 45 43 39 43 44 43 45 46 42 44 46 44 39 41 43 45 45 42 41 40 42 44 42 43 40 42 45 46 46 0 42 48 44 44 45 43 42 41 41 44 41 42 43 46 46 41 43 40 47 45 49 46 41 45 44 48 50 42 39 39 42 46 47 46 40 44 46 45 44 39 44 41 
34 40 44 41 43 39 41 41 40 39 43 43 42 41 40 41 41 43 41 46 40 43 43 44 45 49 45 43 39 43 40 40 45 43 42 0 40 43 42 42 43 46 46 46 45 43 40 38 42 41 45 45 42 38 41 41 47 46 41 42 43 45 48 43 43 47 43 44 39 40 44 44 44 42 43 42 40 
35 41 46 43 44 45 43 43 39 39 43 42 40 41 41 39 42 44 42 46 43 48 45 46 47 46 45 40 41 45 42 42 44 48 48 40 0 45 44 45 42 42 47 47 47 48 45 43 44 43 49 45 47 40 39 40 47 48 42 41 41 50 46 49 45 49 41 46 40 46 46 46 46 42 45 44 45 
36 44 44 42 46 42 40 47 45 44 48 52 48 50 42 46 44 45 45 49 48 40 40 43 46 48 49 45 42 45 41 41 50 47 44 43 45 0 39 48 48 50 45 49 45 51 41 44 39 40 47 49 45 43 46 44 55 51 41 47 52 40 45 42 45 45 49 49 44 47 39 40 39 47 43 45 43 
37 44 45 42 47 46 43 44 44 43 48 47 47 49 41 49 39 46 49 49 44 39 41 44 47 48 49 44 41 42 40 41 50 47 44 42 44 39 0 47 47 46 46 46 46 47 41 43 40 40 47 52 45 42 45 42 51 47 40 47 47 40 42 43 45 46 48 48 43 43 44 39 40 47 44 41 43 
38 42 47 45 44 43 50 44 41 46 42 39 39 41 44 41 49 45 42 45 42 48 47 48 47 46 43 41 47 47 49 45 41 47 45 42 45 48 47 0 41 42 49 49 48 43 44 42 47 46 46 44 44 43 40 44 44 48 45 39 42 49 49 47 50 50 39 44 46 44 53 53 49 40 46 50 43 
39 42 45 44 41 43 46 42 46 43 38 40 42 43 45 44 46 42 44 42 44 52 47 46 48 43 44 41 44 46 45 44 41 40 43 43 42 48 47 41 0 43 46 46 46 40 44 43 47 45 43 40 42 44 42 49 46 45 46 40 45 49 47 45 43 48 42 43 42 43 48 53 49 39 44 45 42 
40 40 43 46 40 42 45 41 41 42 39 41 43 39 44 47 45 41 43 42 44 47 45 44 43 42 41 40 47 44 44 43 42 39 42 46 42 50 46 42 43 0 44 45 44 39 43 42 45 48 42 41 40 42 42 45 43 44 45 40 45 48 46 43 42 46 43 48 41 41 47 48 47 40 42 43 41 
41 44 40 42 43 44 46 46 47 47 46 48 49 45 47 49 47 42 44 45 48 47 47 44 40 42 46 45 46 42 45 44 49 48 41 46 47 45 46 49 46 44 0 42 38 44 49 46 45 44 42 45 43 46 52 49 47 40 47 51 51 47 42 41 40 44 49 51 45 43 49 47 50 50 41 43 48 
42 44 40 42 43 48 45 42 47 47 46 48 49 45 47 49 46 42 44 49 52 51 43 40 40 43 47 45 46 41 45 43 49 45 41 46 47 49 46 49 46 45 42 0 42 44 48 46 44 44 42 45 43 46 48 52 48 40 47 47 51 47 42 41 41 39 53 51 45 43 48 47 46 47 40 46 44 
43 43 39 42 42 44 45 46 46 46 45 51 49 44 46 48 46 41 47 44 51 47 47 40 40 42 46 44 45 41 44 43 48 44 44 45 47 45 46 48 46 44 38 42 0 43 44 49 48 44 45 48 42 45 47 48 47 40 47 46 54 47 42 44 40 40 49 50 44 42 48 47 46 46 40 42 43 
44 41 42 42 38 46 46 45 43 44 40 42 45 40 46 45 46 40 40 40 45 48 45 44 42 40 41 41 44 44 45 43 43 39 41 43 48 51 47 43 40 39 44 44 43 0 48 47 46 45 40 43 40 44 48 46 42 43 46 42 47 49 46 43 41 46 44 46 42 42 47 49 48 41 46 44 42 
45 40 43 40 47 39 44 41 41 40 44 48 44 42 40 43 40 43 42 46 42 42 41 43 45 46 46 41 39 41 38 39 47 44 42 40 45 41 41 44 44 43 49 48 44 48 0 40 44 39 45 46 42 39 43 41 48 46 40 43 45 43 43 42 43 49 45 45 40 40 42 43 42 44 46 40 40 
46 44 44 45 43 39 42 41 39 42 47 42 42 45 40 41 42 43 41 46 40 43 43 45 45 46 49 40 39 43 44 41 45 43 43 38 43 44 43 42 43 42 46 46 49 47 40 0 43 42 45 45 42 39 40 41 47 46 41 42 47 49 45 47 48 47 47 43 39 40 45 44 44 42 43 42 40 
47 42 43 41 45 41 39 42 44 43 47 47 51 45 46 49 40 44 44 48 44 44 39 42 45 47 48 44 41 40 40 40 49 46 46 42 44 39 40 47 47 45 45 44 48 46 44 43 0 39 46 47 43 46 49 43 50 50 41 46 51 41 41 41 44 44 48 48 43 42 40 41 40 50 42 40 42 
48 41 42 40 44 40 39 41 43 42 46 46 46 44 41 45 44 43 43 47 43 41 39 42 44 46 47 42 40 40 43 39 52 45 46 41 43 40 40 46 45 48 44 44 44 45 39 42 39 0 45 46 42 41 44 46 49 45 41 45 46 46 41 41 43 44 47 47 42 40 41 46 41 49 42 39 41 
49 43 41 42 44 44 46 42 45 46 42 45 47 42 51 47 47 39 42 45 47 52 45 43 40 39 42 47 46 47 45 44 45 41 41 45 49 47 47 46 43 42 42 42 45 40 45 45 46 45 0 41 41 45 46 48 44 44 47 44 49 49 45 42 40 44 47 52 44 42 47 49 48 43 41 44 43 
50 43 44 44 40 48 51 43 44 45 40 42 49 45 47 46 48 41 42 39 46 50 47 49 43 40 39 43 46 46 46 45 42 39 43 45 45 49 52 44 40 41 45 45 48 43 46 45 47 46 41 0 42 49 45 51 44 44 52 42 48 51 47 45 42 47 44 49 44 44 49 50 50 41 44 46 43 
51 40 41 40 40 41 44 39 42 42 41 43 44 40 44 44 44 39 39 42 44 46 43 42 42 42 43 40 42 42 42 41 48 40 40 42 47 45 45 44 42 40 43 43 42 40 42 42 43 42 41 42 0 42 43 45 44 42 48 42 46 50 44 41 40 44 44 49 44 40 45 46 46 42 40 45 40 
52 40 44 45 44 43 41 42 40 39 44 43 43 42 39 41 41 44 42 46 40 46 46 48 46 46 46 40 42 43 40 41 46 44 47 38 40 43 42 43 44 42 46 46 45 44 39 39 46 41 45 49 42 0 41 40 47 47 40 42 43 44 48 43 44 51 44 44 39 41 44 44 44 47 43 42 40 
53 42 46 44 44 42 44 43 39 44 43 41 39 41 42 39 44 45 42 46 40 46 46 47 47 47 45 41 42 46 43 44 43 44 45 41 39 46 45 40 42 42 52 48 47 48 43 40 49 44 46 45 43 41 0 41 46 48 43 44 41 51 47 46 46 49 40 40 41 47 47 47 47 41 46 45 42 
54 43 46 44 46 42 42 44 41 40 46 44 46 44 39 41 41 50 44 48 39 43 44 50 48 49 48 42 40 49 42 43 51 46 49 41 40 44 42 44 49 45 49 52 48 46 41 41 43 46 48 51 45 40 41 0 53 53 40 44 46 44 46 45 46 49 44 44 42 43 45 44 48 48 46 44 43 
55 45 50 47 43 47 50 45 46 47 41 43 46 43 49 47 54 44 44 40 48 52 53 48 49 43 39 45 48 48 49 48 42 41 46 47 47 55 51 44 46 43 47 48 47 42 48 47 50 49 44 44 44 47 46 53 0 50 50 43 49 53 50 51 45 49 45 46 49 46 52 53 52 42 50 48 46 
56 44 41 43 42 49 47 43 51 47 45 47 49 45 48 49 48 45 44 47 49 49 45 42 42 45 45 45 50 43 50 44 48 47 41 46 48 51 47 48 45 44 40 40 40 43 46 46 50 45 44 44 42 47 48 53 50 0 48 46 51 49 48 42 40 42 53 54 45 47 46 49 48 46 42 44 48 
57 43 46 43 46 42 40 44 43 41 47 46 45 45 39 43 38 46 44 49 45 40 46 49 47 49 52 43 40 43 44 42 48 51 45 41 42 41 40 45 46 45 47 47 47 46 40 41 41 41 47 52 48 40 43 40 50 48 0 45 44 46 44 44 46 47 50 46 46 43 43 41 42 46 45 46 42 
58 45 45 44 42 42 45 42 40 42 40 43 40 43 44 42 49 43 41 43 42 47 46 47 46 44 42 40 43 46 44 44 41 41 44 42 41 47 47 39 40 40 51 47 46 42 43 42 46 45 44 42 42 42 44 44 43 46 45 0 47 49 47 45 44 49 40 41 45 43 48 48 52 39 45 45 42 
59 45 49 47 47 45 50 46 46 46 46 43 44 44 43 40 49 48 45 53 41 51 52 50 50 53 47 44 44 48 49 46 45 47 48 43 41 52 47 42 45 45 51 51 54 47 45 47 51 46 49 48 46 43 41 46 49 51 44 47 0 49 50 48 49 52 41 40 48 46 53 48 49 44 48 47 45 
60 46 46 44 48 44 41 46 46 45 50 50 49 48 43 47 41 47 47 51 46 40 42 45 48 50 55 46 47 47 42 43 52 49 50 45 50 40 40 49 49 48 47 47 47 49 43 49 41 46 49 51 50 44 51 44 53 49 46 49 49 0 43 44 47 47 50 50 45 45 40 38 39 49 45 43 45 
61 44 42 41 45 43 46 47 46 46 51 49 53 46 45 48 43 44 45 48 47 43 40 40 44 46 49 45 44 40 42 42 50 47 42 48 46 45 42 49 47 46 42 42 42 46 43 45 41 41 45 47 44 48 47 46 50 48 44 47 50 43 0 40 43 42 53 54 44 43 40 43 42 47 41 40 43 
62 42 39 43 42 42 42 40 48 44 45 50 47 43 44 46 44 41 42 45 45 44 44 39 45 44 46 43 43 39 42 40 48 44 39 43 49 42 43 47 45 43 41 41 44 43 42 47 41 41 42 45 41 43 46 45 51 42 44 45 48 44 40 0 44 42 47 48 42 40 42 44 44 45 42 43 41 
63 42 43 41 40 46 48 44 44 45 43 45 47 42 45 47 45 39 41 43 46 50 43 41 39 41 44 46 44 41 44 42 46 42 39 43 45 45 45 50 43 42 40 41 40 41 43 48 44 43 40 42 40 44 46 46 45 40 46 44 49 47 43 44 0 46 47 48 46 45 45 47 46 44 39 42 42 
64 46 45 43 45 45 49 44 48 48 48 49 55 51 48 50 47 43 45 51 49 47 43 40 42 45 48 46 50 42 45 44 51 46 42 47 49 45 46 50 48 46 44 39 40 46 49 47 44 44 44 47 44 51 49 49 49 42 47 49 52 47 42 42 46 0 51 52 46 44 44 47 46 48 42 43 45 
65 43 51 46 45 44 51 45 41 42 42 40 39 42 48 41 46 46 43 46 46 48 48 49 52 47 44 42 48 48 49 46 41 44 46 43 41 49 48 39 42 43 49 53 49 44 45 47 48 47 47 44 44 44 40 44 45 53 50 40 41 50 53 47 47 51 0 39 43 45 50 49 49 41 47 47 44 
66 48 49 47 46 45 47 46 42 43 44 45 39 43 44 40 46 47 48 47 42 52 49 50 49 48 45 43 48 52 46 46 42 49 47 44 46 49 48 44 43 48 51 51 50 46 45 43 48 47 52 49 49 44 40 44 46 54 46 41 40 50 54 48 48 52 39 0 44 49 50 49 54 42 48 47 45 
67 39 43 41 46 39 42 40 39 40 42 42 42 40 41 42 46 42 40 48 41 44 43 44 44 45 44 39 40 43 41 41 44 42 46 39 40 44 43 46 42 41 45 45 44 42 40 39 43 42 44 44 44 39 41 42 49 45 46 45 48 45 44 42 46 46 43 44 0 40 45 45 45 45 42 42 39 
68 39 41 39 41 43 45 39 41 41 43 48 44 41 46 44 42 41 44 44 43 44 41 42 43 44 44 40 45 41 40 39 46 46 40 40 46 47 43 44 43 41 43 43 42 42 40 40 42 40 42 44 40 41 47 43 46 47 43 43 46 45 43 40 45 44 45 49 40 0 47 44 44 43 40 40 38 
69 44 44 46 51 47 44 44 46 49 49 49 49 47 48 47 42 49 46 50 46 41 40 42 46 48 50 45 47 45 42 42 55 48 44 44 46 39 44 53 48 47 49 48 48 47 42 45 40 41 47 49 45 44 47 45 52 46 43 48 53 40 40 42 45 44 50 50 45 47 0 41 39 48 43 41 44 
70 49 46 44 48 44 41 45 46 45 53 49 48 47 43 47 41 47 46 55 45 39 42 45 48 50 51 46 47 44 42 43 51 49 46 44 46 40 39 53 53 48 47 47 47 49 43 44 41 46 49 50 46 44 47 44 53 49 41 48 48 38 43 44 47 47 49 49 45 44 41 0 43 49 49 43 45 
71 45 49 43 48 44 40 45 50 45 53 49 49 47 43 47 45 50 46 51 46 40 41 44 47 49 55 46 43 42 42 42 55 49 45 44 46 39 40 49 49 47 50 46 46 48 42 44 40 41 48 50 46 44 47 48 52 48 42 52 49 39 42 44 46 46 49 54 45 44 39 43 0 52 48 42 44 
72 41 45 44 41 46 49 42 41 42 39 39 41 43 44 46 46 43 41 42 43 48 46 46 45 44 41 40 47 46 45 44 41 40 44 42 42 47 47 40 39 40 50 47 46 41 44 42 50 49 43 41 42 47 41 48 42 46 46 39 44 49 47 45 44 48 41 42 45 43 48 49 52 0 44 49 42 
73 41 39 39 42 42 43 40 44 44 44 46 47 43 44 50 44 40 41 48 45 45 41 40 41 43 49 46 43 40 42 41 47 43 39 43 45 43 44 46 44 42 41 40 40 46 46 43 42 42 41 44 40 43 46 46 50 42 45 45 48 45 41 42 39 42 47 48 42 40 43 49 48 44 0 40 41 
74 41 41 39 43 40 40 40 43 43 45 46 46 43 46 46 42 42 42 46 44 46 39 40 43 49 47 42 41 43 40 39 48 44 44 42 44 45 41 50 45 43 43 46 42 44 40 42 40 39 44 46 45 42 45 44 48 44 46 45 47 43 40 43 42 43 47 47 42 40 41 43 42 49 40 0 45 
75 38 42 40 45 39 42 39 44 41 46 43 43 40 46 43 46 41 43 44 46 48 42 43 43 44 44 39 40 45 41 40 45 42 41 40 45 43 43 43 42 41 48 44 43 42 40 40 42 41 43 43 40 40 42 43 46 48 42 42 45 45 43 41 42 45 44 45 39 38 44 45 44 42 41 45 0 

;param d[*,*]
: 0 1 2 3 4 5 6 7 8 9 10 11 12 13 14 15 16 17 18 19 20 21 22 23 24 25 26 27 28 29 30 31 32 33 34 35 36 37 38 39 40 41 42 43 44 45 46 47 48 49 50 51 52 53 54 55 56 57 58 59 60 61 62 63 64 65 66 67 68 69 70 71 72 73 74 75:=
0 0.0 0 0 0 0.43 0.98 0 0 1.9 0.9 2.45 1.13 0.74 2.79 1.06 3.42 0.32 1.01 0 0.38 1.41 3.42 1.85 0 0 3.11 0.1 1.51 3.04 0.3 0.55 2.28 1.36 1.6 0.62 2.28 4.18 4.05 2.45 0.86 1.32 0.6 2.22 0 0 0.23 0 0.43 1.88 0 0.48 0.18 0.55 2.79 2.54 1.64 0 2.63 0 1.49 0.72 4.31 2.07 2.07 1.68 1.21 0 0.31 0.27 1.45 0 4.94 2.53 0.78 0.33 0.05 
1 0 0.0 0 2.16 0 0 0.27 0 2.46 0 0 0 1.21 0 0 0 0 0 0.6 2.9 0 0 0 0.47 0.98 5.32 1.85 0 0 0 0 0.9 0 0.75 2.03 0 2.09 2.34 0.83 0 1.79 0.18 0 0.37 2.45 0 1.37 1.72 0.43 1.69 2.09 1.11 2.16 0 0 0 0 0 0.7 1.05 2.77 0 0.31 0 0 0 0 1.85 0 0 0 0 1.56 0.2 1.11 0.9 
2 0 0 0.0 0 1.52 0 0 1.66 0 4.31 0 1.68 3.17 0 1.56 1.6 1.69 1.11 0.67 0.57 3.01 0.25 1.51 0.42 3.11 0.7 0 1.23 0.62 0.63 0 1.96 0 0.94 0.32 1.85 0.4 0.43 3.86 0.57 0 0 0.94 0 1.6 0.86 0 1.05 0.51 1.02 0.6 0 0 0.6 1.33 1.99 1.85 1.79 2.09 4.71 1.37 1.23 0 0.63 1.13 4.33 4.71 2.28 0.27 0 2.09 2.92 3.2 0.15 0 0.43 
3 0 2.16 0 0.0 0 0 0.27 0 3.2 0.55 2.63 1.52 0.92 0 0 2.83 0.35 1.13 2.03 1.6 0.9 0 0 0 0.23 0 1.88 3.29 3.01 3.39 0 1.97 0.49 0.99 1.79 1.33 4.52 0.82 0.55 0 0 0.48 1.91 2.45 0.28 0 0.5 2.53 0.6 0 1.52 0.39 3.11 0.6 4.33 2.54 1.54 0.78 0.94 2.03 2.31 3.86 2.45 0 0 0.63 0 0 0.78 0 3.57 0.92 0.33 0 1.91 0 
4 0.43 0 1.52 0 0.0 0.7 0.47 1.9 0.23 2.82 0.52 1.21 2.28 0.28 2.54 0.78 1.48 0.92 5.19 0.82 3.67 1.36 3.67 0 0.63 1.56 1.39 1.27 2.66 1.39 0 5.45 0.48 0 0.89 0 1.02 0 3.93 3.67 1.98 2.28 0 0.55 0 0.12 0.15 1.23 1.32 1.29 0 1.51 0 1.48 0.37 0.82 0 1.29 2.35 4.81 4.56 0.5 1.29 0 2.59 4.43 1.49 0.27 0 0 4.31 0.55 0 0.35 0.25 0.47 
5 0.98 0 0 0 0.7 0.0 3.29 1.17 1.54 2.96 4.52 0 3.39 0.27 0.62 0 3.48 0 0.97 0 1.13 1.22 2.73 0.73 2.07 0.97 1.79 0 1.23 0.37 1.22 2.35 2.83 2.82 0.78 0 0.62 0 0 0 3.67 1.68 2.46 0.65 0.73 0 0 0 0.66 0.77 0 0.53 0.3 0.62 2.26 4.13 3.02 1.13 2.59 0 0.7 0 1.54 0 0 0 4.89 0.94 0 0 0.27 0 0 0.47 0 2.79 
6 0 0.27 0 0.27 0.47 3.29 0.0 0.38 1.48 2.35 4.05 0 1.6 0.48 4.69 0 0.2 0.62 1.97 1.97 0.63 0.9 0.37 1.36 0 0.57 0.55 0.86 0.7 2.53 1.52 0 0 0.75 1.11 1.06 0 4.18 1.33 1.6 0.99 0 1.6 0 0 1.05 0.32 3.17 2.41 1.98 3.55 0.56 0.35 1.91 0.57 1.64 1.72 1.97 1.02 1.84 0.72 0 0.55 0 1.33 4.94 5.57 0.55 0.47 0.57 0.7 4.81 0.43 0.43 0.25 0.43 
7 0 0 1.66 0 1.9 1.17 0.38 0.0 0.43 1.54 0.7 0.59 0 0 0 2.63 0 1.11 0 0 3.67 1.45 2.71 2.71 0 0.58 0 0.63 1.45 0 1.54 0 1.09 1.91 0 0.2 3.76 3.39 0.27 0 1.23 0 0 0 2.73 0 0 3.29 1.79 2.4 2.16 2.16 0.47 0.31 1.17 2.71 0 1.66 0 0 4.52 0 0 0 3.51 1.23 1.42 0.35 1.23 4.33 1.72 0 1.11 0.57 1.91 0 
8 1.9 2.46 0 3.2 0.23 1.54 1.48 0.43 0.0 0.53 0 0 0.33 0 0.22 0 0 0.86 1.84 0.27 0 0 0.72 2.9 0 3.95 1.32 0 0 0 1.36 0.65 2.03 1.29 0.27 0.2 0.58 0.5 0 1.79 0.42 0 0.83 0.77 0.57 0.59 0 2.82 2.35 0 2.53 2.45 0.43 0 0.2 1.99 3.2 0.33 0 0 3.86 0 1.37 2.34 0.94 0.98 0 0.62 1.88 0 3.58 0.67 0 0.58 0 1.05 
9 0.9 0 4.31 0.55 2.82 2.96 2.35 1.54 0.53 0.0 0.59 1.13 0.2 0 4.56 1.96 1.42 2.03 0.66 2.28 1.0 1.92 5.83 0 0 0.39 2.41 0 1.68 2.59 1.45 2.15 0.89 1.85 0.5 0 0.94 5.18 2.79 0.51 1.14 1.72 0 0 1.13 2.28 0 0 1.68 2.35 0.68 0.78 0 2.73 0 0.74 0 0 0.55 5.57 1.1 0 2.4 1.79 0 3.29 2.03 3.17 2.63 2.35 0 0 1.14 3.29 3.86 0 
10 2.45 0 0 2.63 0.52 4.52 4.05 0.7 0 0.59 0.0 0.25 1.9 0 0.9 1.84 0.58 0.9 1.97 1.72 2.27 3.26 6.84 2.9 3.76 1.42 0.33 0 6.33 1.6 3.76 0.51 2.79 2.4 0 0 0 3.33 0.89 1.39 0.3 0.94 0.95 0 1.02 0 0 0.85 0 0 1.6 2.73 1.21 2.15 1.41 1.17 3.26 2.83 0 1.17 2.58 5.65 0 3.86 0 1.27 0 0.94 0 5.83 5.93 5.93 0.66 5.45 2.83 2.73 
11 1.13 0 1.68 1.52 1.21 0 0 0.59 0 1.13 0.25 0.0 0.94 0 0 0 4.14 0.5 5.83 0.7 4.89 0 5.55 0.95 0 1.49 0 0 3.2 0 3.76 1.6 3.29 4.33 1.54 0.92 0 0.83 0 2.35 1.79 0 0 1.0 2.34 2.16 0 0 0 3.08 0 3.39 0.45 0 0 4.23 2.46 2.4 0.59 0 3.76 0 0.85 0.82 0 0.27 0.12 0.98 4.56 5.74 5.46 3.7 0.78 4.61 0.78 1.91 
12 0.74 1.21 3.17 0.92 2.28 3.39 1.6 0 0.33 0.2 1.9 0.94 0.0 0 2.54 2.34 1.23 0.43 3.29 0.45 0 3.67 0.65 0 2.73 2.79 0.43 1.6 0 1.85 0 0.98 0.51 0.9 0.7 0.33 0 0 1.17 0 0.08 1.6 1.64 2.28 0.23 0.42 0 3.67 0 0 0 0.51 0 2.53 2.03 3.93 0 1.49 0 3.48 2.15 1.76 0.52 1.54 0 0.94 1.85 0.8 0.3 4.61 0.89 4.8 0 2.63 1.91 1.32 
13 2.79 0 0 0 0.28 0.27 0.48 0 0 0 0 0 0 0.0 1.36 1.04 3.86 0.5 3.51 0.51 0.82 0.47 0.7 0 0 3.26 2.91 0.43 1.29 0 0 6.46 0 0.6 0 0 1.02 1.23 0.57 0 2.16 0.89 0 1.88 2.65 0.51 0 0 1.17 0 3.14 0 0 0 0.43 7.86 3.45 0 0 1.85 0 2.34 1.37 3.95 0 0 2.28 2.28 0 0 2.54 0 1.41 0.6 0 0 
14 1.06 0 1.56 0 2.54 0.62 4.69 0 0.22 4.56 0.9 0 2.54 1.36 0.0 3.11 2.83 1.21 6.72 0 0.72 4.42 5.27 0 3.45 0 0 0 3.02 0 0 4.56 3.76 4.23 1.23 0.35 4.42 0 0 1.25 0 0 2.46 2.31 2.53 1.79 1.11 0 0.63 0 2.9 0.62 0.33 0.12 0.99 2.07 0 1.17 2.79 0 3.26 5.36 0.8 0.82 2.74 0 0.92 0.37 1.29 3.33 1.92 0 0 0 1.68 3.67 
15 3.42 0 1.6 2.83 0.78 0 0 2.63 0 1.96 1.84 0 2.34 1.04 3.11 0.0 0.7 1.37 3.76 0 0.94 0 0.62 0.85 2.27 0 3.8 0 0.47 0 1.79 1.0 4.61 1.41 1.88 2.45 0 0.15 0 2.96 0.68 3.08 1.88 2.83 2.9 1.22 1.29 1.41 0 3.14 7.1 1.41 0.63 0.55 0 0 0 0.38 0 0 1.23 2.92 1.97 0.7 0 2.9 0.8 0 0.42 0 1.51 0 0.75 2.16 0 0 
16 0.32 0 1.69 0.35 1.48 3.48 0.2 0 0 1.42 0.58 4.14 1.23 3.86 2.83 0.7 0.0 1.32 2.16 3.95 0 3.01 0.38 0 0 2.63 0 3.2 0 0 2.26 3.86 1.05 0.49 2.73 2.22 1.64 1.72 2.4 0 0 0 0.37 1.6 0 1.79 1.17 0.58 2.82 0.35 2.53 0.49 3.11 2.4 0 2.16 0 2.71 1.85 0 2.07 0.55 0.3 0.23 1.21 1.72 4.71 2.26 0.28 0 2.07 0 2.54 0.8 0.94 0.74 
17 1.01 0 1.11 1.13 0.92 0 0.62 1.11 0.86 2.03 0.9 0.5 0.43 0.5 1.21 1.37 1.32 0.0 3.29 1.13 0.73 0.53 2.92 0 2.45 3.17 0 0.4 1.72 1.02 0 1.97 0 0 0.66 2.79 1.52 0 3.29 0 0 0 2.09 0 0 0.37 1.69 2.03 0.45 1.29 2.66 0.1 1.29 2.35 3.2 2.09 2.03 0.6 1.05 0.7 3.08 1.49 1.48 1.79 1.64 1.91 0 0.47 0 1.68 0.8 5.83 0.99 0.78 0.42 0 
18 0 0.6 0.67 2.03 5.19 0.97 1.97 0 1.84 0.66 1.97 5.83 3.29 3.51 6.72 3.76 2.16 3.29 0.0 4.99 8.87 0 0 3.55 1.22 0 0 0 4.42 4.89 5.7 3.67 0 1.91 2.71 1.8 6.02 1.09 1.52 0.35 1.98 4.94 0 0.62 1.77 6.08 0.73 5.36 2.03 0 0.37 2.45 1.88 2.83 7.48 0.55 0 7.98 1.91 0 9.5 3.45 2.53 3.55 0 5.45 1.96 0 1.45 8.36 0 2.78 0.43 0 5.95 4.56 
19 0.38 2.9 0.57 1.6 0.82 0 1.97 0 0.27 2.28 1.72 0.7 0.45 0.51 0 0 3.95 1.13 4.99 0.0 0.57 1.52 0 0 5.18 2.9 1.29 0.92 0 0.4 0 0 0 1.56 0 0 0 0 0.9 0 1.25 0 0 0 3.86 0 0 2.16 1.85 0 0.78 0 0 0.43 0.13 3.45 3.7 0 1.54 0 1.72 0.82 0 2.77 0 0 1.48 2.28 1.09 1.76 0 2.65 0.48 0 0.58 0 
20 1.41 0 3.01 0.9 3.67 1.13 0.63 3.67 0 1.0 2.27 4.89 0 0.82 0.72 0.94 0 0.73 8.87 0.57 0.0 1.36 0 3.45 1.09 8.87 5.07 2.07 1.91 0.7 0 4.37 5.46 1.64 1.85 0 0 0.37 3.39 0 3.08 0.9 0 3.08 0.94 0 1.21 0 0.32 0 2.58 0 0 4.14 0.45 4.87 0 0.8 0 0 0.62 2.92 2.22 0 0.85 2.27 0 2.16 0.55 0.3 0.56 1.04 2.15 3.76 0 0 
21 3.42 0 0.25 0 1.36 1.22 0.9 1.45 0 1.92 3.26 0 3.67 0.47 4.42 0 3.01 0.53 0 1.52 1.36 0.0 0.3 0 0 3.51 3.11 0.9 0 0 0 1.07 0 2.26 1.66 2.34 0.17 0 4.99 6.21 0.65 0 0 0 0.68 0 1.13 0.23 0.31 0.67 3.14 2.82 0 1.76 0 0 2.4 0 4.42 0 0 0 0 2.73 0 0.95 3.7 1.13 1.88 0 1.36 1.6 1.84 0 0.49 2.26 
22 1.85 0 1.51 0 3.67 2.73 0.37 2.71 0.72 5.83 6.84 5.55 0.65 0.7 5.27 0.62 0.38 2.92 0 0 0 0.3 0.0 1.29 0 0 0 2.16 0 0.48 1.98 3.88 3.76 0.27 1.41 0 0.47 2.09 0 1.84 3.48 0 0.18 0.18 0.58 0.48 0 1.48 2.16 0 0 1.6 0 2.03 0 2.31 1.42 0 1.92 4.13 3.67 1.13 0 1.69 0.51 5.74 1.1 1.33 0.38 0.42 0 2.03 2.9 0 0 3.42 
23 0 0.47 0.42 0 0 0.73 1.36 2.71 2.9 0 2.9 0.95 0 0 0 0.85 0 0 3.55 0 3.45 0 1.29 0.0 0 2.22 0 2.71 0 2.53 1.97 6.59 0.45 0 1.56 3.02 0 0 0.87 0 0 0.43 0.55 0.17 1.36 2.4 2.59 2.53 1.45 0.94 2.63 1.98 1.72 3.2 0 0 0 0 2.65 1.15 0.97 0 0 0.85 1.42 0 2.46 0 1.66 2.77 2.27 3.26 0.67 0 0 0.5 
24 0 0.98 3.11 0.23 0.63 2.07 0 0 0 0 3.76 0 2.73 0 3.45 2.27 0 2.45 1.22 5.18 1.09 0 0 0 0.0 0.38 1.33 4.52 3.58 0.8 0 1.56 0.3 0.38 0 4.52 2.23 2.31 4.33 1.09 1.48 0.43 1.85 1.54 0 1.72 4.14 3.14 0 0.66 1.9 0.86 4.42 0.83 0 1.06 0 2.35 0.62 0 1.15 0.78 1.25 1.69 3.58 0.83 0.95 1.49 0 0.97 1.14 3.94 3.01 0.45 0 1.29 
25 3.11 5.32 0.7 0 1.56 0.97 0.57 0.58 3.95 0.39 1.42 1.49 2.79 3.26 0 0 2.63 3.17 0 2.9 8.87 3.51 0 2.22 0.38 0.0 0 0.8 0.85 6.46 0 1.11 0.47 2.22 5.07 2.46 2.54 8.24 1.17 0 2.41 2.9 0.83 0.75 0.63 1.84 0 0.99 6.72 3.29 0.13 2.54 5.7 2.34 3.39 0.85 3.76 0 2.16 2.07 0 2.39 5.7 4.31 7.48 2.03 5.07 1.37 3.48 6.4 4.56 0 1.69 0 4.61 4.43 
26 0.1 1.85 0 1.88 1.39 1.79 0.55 0 1.32 2.41 0.33 0 0.43 2.91 0 3.8 0 0 0 1.29 5.07 3.11 0 0 1.33 0 0.0 0.7 3.8 2.07 2.53 1.21 0.33 0.86 0 1.32 1.49 3.39 1.88 1.6 1.39 0 0.68 2.22 1.88 2.28 0.62 4.05 1.54 0 3.42 0 0.92 1.6 3.29 1.52 2.46 3.8 1.77 0.57 2.9 1.56 1.72 0 1.88 2.35 1.85 0.47 1.65 5.32 2.77 5.57 0.59 0 1.02 1.14 
27 1.51 0 1.23 3.29 1.27 0 0.86 0.63 0 0 0 0 1.6 0.43 0 0 3.2 0.4 0 0.92 2.07 0.9 2.16 2.71 4.52 0.8 0.7 0.0 1.6 0.49 0 6.08 0 0.48 0.43 0.27 2.26 1.79 0 1.41 0 0 0 0 1.41 0.37 0.13 1.79 0.86 1.68 1.76 0.43 0 1.42 0.51 3.51 0 0 0.5 0 0 0 1.09 3.29 0 0 0 1.52 0 0 0 0.48 0 0 0.33 0.92 
28 3.04 0 0.62 3.01 2.66 1.23 0.7 1.45 0 1.68 6.33 3.2 0 1.29 3.02 0.47 0 1.72 4.42 0 1.91 0 0 0 3.58 0.85 3.8 1.6 0.0 0.74 0.47 7.6 0.65 0.25 0 1.52 0 0 0.85 1.72 0.57 0 0 0 3.2 0.78 1.85 0.59 0.8 0 4.14 2.16 1.79 0.75 0 0.99 1.85 1.91 1.72 0 0 0.94 0.1 0.33 0 2.19 0 3.42 2.15 0 1.25 0 2.71 0.68 0 0 
29 0.3 0 0.63 3.39 1.39 0.37 2.53 0 0 2.59 1.6 0 1.85 0 0 0 0 1.02 4.89 0.4 0.7 0 0.48 2.53 0.8 6.46 2.07 0.49 0.74 0.0 0.35 0 0.67 0 0.55 1.48 0 0 0 0 0.53 1.6 0 1.41 0 0.25 0 0.68 0 2.53 4.42 1.6 0.74 0 0.82 7.6 0 0 0 0 1.54 0 0.86 1.25 0.7 0 0.77 0.28 1.41 1.36 0.37 1.36 1.49 0.42 0 2.03 
30 0.55 0 0 0 0 1.22 1.52 1.54 1.36 1.45 3.76 3.76 0 0 0 1.79 2.26 0 5.7 0 0 0 1.98 1.97 0 0 2.53 0 0.47 0.35 0.0 0 3.2 0 0.59 1.02 1.17 0.78 1.56 3.39 0.45 0 0.5 0 1.91 0 0 0.51 0.43 0.55 2.53 0 0.27 1.29 0.47 2.15 1.45 0.86 3.2 4.33 0.5 0 0.55 2.16 2.16 1.72 4.52 0.99 1.01 0.9 0 2.45 4.31 0.63 0.37 1.39 
31 2.28 0.9 1.96 1.97 5.45 2.35 0 0 0.65 2.15 0.51 1.6 0.98 6.46 4.56 1.0 3.86 1.97 3.67 0 4.37 1.07 3.88 6.59 1.56 1.11 1.21 6.08 7.6 0 0 0.0 1.48 4.42 0.67 3.29 2.7 1.12 1.69 0.27 3.29 3.76 2.5 5.46 1.13 1.92 0.65 5.93 0 0.7 1.54 0 4.14 3.8 0 2.66 5.27 3.63 0.3 2.46 1.32 8.87 0.94 5.95 6.78 1.17 3.29 2.22 5.45 0 4.68 0 2.03 3.2 0.94 5.07 
32 1.36 0 0 0.49 0.48 2.83 0 1.09 2.03 0.89 2.79 3.29 0.51 0 3.76 4.61 1.05 0 0 0 5.46 0 3.76 0.45 0.3 0.47 0.33 0 0.65 0.67 3.2 1.48 0.0 0 0.5 0 0 0.89 0 1.27 0.75 0 0 2.09 0.2 0 1.91 4.42 3.86 0 0.12 0.25 0.58 2.03 1.8 1.23 0 0 1.17 1.92 6.02 3.02 4.18 2.16 1.88 1.97 0 3.17 0 3.45 1.04 2.35 0.86 1.13 1.45 1.48 
33 1.6 0.75 0.94 0.99 0 2.82 0.75 1.91 1.29 1.85 2.4 4.33 0.9 0.6 4.23 1.41 0.49 0 1.91 1.56 1.64 2.26 0.27 0 0.38 2.22 0.86 0.48 0.25 0 0 4.42 0 0.0 0 0 3.11 3.39 0 1.21 1.98 1.69 1.69 0 0 1.48 0 0 0 0 3.67 0 0 2.46 0 0.73 1.88 2.4 0.57 5.27 0 0 0.35 0.23 2.45 1.84 0.89 0 0.74 0.57 1.76 3.76 1.25 0.47 0 0.27 
34 0.62 2.03 0.32 1.79 0.89 0.78 1.11 0 0.27 0.5 0 1.54 0.7 0 1.23 1.88 2.73 0.66 2.71 0 1.85 1.66 1.41 1.56 0 5.07 0 0.43 0 0.55 0.59 0.67 0.5 0 0.0 0 0.5 0 1.02 1.09 0 0.73 1.68 1.52 1.17 0.17 0.08 2.35 1.17 3.58 4.81 1.29 0 1.05 0 3.08 0 0 0 0 3.58 0 1.72 1.91 3.02 1.17 1.97 0.63 1.65 0.6 2.16 3.39 0.98 0.47 1.36 0.94 
35 2.28 0 1.85 1.33 0 0 1.06 0.2 0.2 0 0 0.92 0.33 0 0.35 2.45 2.22 2.79 1.8 0 0 2.34 0 3.02 4.52 2.46 1.32 0.27 1.52 1.48 1.02 3.29 0 0 0 0.0 2.46 1.37 0 1.6 0.98 2.11 0 3.02 0 0 0 0.58 1.13 0 2.46 0 0 0.12 0.92 4.61 0 0.42 0 0.78 0 0 0 0.67 0 0 0 0.47 0 0 0 0 0.37 0 2.03 0 
36 4.18 2.09 0.4 4.52 1.02 0.62 0 3.76 0.58 0.94 0 0 0 1.02 4.42 0 1.64 1.52 6.02 0 0 0.17 0.47 0 2.23 2.54 1.49 2.26 0 0 1.17 2.7 0 3.11 0.5 2.46 0.0 0.12 5.27 3.39 0 0 0 1.52 0 1.88 0 0.56 1.13 4.71 2.35 2.34 0.47 1.84 2.03 0 0 1.23 4.8 0 1.04 0 1.6 3.67 0 0 2.42 1.29 0 0.66 0.47 0.27 2.07 2.82 0 2.82 
37 4.05 2.34 0.43 0.82 0 0 4.18 3.39 0.5 5.18 3.33 0.83 0 1.23 0 0.15 1.72 0 1.09 0 0.37 0 2.09 0 2.31 8.24 3.39 1.79 0 0 0.78 1.12 0.89 3.39 0 1.37 0.12 0.0 4.89 0.9 1.8 0 0 0 3.14 1.11 1.72 0 1.22 4.99 0 0.65 1.42 0 2.45 2.89 2.11 0.51 0.82 1.96 1.04 0.98 2.82 3.95 0 5.18 2.23 1.17 3.55 0 0.15 0.94 1.99 3.2 1.88 0.48 
38 2.45 0.83 3.86 0.55 3.93 0 1.33 0.27 0 2.79 0.89 0 1.17 0.57 0 0 2.4 3.29 1.52 0.9 3.39 4.99 0 0.87 4.33 1.17 1.88 0 0.85 0 1.56 1.69 0 0 1.02 0 5.27 4.89 0.0 0.7 2.91 0 3.76 3.45 1.91 2.22 0 1.99 0 4.14 3.11 3.01 0.47 0.74 0 0.62 0 2.59 0.15 0 3.94 0 4.61 0 0 0 0 0 3.2 0 0 5.83 1.65 0 0 1.13 
39 0.86 0 0.57 0 3.67 0 1.6 0 1.79 0.51 1.39 2.35 0 0 1.25 2.96 0 0 0.35 0 0 6.21 1.84 0 1.09 0 1.6 1.41 1.72 0 3.39 0.27 1.27 1.21 1.09 1.6 3.39 0.9 0.7 0.0 0 0.77 2.96 0 0.92 2.22 0 0 3.95 0 1.9 1.29 1.97 1.54 0 0 0 2.96 0.62 3.76 4.0 2.11 3.76 1.21 0.95 1.36 3.67 0.38 0.47 3.63 0 0 0.47 1.41 3.86 1.54 
40 1.32 1.79 0 0 1.98 3.67 0.99 1.23 0.42 1.14 0.3 1.79 0.08 2.16 0 0.68 0 0 1.98 1.25 3.08 0.65 3.48 0 1.48 2.41 1.39 0 0.57 0.53 0.45 3.29 0.75 1.98 0 0.98 0 1.8 2.91 0 0.0 2.28 0 0.57 0.15 1.09 1.36 2.46 0 1.98 2.03 1.04 0 0.42 0 0.47 2.09 0.68 0.86 5.32 2.23 0.73 0.5 0.37 0.78 0.47 0 2.15 2.28 3.08 5.18 2.07 0.68 2.45 1.91 0.99 
41 0.6 0.18 0 0.48 2.28 1.68 0 0 0 1.72 0.94 0 1.6 0.89 0 3.08 0 0 4.94 0 0.9 0 0 0.43 0.43 2.9 0 0 0 1.6 0 3.76 0 1.69 0.73 2.11 0 0 0 0.77 2.28 0.0 0 0 1.25 0 0 2.34 1.41 0.35 2.4 1.06 0.77 0 2.35 3.26 0 0 0 0 3.26 0 0.3 1.41 0 1.09 0 0.68 0.5 0 0.9 0 0 0.27 0.47 0 
42 2.22 0 0.94 1.91 0 2.46 1.6 0 0.83 0 0.95 0 1.64 0 2.46 1.88 0.37 2.09 0 0 0 0 0.18 0.55 1.85 0.83 0.68 0 0 0 0.5 2.5 0 1.69 1.68 0 0 0 3.76 2.96 0 0 0.0 0 0 0 2.77 0.58 2.03 2.26 0.7 2.63 2.77 0 0 3.45 0 3.14 3.2 0 3.08 0.37 0.27 1.51 0.15 0 2.78 1.6 0.48 0 3.14 2.71 0 0.59 0 1.29 
43 0 0.37 0 2.45 0.55 0.65 0 0 0.77 0 0 1.0 2.28 1.88 2.31 2.83 1.6 0 0.62 0 3.08 0 0.18 0.17 1.54 0.75 2.22 0 0 1.41 0 5.46 2.09 0 1.52 3.02 1.52 0 3.45 0 0.57 0 0 0.0 0.48 2.16 0 0 1.97 0 0 2.16 0 0.9 0 6.46 0.18 0 2.9 0 3.08 0 0 0.18 0 0 1.12 0.62 1.6 0 0 0.75 2.77 0.2 0 1.85 
44 0 2.45 1.6 0.28 0 0.73 0 2.73 0.57 1.13 1.02 2.34 0.23 2.65 2.53 2.9 0 0 1.77 3.86 0.94 0.68 0.58 1.36 0 0.63 1.88 1.41 3.2 0 1.91 1.13 0.2 0 1.17 0 0 3.14 1.91 0.92 0.15 1.25 0 0.48 0.0 0 0 1.68 0.63 1.22 0 1.13 0 0 4.33 2.26 0.45 2.96 2.07 3.14 1.02 4.14 0.48 1.69 1.68 0 4.05 2.26 0 0 2.35 3.51 0 0 1.29 0.82 
45 0.23 0 0.86 0 0.12 0 1.05 0 0.59 2.28 0 2.16 0.42 0.51 1.79 1.22 1.79 0.37 6.08 0 0 0 0.48 2.4 1.72 1.84 2.28 0.37 0.78 0.25 0 1.92 0 1.48 0.17 0 1.88 1.11 2.22 2.22 1.09 0 0 2.16 0 0.0 0.47 0 0.15 3.58 0.72 0.37 0 1.06 0 7.1 0.73 0.59 1.91 2.4 0 1.66 0.86 1.17 0 0 0 0.8 1.13 0.43 2.54 0.43 0.55 0 0.23 0.47 
46 0 1.37 0 0.5 0.15 0 0.32 0 0 0 0 0 0 0 1.11 1.29 1.17 1.69 0.73 0 1.21 1.13 0 2.59 4.14 0 0.62 0.13 1.85 0 0 0.65 1.91 0 0.08 0 0 1.72 0 0 1.36 0 2.77 0 0 0.47 0.0 2.54 1.29 2.4 2.34 2.07 0.2 0 0.27 4.61 0.8 1.23 1.29 0 0 0 0 0 3.14 0 1.17 0.56 0.25 0 3.48 0 1.48 1.85 0 0.47 
47 0.43 1.72 1.05 2.53 1.23 0 3.17 3.29 2.82 0 0.85 0 3.67 0 0 1.41 0.58 2.03 5.36 2.16 0 0.23 1.48 2.53 3.14 0.99 4.05 1.79 0.59 0.68 0.51 5.93 4.42 0 2.35 0.58 0.56 0 1.99 0 2.46 2.34 0.58 0 1.68 0 2.54 0.0 0 4.14 4.99 2.92 0 0 2.92 4.19 0 1.79 4.33 0 1.6 1.51 1.23 2.03 0 0.92 5.36 3.42 2.66 1.04 0 1.22 0 0 1.04 3.04 
48 1.88 0.43 0.51 0.6 1.32 0.66 2.41 1.79 2.35 1.68 0 0 0 1.17 0.63 0 2.82 0.45 2.03 1.85 0.32 0.31 2.16 1.45 0 6.72 1.54 0.86 0.8 0 0.43 0 3.86 0 1.17 1.13 1.13 1.22 0 3.95 0 1.41 2.03 1.97 0.63 0.15 1.29 0 0.0 1.52 6.08 2.45 0.3 3.39 0 1.04 0 0.3 2.4 0.8 0 1.79 1.69 0.48 1.41 4.61 1.99 0.35 0.92 1.05 0 0.32 0 0 0.75 1.05 
49 0 1.69 1.02 0 1.29 0.77 1.98 2.4 0 2.35 0 3.08 0 0 0 3.14 0.35 1.29 0 0 0 0.67 0 0.94 0.66 3.29 0 1.68 0 2.53 0.55 0.7 0 0 3.58 0 4.71 4.99 4.14 0 1.98 0.35 2.26 0 1.22 3.58 2.4 4.14 1.52 0.0 2.28 1.6 1.64 4.42 0 4.05 0 3.33 3.29 2.46 1.04 3.76 0.98 0.68 3.11 1.92 0 2.03 0.43 4.71 5.74 3.51 2.92 0.78 3.11 0.47 
50 0.48 2.09 0.6 1.52 0 0 3.55 2.16 2.53 0.68 1.6 0 0 3.14 2.9 7.1 2.53 2.66 0.37 0.78 2.58 3.14 0 2.63 1.9 0.13 3.42 1.76 4.14 4.42 2.53 1.54 0.12 3.67 4.81 2.46 2.35 0 3.11 1.9 2.03 2.4 0.7 0 0 0.72 2.34 4.99 6.08 2.28 0.0 2.07 0 1.56 0 0 3.01 0 3.17 5.18 1.19 0.9 1.52 0.43 3.14 1.45 0 4.18 4.05 5.83 1.17 2.62 0.78 3.2 0.72 1.91 
51 0.18 1.11 0 0.39 1.51 0.53 0.56 2.16 2.45 0.78 2.73 3.39 0.51 0 0.62 1.41 0.49 0.1 2.45 0 0 2.82 1.6 1.98 0.86 2.54 0 0.43 2.16 1.6 0 0 0.25 0 1.29 0 2.34 0.65 3.01 1.29 1.04 1.06 2.63 2.16 1.13 0.37 2.07 2.92 2.45 1.6 2.07 0.0 0.98 0.52 1.49 2.22 0 0 0 2.96 0 3.11 1.17 1.13 3.39 2.28 0 0 0.62 3.76 0 1.76 0 0.25 0 0.18 
52 0.55 2.16 0 3.11 0 0.3 0.35 0.47 0.43 0 1.21 0.45 0 0 0.33 0.63 3.11 1.29 1.88 0 0 0 0 1.72 4.42 5.7 0.92 0 1.79 0.74 0.27 4.14 0.58 0 0 0 0.47 1.42 0.47 1.97 0 0.77 2.77 0 0 0 0.2 0 0.3 1.64 0 0.98 0.0 1.17 0.22 2.11 0 0.92 1.6 0 3.29 0 0 0.57 0 0 0.57 0.85 0.27 1.33 3.01 0.55 0 0.5 0 1.77 
53 2.79 0 0.6 0.6 1.48 0.62 1.91 0.31 0 2.73 2.15 0 2.53 0 0.12 0.55 2.4 2.35 2.83 0.43 4.14 1.76 2.03 3.2 0.83 2.34 1.6 1.42 0.75 0 1.29 3.8 2.03 2.46 1.05 0.12 1.84 0 0.74 1.54 0.42 0 0 0.9 0 1.06 0 0 3.39 4.42 1.56 0.52 1.17 0.0 0.33 1.8 0 1.91 0 0.27 0 2.11 4.14 4.14 4.0 0.22 0 1.69 0 3.26 0.83 2.03 2.53 0 3.67 3.17 
54 2.54 0 1.33 4.33 0.37 2.26 0.57 1.17 0.2 0 1.41 0 2.03 0.43 0.99 0 0 3.2 7.48 0.13 0.45 0 0 0 0 3.39 3.29 0.51 0 0.82 0.47 0 1.8 0 0 0.92 2.03 2.45 0 0 0 2.35 0 0 4.33 0 0.27 2.92 0 0 0 1.49 0.22 0.33 0.0 0 0 0.23 1.29 0 0.62 0 1.64 0 3.88 1.29 1.25 2.79 1.85 0.67 0 0 0 0 0 1.06 
55 1.64 0 1.99 2.54 0.82 4.13 1.64 2.71 1.99 0.74 1.17 4.23 3.93 7.86 2.07 0 2.16 2.09 0.55 3.45 4.87 0 2.31 0 1.06 0.85 1.52 3.51 0.99 7.6 2.15 2.66 1.23 0.73 3.08 4.61 0 2.89 0.62 0 0.47 3.26 3.45 6.46 2.26 7.1 4.61 4.19 1.04 4.05 0 2.22 2.11 1.8 0 0.0 0 8.74 3.93 1.0 1.42 4.25 0 2.53 8.24 5.07 0.78 0 4.33 3.01 5.11 7.62 1.02 0 3.57 5.57 
56 0 0 1.85 1.54 0 3.02 1.72 0 3.2 0 3.26 2.46 0 3.45 0 0 0 2.03 0 3.7 0 2.4 1.42 0 0 3.76 2.46 0 1.85 0 1.45 5.27 0 1.88 0 0 0 2.11 0 0 2.09 0 0 0.18 0.45 0.73 0.8 0 0 0 3.01 0 0 0 0 0 0.0 0.99 2.96 1.24 3.76 0 1.48 1.32 0 0 0 1.64 0 1.88 0 0 0 0.82 0 0 
57 2.63 0 1.79 0.78 1.29 1.13 1.97 1.66 0.33 0 2.83 2.4 1.49 0 1.17 0.38 2.71 0.6 7.98 0 0.8 0 0 0 2.35 0 3.8 0 1.91 0 0.86 3.63 0 2.4 0 0.42 1.23 0.51 2.59 2.96 0.68 0 3.14 0 2.96 0.59 1.23 1.79 0.3 3.33 0 0 0.92 1.91 0.23 8.74 0.99 0.0 0 0 0 2.16 0 2.77 0 0 2.77 0 2.54 2.54 1.17 0 0.73 0 0 3.29 
58 0 0.7 2.09 0.94 2.35 2.59 1.02 0 0 0.55 0 0.59 0 0 2.79 0 1.85 1.05 1.91 1.54 0 4.42 1.92 2.65 0.62 2.16 1.77 0.5 1.72 0 3.2 0.3 1.17 0.57 0 0 4.8 0.82 0.15 0.62 0.86 0 3.2 2.9 2.07 1.91 1.29 4.33 2.4 3.29 3.17 0 1.6 0 1.29 3.93 2.96 0 0.0 0 0 6.84 5.19 2.22 1.0 0.55 2.53 0 1.66 3.45 2.27 0 0.47 4.81 0.67 1.42 
59 1.49 1.05 4.71 2.03 4.81 0 1.84 0 0 5.57 1.17 0 3.48 1.85 0 0 0 0.7 0 0 0 0 4.13 1.15 0 2.07 0.57 0 0 0 4.33 2.46 1.92 5.27 0 0.78 0 1.96 0 3.76 5.32 0 0 0 3.14 2.4 0 0 0.8 2.46 5.18 2.96 0 0.27 0 1.0 1.24 0 0 0.0 3.7 0 5.55 5.65 4.93 0 0.92 0 0.73 0 5.27 1.0 0.58 2.27 4.99 2.46 
60 0.72 2.77 1.37 2.31 4.56 0.7 0.72 4.52 3.86 1.1 2.58 3.76 2.15 0 3.26 1.23 2.07 3.08 9.5 1.72 0.62 0 3.67 0.97 1.15 0 2.9 0 0 1.54 0.5 1.32 6.02 0 3.58 0 1.04 1.04 3.94 4.0 2.23 3.26 3.08 3.08 1.02 0 0 1.6 0 1.04 1.19 0 3.29 0 0.62 1.42 3.76 0 0 3.7 0.0 0.47 3.48 0 0 4.13 0 5.32 4.81 0.23 0.38 0.47 3.88 0.7 1.09 0.67 
61 4.31 0 1.23 3.86 0.5 0 0 0 0 0 5.65 0 1.76 2.34 5.36 2.92 0.55 1.49 3.45 0.82 2.92 0 1.13 0 0.78 2.39 1.56 0 0.94 0 0 8.87 3.02 0 0 0 0 0.98 0 2.11 0.73 0 0.37 0 4.14 1.66 0 1.51 1.79 3.76 0.9 3.11 0 2.11 0 4.25 0 2.16 6.84 0 0.47 0.0 0.25 2.63 0.82 0 0 4.69 1.06 0.86 2.82 0 0.9 1.23 0 3.93 
62 2.07 0.31 0 2.45 1.29 1.54 0.55 0 1.37 2.4 0 0.85 0.52 1.37 0.8 1.97 0.3 1.48 2.53 0 2.22 0 0 0 1.25 5.7 1.72 1.09 0.1 0.86 0.55 0.94 4.18 0.35 1.72 0 1.6 2.82 4.61 3.76 0.5 0.3 0.27 0 0.48 0.86 0 1.23 1.69 0.98 1.52 1.17 0 4.14 1.64 0 1.48 0 5.19 5.55 3.48 0.25 0.0 0 0 3.26 5.46 1.02 1.41 0 0.62 1.25 0.67 0 0 1.79 
63 2.07 0 0.63 0 0 0 0 0 2.34 1.79 3.86 0.82 1.54 3.95 0.82 0.7 0.23 1.79 3.55 2.77 0 2.73 1.69 0.85 1.69 4.31 0 3.29 0.33 1.25 2.16 5.95 2.16 0.23 1.91 0.67 3.67 3.95 0 1.21 0.37 1.41 1.51 0.18 1.69 1.17 0 2.03 0.48 0.68 0.43 1.13 0.57 4.14 0 2.53 1.32 2.77 2.22 5.65 0 2.63 0 0.0 0 3.08 5.18 0 0 3.67 0.83 0.77 1.29 0.85 0.37 0.35 
64 1.68 0 1.13 0 2.59 0 1.33 3.51 0.94 0 0 0 0 0 2.74 0 1.21 1.64 0 0 0.85 0 0.51 1.42 3.58 7.48 1.88 0 0 0.7 2.16 6.78 1.88 2.45 3.02 0 0 0 0 0.95 0.78 0 0.15 0 1.68 0 3.14 0 1.41 3.11 3.14 3.39 0 4.0 3.88 8.24 0 0 1.0 4.93 0 0.82 0 0 0.0 0 0 0 1.41 0.58 1.99 2.71 0.97 0 1.79 2.46 
65 1.21 0 4.33 0.63 4.43 0 4.94 1.23 0.98 3.29 1.27 0.27 0.94 0 0 2.9 1.72 1.91 5.45 0 2.27 0.95 5.74 0 0.83 2.03 2.35 0 2.19 0 1.72 1.17 1.97 1.84 1.17 0 0 5.18 0 1.36 0.47 1.09 0 0 0 0 0 0.92 4.61 1.92 1.45 2.28 0 0.22 1.29 5.07 0 0 0.55 0 4.13 0 3.26 3.08 0 0.0 0 3.55 1.49 4.07 6.02 4.0 1.69 4.8 0.83 3.2 
66 0 0 4.71 0 1.49 4.89 5.57 1.42 0 2.03 0 0.12 1.85 2.28 0.92 0.8 4.71 0 1.96 1.48 0 3.7 1.1 2.46 0.95 5.07 1.85 0 0 0.77 4.52 3.29 0 0.89 1.97 0 2.42 2.23 0 3.67 0 0 2.78 1.12 4.05 0 1.17 5.36 1.99 0 0 0 0.57 0 1.25 0.78 0 2.77 2.53 0.92 0 0 5.46 5.18 0 0 0.0 0.53 0 2.66 2.5 0 3.17 2.19 5.08 4.81 
67 0.31 1.85 2.28 0 0.27 0.94 0.55 0.35 0.62 3.17 0.94 0.98 0.8 2.28 0.37 0 2.26 0.47 0 2.28 2.16 1.13 1.33 0 1.49 1.37 0.47 1.52 3.42 0.28 0.99 2.22 3.17 0 0.63 0.47 1.29 1.17 0 0.38 2.15 0.68 1.6 0.62 2.26 0.8 0.56 3.42 0.35 2.03 4.18 0 0.85 1.69 2.79 0 1.64 0 0 0 5.32 4.69 1.02 0 0 3.55 0.53 0.0 0.18 4.81 4.94 2.4 0 3.17 0.86 0.43 
68 0.27 0 0.27 0.78 0 0 0.47 1.23 1.88 2.63 0 4.56 0.3 0 1.29 0.42 0.28 0 1.45 1.09 0.55 1.88 0.38 1.66 0 3.48 1.65 0 2.15 1.41 1.01 5.45 0 0.74 1.65 0 0 3.55 3.2 0.47 2.28 0.5 0.48 1.6 0 1.13 0.25 2.66 0.92 0.43 4.05 0.62 0.27 0 1.85 4.33 0 2.54 1.66 0.73 4.81 1.06 1.41 0 1.41 1.49 0 0.18 0.0 0 0.62 0.58 3.42 1.77 1.65 0.16 
69 1.45 0 0 0 0 0 0.57 4.33 0 2.35 5.83 5.74 4.61 0 3.33 0 0 1.68 8.36 1.76 0.3 0 0.42 2.77 0.97 6.4 5.32 0 0 1.36 0.9 0 3.45 0.57 0.6 0 0.66 0 0 3.63 3.08 0 0 0 0 0.43 0 1.04 1.05 4.71 5.83 3.76 1.33 3.26 0.67 3.01 1.88 2.54 3.45 0 0.23 0.86 0 3.67 0.58 4.07 2.66 4.81 0 0.0 0.99 0.85 3.51 1.85 0 2.09 
70 0 0 2.09 3.57 4.31 0.27 0.7 1.72 3.58 0 5.93 5.46 0.89 2.54 1.92 1.51 2.07 0.8 0 0 0.56 1.36 0 2.27 1.14 4.56 2.77 0 1.25 0.37 0 4.68 1.04 1.76 2.16 0 0.47 0.15 0 0 5.18 0.9 3.14 0 2.35 2.54 3.48 0 0 5.74 1.17 0 3.01 0.83 0 5.11 0 1.17 2.27 5.27 0.38 2.82 0.62 0.83 1.99 6.02 2.5 4.94 0.62 0.99 0.0 0 3.7 0 1.72 1.49 
71 4.94 0 2.92 0.92 0.55 0 4.81 0 0.67 0 5.93 3.7 4.8 0 0 0 0 5.83 2.78 2.65 1.04 1.6 2.03 3.26 3.94 0 5.57 0.48 0 1.36 2.45 0 2.35 3.76 3.39 0 0.27 0.94 5.83 0 2.07 0 2.71 0.75 3.51 0.43 0 1.22 0.32 3.51 2.62 1.76 0.55 2.03 0 7.62 0 0 0 1.0 0.47 0 1.25 0.77 2.71 4.0 0 2.4 0.58 0.85 0 0.0 0 0 0.4 1.45 
72 2.53 1.56 3.2 0.33 0 0 0.43 1.11 0 1.14 0.66 0.78 0 1.41 0 0.75 2.54 0.99 0.43 0.48 2.15 1.84 2.9 0.67 3.01 1.69 0.59 0 2.71 1.49 4.31 2.03 0.86 1.25 0.98 0.37 2.07 1.99 1.65 0.47 0.68 0 0 2.77 0 0.55 1.48 0 0 2.92 0.78 0 0 2.53 0 1.02 0 0.73 0.47 0.58 3.88 0.9 0.67 1.29 0.97 1.69 3.17 0 3.42 3.51 3.7 0 0.0 4.56 0 2.16 
73 0.78 0.2 0.15 0 0.35 0.47 0.43 0.57 0.58 3.29 5.45 4.61 2.63 0.6 0 2.16 0.8 0.78 0 0 3.76 0 0 0 0.45 0 0 0 0.68 0.42 0.63 3.2 1.13 0.47 0.47 0 2.82 3.2 0 1.41 2.45 0.27 0.59 0.2 0 0 1.85 0 0 0.78 3.2 0.25 0.5 0 0 0 0.82 0 4.81 2.27 0.7 1.23 0 0.85 0 4.8 2.19 3.17 1.77 1.85 0 0 4.56 0.0 0.8 2.28 
74 0.33 1.11 0 1.91 0.25 0 0.25 1.91 0 3.86 2.83 0.78 1.91 0 1.68 0 0.94 0.42 5.95 0.58 0 0.49 0 0 0 4.61 1.02 0.33 0 0 0.37 0.94 1.45 0 1.36 2.03 0 1.88 0 3.86 1.91 0.47 0 0 1.29 0.23 0 1.04 0.75 3.11 0.72 0 0 3.67 0 3.57 0 0 0.67 4.99 1.09 0 0 0.37 1.79 0.83 5.08 0.86 1.65 0 1.72 0.4 0 0.8 0.0 0 
75 0.05 0.9 0.43 0 0.47 2.79 0.43 0 1.05 0 2.73 1.91 1.32 0 3.67 0 0.74 0 4.56 0 0 2.26 3.42 0.5 1.29 4.43 1.14 0.92 0 2.03 1.39 5.07 1.48 0.27 0.94 0 2.82 0.48 1.13 1.54 0.99 0 1.29 1.85 0.82 0.47 0.47 3.04 1.05 0.47 1.91 0.18 1.77 3.17 1.06 5.57 0 3.29 1.42 2.46 0.67 3.93 1.79 0.35 2.46 3.2 4.81 0.43 0.16 2.09 1.49 1.45 2.16 2.28 0 0.0 

;