set O:= 0;
set N:= 1 2 3 4 5 6 7 8 9 10 11 12 13 14 15 16 17 18 19 20 21 22 23 24 25 26 27 28 29 30 31 32 33 34 35 36 37 38 39 40 41 42 43 44 45 46 47 48 49 50 51 52 53 54 55 56 57 58 59 60 61 62 63 64 65 66 67 68 69 70 71 72 73 74 75;
set K:= 1 2 3 4 5 6 7 8 9 10;
param V:= 10;
param cp:= 140;
param dm:= 5.0;
param o:=
0 0
1 18
2 26
3 11
4 30
5 21
6 19
7 15
8 16
9 29
10 26
11 37
12 16
13 12
14 31
15 8
16 19
17 20
18 13
19 15
20 22
21 28
22 12
23 6
24 27
25 14
26 18
27 17
28 29
29 13
30 22
31 25
32 28
33 27
34 19
35 10
36 12
37 14
38 24
39 16
40 33
41 15
42 11
43 18
44 17
45 21
46 27
47 19
48 20
49 5
50 22
51 12
52 19
53 22
54 16
55 7
56 26
57 14
58 21
59 24
60 13
61 15
62 18
63 11
64 28
65 9
66 37
67 30
68 10
69 8
70 11
71 3
72 1
73 6
74 10
75 20
;
param c[*,*]
: 0 1 2 3 4 5 6 7 8 9 10 11 12 13 14 15 16 17 18 19 20 21 22 23 24 25 26 27 28 29 30 31 32 33 34 35 36 37 38 39 40 41 42 43 44 45 46 47 48 49 50 51 52 53 54 55 56 57 58 59 60 61 62 63 64 65 66 67 68 69 70 71 72 73 74 75:=
0 0 7 4 5 4 9 3 4 4188 8 29 13 7 6143 12 7539 7 2234 9 7 13 7539 17 11 9 37 2 18 6701 6 5 21 12 4747 6 5026 9214 8935 29 8 16 20 10051 11 6 4 3 8 22 9 9 4 5 7944 30 15 11 31 6 17 13 9493 25 6143 48 11 13 3 2 13 11 10889 5584 7 6 1 
1 7 0 4 5107 9 9 9 9 8882 10 13 19 35 9 19 11 3 7 9 10436 12 5 2 11 11 9326 8376 10 4 7 5 13 9 1776 7328 11 7550 8438 22 9 8097 5 3 1332 5773 7 31 6217 12 3997 15 20 7772 22 13 11 4 12 19 45 9992 6 7 2 4 12 28 8376 7 8 11 9 36 4 3997 26 
2 4 4 0 9 3350 5 2 7539 9 9493 14 31 6980 8 29 23 6499 10 12 19 7106 5 3553 18 11915 13 6 5584 11 18 2 23 8 3611 11 8376 7 7 14804 14 7 7 21 5 29 3909 6 15 7 19 11 4 6 16 38 18 6661 6439 25 18054 16 22 2 12 26 16609 18054 5026 2 6 30 6883 49 2 2 4 
3 5 5107 9 0 8 9 6 10 12277 8 10110 28 17 17 15 41 6 3350 4467 30 15 14 7 8 6 5 5584 12638 11554 12999 10 23 9 23 42 25 10658 14 15 7 3 8 28 5773 838 12 14 36 16 4 3350 6 11915 16 16609 30 22 13 17 38 26 14804 9388 6 10 17 18 7 11 11 52 15 9 5 45 6 
4 4 9 3350 8 0 6 4 4188 4 34 10 14 5026 5 39 7 27 8 11448 7 8097 12 8097 9 13 14 3071 2792 5863 3071 3 12006 9 5 1954 5 9 7 8655 8097 23 10331 10 18 8 2 3 11 16 18 10 4467 3 17 7 15 11 12 28 13721 10051 9 12 7 11727 9772 17 2 2 9 9493 10 7 7 5 6 
5 9 9 5 9 6 0 7259 13 22 54 17332 18 10051 4 17 2 8216 9 18 7 2665 2887 6439 20 24 18 16 3 18 5 2887 27 51 6661 9 7 9 2 17 19 10889 38 8882 17 15 2 5 2 1554 13 15 11 5 17 5329 37 10880 2665 61 17 8 5 22 8 9 18 18776 8 6 4 4 4 16 8 4 6143 
6 3 9 2 6 4 7259 0 7 13 28 8935 14 19 9 13360 8 4 6 18 18 12 8 7 6143 8 11 5 8 6 5584 3350 12 6 2234 10 9 9 9214 12 15 9 8 7259 6 5 9 6 6980 5305 5863 7818 1675 7 22 11 15 7818 18 9 21 13 8 5 4 38 10889 15887 5 6 11 13 10610 8 4 5 4 
7 4 9 7539 10 4188 13 7 0 1554 6980 26 22 5 5 5 6217 12 10 11 3 8660 41 9770 15887 17 11 3 14 41 8 6980 12 31 45 2 4 8882 7994 12 8 5584 14 12 11 8097 7 2 7772 32 56 20 6422 11 12 4219 25 11 5995 6 9 10658 14 10 14 12657 7222 8305 3 11 10214 20 10 6499 15 8655 4 
8 4188 8882 9 12277 4 22 13 1554 0 18 10 7 11 3 9 5 13 8 16 6 7 10 19 16971 19 47 16 2 10 5 6143 16 9214 24 6 4 10 8 8 10471 14 14 22 20 12 17 1 6661 6980 17 23 7259 1554 4 5 18 11546 9 8 9 9104 13 39 55 25 36 12 6 22 9 8438 11 11 16 9 9 
9 8 10 9493 8 34 54 28 6980 18 0 7 13 4 12 12999 28 26 4467 6 10331 21 17 10214 12 7 3 5305 11 15 11727 13 6138 1954 34 17 9 20 15356 7944 1444 2513 39 11 11 3350 10331 8 16 24 6980 6 11 11 42 14 7 11 17 6 15887 23 15 22 32 15 9388 24 6980 31 34 18 18 3250 31 46 7 
10 29 13 14 10110 10 17332 8935 26 10 7 0 6 4188 14 10 34 16 8 23 10110 42 38 11991 16971 14443 17 6 16 18054 59 58 6 7944 56 12 9 21 78 2528 3972 6 25 25 12 19 13 10 23 18 16 19 8097 45 6138 52 14 11769 16609 2 14 48 87 17 14804 16 3611 6 8 9 22387 22748 22748 10 9548 33 32 
11 13 19 31 28 14 18 14 22 7 13 6 0 11 14 5 15 15887 12 16609 26 18776 21 21303 41 19 17 8 14 75 16 14443 19 51 16609 9027 5416 22 23 4 36 21 29 29 43 55 12638 10 18 18 72 15 12999 19 3 9 65 91 14082 7 5 88 22 23 22 26 10 5 11 12999 22026 20942 87 9 17693 21 22 
12 7 35 6980 17 5026 10051 19 5 11 4 4188 11 0 9 39 42 22 4 7259 15 15 44 12 10 8097 6143 4 7259 10 8376 7 9 5 13 20 11 13 12 11 3 2 46 47 10331 5 14 5 10889 10 8 6 7 7 7222 9214 8655 13 42 3 53 31 16 10 28 14 8 22 7 6 13681 18 14240 3 31 17 16 
13 6143 9 8 17 5 4 9 5 3 12 14 14 9 0 7944 2443 14804 9 32 12 9 16 19 18 20 30 6422 1554 37 4 6 18415 13 16 4 4 12 18 25 16 9772 24 14 43 48 15 3 5 21 18 28 10 2 9 1554 17311 12435 2 13 10832 8 10610 39 15165 14 13 13360 5026 7 7 5995 7 52 16 7 6 
14 12 19 29 15 39 17 13360 5 9 12999 10 5 39 7944 0 11915 66 14 19137 3 19 16971 20220 26 81 16 8 9 71 12 14 12999 58 16248 7222 13 16971 15 7 14 12 29 91 85 59 10471 6499 16 17 21 34 17 14 5 5777 24 29 43 7944 4 77 20581 22 22 101 8 5416 9 15 78 35 21 10 17 31 10471 
15 7539 11 23 41 7 2 8 6217 5 28 34 15 42 2443 11915 0 12 12 34 5 2220 5 10 23 26 17 8376 3 8 2 4219 24 13681 16 4441 5773 4 2 16 69 14 11102 43 10214 52 2887 19 3331 3 45 15636 20 7 15 4 19 14 888 15 14 18 6883 28 12 12 68 22 7 8 6 3553 4 20 31 5 7 
16 7 3 6499 6 27 8216 4 12 13 26 16 15887 22 14804 66 12 0 3909 26 15165 11 11554 6 5 5 31 6 12277 9 12 8666 59 19 12 10471 52 19 20 56 10 5 5 6 3775 4 42 22 10 10832 6 5584 9 11915 56 17 20 4 39 43 22 24 15 8 4 14 32 18054 6701 6 10 24 11 9749 12 17 11 
17 2234 7 10 3350 8 9 6 10 8 4467 8 12 4 9 14 12 3909 0 7259 10 14 10 35 8 7259 6980 2 7 16 9 6 18 4 5 6 6143 14 11 7259 4 2 12 9493 8 4 7 20 18 8 23 5863 2 12 36 38 19 9214 11 9 17 28 13 13 5305 47 17 13 4 3 15 15 12844 9 7 8 3 
18 9 9 12 4467 11448 18 18 11 16 6 23 16609 7259 32 19137 34 26 7259 0 59 19545 15 10 7818 15 3 9 14 52 58 12564 10471 4 17 25 16 71 20 18 8 23 8660 9 9 3909 13402 14 64 18 5 3 29 17 33 16473 5 7 17590 22 22 20941 31 23 7818 11 15526 23 11 13 18428 21 25 10 8 13123 10051 
19 7 10436 19 30 7 7 18 3 6 10331 10110 26 15 12 3 5 15165 10 59 0 9 44 12 19 19859 26 12 3331 13 13 9 15 12 29 3 2 8 8 33 15 36 14 13 12 11448 7 3 31 34 20 15 11 3 16 4 31 13323 5 9027 8 20 27 13 65 16 9 8666 5026 10 20 10 38 21 12 20 7 
20 13 12 7106 15 8097 2665 12 8660 7 21 42 18776 15 9 19 2220 11 14 19545 9 0 20 10 12435 18 19545 11168 4885 28 8 6 51 16194 19 27 8 3 5 79 21 56 24 11 11102 20 5 14 4 5 13 23 14 6 15887 7 44 15 12 21 18 9 6883 32 11 23 42 21 20 10 5 1332 2443 40 8882 6 9 
21 7539 5 5 14 12 2887 8 41 10 17 38 21 44 16 16971 5 11554 10 15 44 20 0 5 16 19 32 37 26 3 4 4 26 13 8666 7539 10610 3 4 19137 17693 12 7 7 6 14 6 32 3 4 18 28 8376 7 32 11 18 8660 6 68 21 5 3 4 10471 7 26 87 10 22 2 20 3775 21 5 9 27 
22 17 2 3553 7 8097 6439 7 9770 19 10214 11991 21303 12 19 20220 10 6 35 10 12 10 5 0 4663 9 11 10 7772 2 13 4663 28 36 4 32 13 8 30 14 13 41 3 5 5 10 13 11 21 5107 7 10 29 8 38 11 16 5107 9 14 97 8660 2665 2 3997 12 13545 30 12 7 7 10 29 21 3 4 7539 
23 11 11 18 8 9 20 6143 15887 16971 12 16971 41 10 18 26 23 5 8 7818 19 12435 16 4663 0 5 20 11 15887 12 14804 11554 18776 15 6 58 17693 13 14 38 13 9 10 12 4 25 14082 15165 9104 53 3611 31 5863 64 18776 26 12 1 13 15526 50 26 15 7 3250 5107 21 91 13 7539 9992 52 11769 29 4 14 17 
24 9 11 11915 6 13 24 8 17 19 7 14443 19 8097 20 81 26 5 7259 15 19859 18 19 9 5 0 7 19 17332 13721 22 14 18 6 10 16 17332 25 26 16609 20 27 7 27 22 4 32 15887 45 18 2528 4188 12 16971 23 24 9 4 27 17 24 19 21 23 6499 8438 23 26 21 10 16 19 57 11554 7 14 18 
25 37 9326 13 5 14 18 11 11 47 3 17 17 6143 30 16 17 31 6980 3 26 19545 32 11 20 7 0 8 15 16 14240 13 13 4 20 11168 22 23 18149 14 5 5305 21 12 11 6 16 11 18 14798 7259 2 30 12564 27 31 10 36 17 33 24 21 21 12564 9493 13101 24 14443 12 41 76 41 20 26 9 55 9772 
26 2 8376 6 5584 3071 16 5 3 16 5305 6 8 4 6422 8 8376 6 2 9 12 11168 37 10 11 19 8 0 6 8376 25 5584 11 6 12 3 16 13 40 22 19 3071 14 23 10051 5584 5026 6 8935 14 8 7539 4 8 25 7259 14 11168 8376 3909 14 26 14 16 7 54 28 22 6 3630 11727 25 12285 5 7 9 2513 
27 18 10 5584 12638 2792 3 8 14 2 11 16 14 7259 1554 9 3 12277 7 14 3331 4885 26 7772 15887 17332 15 6 0 7259 2234 5 17332 13 13 1554 7 5329 4219 12 52 8 11 11 11 20 1675 4 4219 16 31 16 9 1 8305 12 32 11 3 22 15 7 12 31 12638 11 13 14 3350 5 7 6 8 12 8 11 8 
28 6701 4 11 11554 5863 18 6 41 10 15 18054 75 10 37 71 8 9 16 52 13 28 3 2 12 13721 16 8376 7259 0 21 7 21665 12 7 9 44 4 6 23 20 11 6 5 5 9493 22 8376 7 15 11 49 6422 8097 20 11 18 6661 6883 20 24 7 2792 2 9 5 40 22 7539 4747 4 14 6 32 10 2 6 
29 6 7 18 12999 3071 5 5584 8 5 11727 59 16 8376 4 12 2 12 9 58 13 8 4 13 14804 22 14240 25 2234 21 0 10 19 22 10 16 6701 4 3 14 16 18 36 11 32 12 1117 4 10 2 59 52 29 3350 14 23 16752 10 3 16 15 22 8 25 23 19 16 33 5 17 20 6 20 55 11 5 4467 
30 5 5 2 10 3 2887 3350 6980 6143 13 58 14443 7 6 14 4219 8666 6 12564 9 6 4 4663 11554 14 13 5584 5 7 10 0 18 38 6 17 29 17 9 29 52 8 8 13 7 35 3 5 6 8 15 23 6 9 24 16 19 33 20 49 16609 8 7 8 8305 7772 32 17332 9 2234 10 7 5773 12277 7 7 3071 
31 21 13 23 23 12006 27 12 12 16 6138 6 19 9 18415 12999 24 59 18 10471 15 51 26 28 18776 18 13 11 17332 21665 19 18 0 17 68 16 51 31 27 26 6 7259 27 18 52 13 22 16 91 21 17 18 10 64 10832 18 7583 50 43 7 29 32 25275 22 16971 64 14 9388 20 12006 27 55 27 5777 23 22 11168 
32 12 9 8 9 9 51 6 31 9214 1954 7944 51 5 13 58 13681 19 4 4 12 16194 13 36 15 6 4 6 13 12 22 38 17 0 7 17 9 16 18 10 3611 9 8 11 7550 3 13 8655 13123 11448 6 2 5 20 24 51 11 7 14 14 22 17869 27 9214 6422 43 23 14 6980 7 63 22 34 10 8 13 13 
33 4747 1776 3611 23 5 6661 2234 45 24 34 56 16609 13 16 16248 16 12 5 17 29 19 8666 4 6 10 20 12 13 7 10 6 68 7 0 10 13 7328 7994 17 22 5863 3997 3997 3 6 35 11 6 8 6 8097 3 10 58 15 14 4441 35 15 20220 10 10 6 4 5773 34 24 6 13 9 20 8882 23 1110 6 6 
34 6 7328 11 42 1954 9 10 2 6 17 12 9027 20 4 7222 4441 10471 6 25 3 27 7539 32 58 16 11168 3 1554 9 16 17 16 17 10 0 3 8 6 38 40 6 20 38 35 17 6 2 5551 21 13721 10610 23 1 6138 4 28 13 5 10 12 8438 10 7818 45 10880 43 11554 1396 3630 10 31 7994 36 12 6143 11 
35 5026 11 8376 25 5 7 9 4 4 9 9 5416 11 4 13 5773 52 6143 16 2 8 10610 13 17693 17332 22 16 7 44 6701 29 51 9 13 3 0 36 16 6 9388 28 48 15 10880 9 6 2 10 16 16 22 8 3 5 3331 55 14 11 7 29 10 16 11 18 15 8 8 4 7 11 11 11 16 11 9214 5 
36 9214 7550 7 10658 9 9 9 8882 10 20 21 22 13 12 16971 4 19 14 71 8 3 3 8 13 25 23 13 5329 4 4 17 31 16 7328 8 36 0 2 20220 79 13 12 9 35 14 4441 8 1332 2665 11102 21 42 8 34 29 21 11 18 18415 20 2443 4 23 8660 10 24 45 12 8 1554 5 3 38 6661 4 34 
37 8935 8438 7 14 7 2 9214 7994 8 15356 78 23 12 18 15 2 20 11 20 8 5 4 30 14 26 18149 40 4219 6 3 9 27 18 7994 6 16 2 0 18776 24 26 13 11 11 57 16 25 2 2887 11769 17 14 20 17 5773 26 48 6 22 36 2443 11 6661 9326 11 19859 41 10 7818 3 2 2220 37 7550 4441 9 
38 29 22 14804 15 8655 17 12 12 8 7944 2528 4 11 25 7 16 56 7259 18 33 79 19137 14 38 16609 14 22 12 23 14 29 26 10 17 38 6 20220 18776 0 8 6422 15 13545 12435 45 12999 11 37 18 15887 48 8935 20 4333 14 15 14 15165 4 9 92 24 17693 16 19 2 4 7 38 22 22 22387 4694 11 17 10 
39 8 9 14 7 8097 19 15 8 10471 1444 3972 36 3 16 14 69 10 4 8 15 21 17693 13 13 20 5 19 52 20 16 52 6 3611 22 40 9388 79 24 8 0 3 20 10658 11 22 12999 12 20 15165 11 5416 23 11554 18 15 8 12 17332 7 58 94 24 58 22 25 16 10471 7 9 85 23 25 7 10 59 14 
40 16 8097 7 3 23 10889 9 5584 14 2513 6 21 2 9772 12 14 5 2 23 36 56 12 41 9 27 5305 3071 8 11 18 8 7259 9 5863 6 28 13 26 6422 3 0 10331 14 19 3 31 6143 45 9 5863 4467 3071 8 10 12 9 9493 23 8 15165 32 14 9 8 26 9 12 4747 5026 56 15356 30 6 29 17 9 
41 20 5 7 8 10331 38 8 14 14 39 25 29 46 24 29 11102 5 12 8660 14 24 7 3 10 7 21 14 11 6 36 8 27 8 3997 20 48 12 13 15 20 10331 0 1 1 14 9 11 8438 32 6 17 15 20 21 53 24 2 15 11 30 11769 7 8 3331 3 29 28 23 17 9 24 11 11 7 12 9 
42 10051 3 21 28 10 8882 7259 12 22 11 25 29 47 14 91 43 6 9493 9 13 11 7 5 12 27 12 23 11 5 11 13 18 11 3997 38 15 9 11 13545 10658 14 1 0 1 8 8 9992 16 7328 5329 10 7818 9992 23 13 25 4 11324 11546 33 11102 10 7 3553 4 15 103 46 16 8 11324 9770 14 13 6 37 
43 11 1332 5 5773 18 17 6 11 20 11 12 43 10331 43 85 10214 3775 8 9 12 11102 6 5 4 22 11 10051 11 5 32 7 52 7550 3 35 10880 35 11 12435 11 19 1 1 0 8 7772 9 8 7106 4 8 6422 10 39 15 11324 5 12 10436 25 11102 6 3 3 4 15 48 21 7259 8 13 20 9992 5 6 8376 
44 6 5773 29 838 8 15 5 8097 12 3350 19 55 5 48 59 52 4 4 3909 11448 20 14 10 25 4 6 5584 20 9493 12 35 13 3 6 17 9 14 57 45 22 3 14 8 8 0 9 8 24 13 3630 3 3350 11 13 12844 27 7 54 7944 74 21 12285 10 5026 19 14 15526 6701 7 16 34 64 7 5 18 12 
45 4 7 3909 12 2 2 9 7 17 10331 13 12638 14 15 10471 2887 42 7 13402 7 5 6 13 14082 32 16 5026 1675 22 1117 3 22 13 35 6 6 4441 16 12999 12999 31 9 8 7772 9 0 13 3 3 13721 13 8 2 39 6 15636 20 13 11193 14082 7 7539 25 22 10 16 19 7 13 7 5995 7 24 5 8 4 
46 3 31 6 14 3 5 6 2 1 8 10 10 5 3 6499 19 22 20 14 3 14 32 11 15165 15887 11 6 4 8376 4 5 16 8655 11 2 2 8 25 11 12 6143 11 9992 9 8 13 0 5995 23 56 21 6143 4 7 7 55 21 4441 7583 10 9 14 8 12 11324 10 43 7 5 9 8216 9 8666 6661 7 4 
47 8 6217 15 36 11 2 6980 7772 6661 16 23 18 10889 5 16 3331 10 18 64 31 4 3 21 9104 45 18 8935 4219 7 10 6 91 13123 6 5551 10 1332 2 37 20 45 8438 16 8 24 3 5995 0 1 9770 59 8655 5 15 6883 38 10 4219 16609 19 3775 3553 18 29 9 25 20581 7539 5863 2443 4 2887 17 6 2443 6701 
48 22 12 7 16 16 1554 5305 32 6980 24 18 18 10 21 17 3 10832 8 18 34 5 4 5107 53 18 14798 14 16 15 2 8 21 11448 8 21 16 2665 2887 18 15165 9 32 7328 7106 13 3 23 1 0 28 13402 7259 6 12999 8 19 12 5 56 22 5 5305 5026 13 32 17693 37 7 8 15 5 5 15 5 2234 9 
49 9 3997 19 4 18 13 5863 56 17 6980 16 72 8 18 21 45 6 23 5 20 13 18 7 3611 2528 7259 8 31 11 59 15 17 6 6 13721 16 11102 11769 15887 11 5863 6 5329 4 3630 13721 56 9770 28 0 5026 4747 30 16971 22 8935 3 48 12638 45 17 14443 18 16 7328 35 20 37 9 11102 13545 51 11193 9 11915 10 
50 9 15 11 3350 10 15 7818 20 23 6 19 15 6 28 34 15636 5584 5863 3 15 23 28 10 31 4188 2 7539 16 49 52 23 18 2 8097 10610 22 21 17 48 5416 4467 17 10 8 3 13 21 59 13402 5026 0 25 12 18 15 4 28 16 9027 79 22 17 14 8 23 17 16 9214 8935 69 22 23 9 30 13 17 
51 4 20 4 6 4467 11 1675 6422 7259 11 8097 12999 7 10 17 20 9 2 29 11 14 8376 29 5863 12 30 4 9 6422 29 6 10 5 3 23 8 42 14 8935 23 3071 15 7818 6422 3350 8 6143 8655 7259 4747 25 0 14 14 21 20 8 10 7 69 14 9214 21 3350 10051 41 16 4 11 11168 15 25 7 5 6 4 
52 5 7772 6 11915 3 5 7 11 1554 11 45 19 7 2 14 7 11915 12 17 3 6 7 8 64 16971 12564 8 1 8097 3350 9 64 20 10 1 3 8 20 20 11554 8 20 9992 10 11 2 4 5 6 30 12 14 0 6860 6 19 12 3331 9388 12 7772 10 9 15 11 13 25 10 5 15 7106 9 10 13 7 3909 
53 7944 22 16 16 17 17 22 12 4 42 6138 3 7222 9 5 15 56 36 33 16 15887 32 38 18776 23 27 25 8305 20 14 24 10832 24 58 6138 5 34 17 4333 18 10 21 23 39 13 39 7 15 12999 16971 18 14 6860 0 14 21 26 11193 5 12 19 39 15887 15887 23470 9 6 26 10 77 23 38 7222 17 14082 9027 
54 30 13 38 16609 7 5329 11 4219 5 14 52 9 9214 1554 5777 4 17 38 16473 4 7 11 11 26 24 31 7259 12 11 23 16 18 51 15 4 3331 29 5773 14 15 12 53 13 15 12844 6 7 6883 8 22 15 21 6 14 0 18 14 6 48 8 10 14 47 19 13989 48 46 6143 17 11 8 8 13 11 11 9 
55 15 11 18 30 15 37 15 25 18 7 14 65 8655 17311 24 19 20 19 5 31 44 18 16 12 9 10 14 32 18 16752 19 7583 11 14 28 55 21 26 15 8 9 24 25 11324 27 15636 55 38 19 8935 4 20 19 21 18 0 10 19265 11193 24 26 39 15 23 14433 14443 19 12 51 27 46 90 12 11 32 12285 
56 11 4 6661 22 11 10880 7818 11 11546 11 11769 91 13 12435 29 14 4 9214 7 13323 15 8660 5107 1 4 36 11168 11 6661 10 33 50 7 4441 13 14 11 48 14 12 9493 2 4 5 7 20 21 10 12 3 28 8 12 26 14 10 0 26 10658 53 13545 8 5329 3109 5 14 25 47 9 43 17 16 12 19 9 10 
57 31 12 6439 13 12 2665 18 5995 9 17 16609 14082 42 2 43 888 39 11 17590 5 12 6 9 13 27 17 8376 3 6883 3 20 43 14 35 5 11 18 6 15165 17332 23 15 11324 12 54 13 4441 4219 5 48 16 10 3331 11193 6 19265 26 0 16 17 5 7772 9 40 13 16 16248 7 30 5995 17 5 32 9 6 7259 
58 6 19 25 17 28 61 9 6 8 6 2 7 3 13 7944 15 43 9 22 9027 21 68 14 15526 17 33 3909 22 20 16 49 7 14 15 10 7 18415 22 4 7 8 11 11546 10436 7944 11193 7583 16609 56 12638 9027 7 9388 5 48 11193 10658 16 0 11 24 19498 14804 52 27 6 7222 5 15 81 42 21 7 8438 16 13 
59 17 45 18054 38 13721 17 21 9 9 15887 14 5 53 10832 4 14 22 17 22 8 18 21 97 50 24 24 14 15 24 15 16609 29 22 20220 12 29 20 36 9 58 15165 30 33 25 74 14082 10 19 22 45 79 69 12 12 8 24 53 17 11 0 87 27 21303 21665 28886 9 5416 12 18 23 20220 27 14 42 19137 29 
60 13 9992 16 26 10051 8 13 10658 9104 23 48 88 31 8 77 18 24 28 20941 20 9 5 8660 26 19 21 26 7 7 22 8 32 17869 10 8438 10 2443 2443 92 94 32 11769 11102 11102 21 7 9 3775 5 17 22 14 7772 19 10 26 13545 5 24 87 0 8 8216 13 14 97 27 11727 10610 4 888 1110 91 12 12 12 
61 9493 6 22 14804 9 5 8 14 13 15 87 22 16 10610 20581 6883 15 13 31 27 6883 3 2665 15 21 21 14 12 2792 8 7 25275 27 10 10 16 4 11 24 24 14 7 10 6 12285 7539 14 3553 5305 14443 17 9214 10 39 14 39 8 7772 19498 27 8 0 5 10110 19 23 25 10331 9 12 6661 6 22 18 4 8655 
62 25 7 2 9388 12 22 5 10 39 22 17 23 10 39 22 28 8 13 23 13 32 4 2 7 23 12564 16 31 2 25 8 22 9214 6 7818 11 23 6661 17693 58 9 8 7 3 10 25 8 18 5026 18 14 21 9 15887 47 15 5329 9 14804 21303 8216 5 0 5 6 77 20942 9 17 6 10 14 16 1 3 21 
63 6143 2 12 6 7 8 4 14 55 32 14804 22 28 15165 22 12 4 5305 7818 65 11 10471 3997 3250 6499 9493 7 12638 9 23 8305 16971 6422 4 45 18 8660 9326 16 22 8 3331 3553 3 5026 22 12 29 13 16 8 3350 15 15887 19 23 3109 40 52 21665 13 10110 5 0 6 72 19859 8 5 8660 14 13 24 1998 10 7 
64 48 4 26 10 11727 9 38 12657 25 15 16 26 14 14 101 12 14 47 11 16 23 7 12 5107 8438 13101 54 11 5 19 7772 64 43 5773 10880 15 10 11 19 25 26 3 4 4 19 10 11324 9 32 7328 23 10051 11 23470 13989 14433 5 13 27 28886 14 19 6 6 0 18 36 16 40 16 45 9770 26 6 6439 11168 
65 11 12 16609 17 9772 18 10889 7222 36 9388 3611 10 8 13 8 68 32 17 15526 9 42 26 13545 21 23 24 28 13 40 16 32 14 23 34 43 8 24 19859 2 16 9 29 15 15 14 16 10 25 17693 35 17 41 13 9 48 14443 14 16 6 9 97 23 77 72 18 0 3 7818 13 95 23109 94 26 11324 23 38 
66 13 28 18054 18 17 18776 15887 8305 12 24 6 5 22 13360 5416 22 18054 13 23 8666 21 87 30 91 26 14443 22 14 22 33 17332 9388 14 24 11554 8 45 41 4 10471 12 28 103 48 15526 19 43 20581 37 20 16 16 25 6 46 19 25 16248 7222 5416 27 25 20942 19859 36 3 0 13 16 49 46 24 9027 40 19498 13721 
67 3 8376 5026 7 2 8 5 3 6 6980 8 11 7 5026 9 7 6701 4 11 5026 20 10 12 13 21 12 6 3350 7539 5 9 20 6980 6 1396 4 12 10 7 7 4747 23 46 21 6701 7 7 7539 7 37 9214 4 10 26 6143 12 47 7 5 12 11727 10331 9 8 16 7818 13 0 3 10610 10889 22 6 6980 8 4 
68 2 7 2 11 2 6 6 11 22 31 9 12999 6 7 15 8 6 3 13 10 10 22 7 7539 10 41 3630 5 4747 17 2234 12006 7 13 3630 7 8 7818 38 9 5026 17 16 7259 7 13 5 5863 8 9 8935 11 5 10 17 51 9 30 15 18 10610 9 17 5 40 13 16 3 0 9 11 11 7539 3909 3630 1 
69 13 8 6 11 9 4 11 10214 9 34 22387 22026 13681 7 78 6 10 15 18428 20 5 2 7 9992 16 76 11727 7 4 20 10 27 63 9 10 11 1554 3 22 85 56 9 8 8 16 7 9 2443 15 11102 69 11168 15 77 11 27 43 5995 81 23 4 12 6 8660 16 95 49 10610 9 0 14 1998 82 27 4 19 
70 11 11 30 52 9493 4 13 20 8438 18 22748 20942 18 5995 35 3553 24 15 21 10 1332 20 10 52 19 41 25 6 14 6 7 55 22 20 31 11 5 2 22 23 15356 24 11324 13 34 5995 8216 4 5 13545 22 15 7106 23 8 46 17 17 42 20220 888 6661 10 14 45 23109 46 10889 11 14 0 2 87 9 25 13 
71 10889 9 6883 15 10 4 10610 10 11 18 22748 87 14240 7 21 4 11 12844 25 38 2443 3775 29 11769 57 20 12285 8 6 20 5773 27 34 8882 7994 11 3 2220 22387 25 30 11 9770 20 64 7 9 2887 5 51 23 25 9 38 8 90 16 5 21 27 1110 6 14 13 9770 94 24 22 11 1998 2 0 22 8 7 13 
72 5584 36 49 9 7 16 8 6499 11 3250 10 9 3 52 10 20 9749 9 10 21 40 21 21 29 11554 26 5 12 32 55 12277 5777 10 23 36 16 38 37 4694 7 6 11 14 9992 7 24 8666 17 15 11193 9 7 10 7222 13 12 12 32 7 14 91 22 16 24 26 26 9027 6 7539 82 87 22 0 7994 14 26 
73 7 4 2 5 7 8 4 15 16 31 9548 17693 31 16 17 31 12 7 8 12 8882 5 3 4 7 9 7 8 10 11 7 23 8 1110 12 11 6661 7550 11 10 29 7 13 5 5 5 6661 6 5 9 30 5 13 17 11 11 19 9 8438 42 12 18 1 1998 6 11324 40 6980 3909 27 9 8 7994 0 12 5026 
74 6 3997 2 45 5 4 5 8655 9 46 33 21 17 7 31 5 17 8 13123 20 6 9 4 14 14 55 9 11 2 5 7 22 13 6 6143 9214 4 4441 17 59 17 12 6 6 18 8 7 2443 2234 11915 13 6 7 14082 11 32 9 6 16 19137 12 4 3 10 6439 23 19498 8 3630 4 25 7 14 12 0 5 
75 1 26 4 6 6 6143 4 4 9 7 32 22 16 6 10471 7 11 3 10051 7 9 27 7539 17 18 9772 2513 8 6 4467 3071 11168 13 6 11 5 34 9 10 14 9 9 37 8376 12 4 4 6701 9 10 17 4 3909 9027 9 12285 10 7259 13 29 12 8655 21 7 11168 38 13721 4 1 19 13 13 26 5026 5 0 

;param cto[*,*]
: 0 1 2 3 4 5 6 7 8 9 10 11 12 13 14 15 16 17 18 19 20 21 22 23 24 25 26 27 28 29 30 31 32 33 34 35 36 37 38 39 40 41 42 43 44 45 46 47 48 49 50 51 52 53 54 55 56 57 58 59 60 61 62 63 64 65 66 67 68 69 70 71 72 73 74 75:=
0 0 46 44 45 39 42 43 44 40 42 42 43 40 42 43 43 41 39 48 42 44 43 43 43 48 44 39 41 42 41 40 44 42 41 40 41 44 44 42 42 40 44 44 43 41 40 44 42 41 43 43 40 40 42 43 45 44 43 45 45 46 44 42 42 46 43 48 39 39 44 49 45 41 41 41 38 
1 46 0 40 42 42 44 41 49 45 44 46 51 43 49 51 45 44 46 44 46 46 46 43 40 42 45 43 44 40 47 42 47 43 39 44 46 44 45 47 45 43 40 40 39 42 43 44 43 42 41 44 41 44 46 46 50 41 46 45 49 46 42 39 43 45 51 49 43 41 44 46 49 45 39 41 42 
2 44 40 0 46 40 41 43 43 42 44 49 46 42 46 45 42 41 41 45 44 44 40 41 42 44 45 45 41 40 41 43 47 47 40 41 43 42 42 45 44 46 42 42 42 42 40 45 41 40 42 44 40 45 44 44 47 43 43 44 47 44 41 43 41 43 46 47 41 39 46 44 43 44 39 39 40 
3 45 42 46 0 42 49 41 47 44 40 43 45 40 45 49 46 39 40 41 45 47 49 47 41 40 45 41 44 44 44 47 44 39 41 43 44 46 47 44 41 40 43 43 42 38 47 43 45 44 44 40 40 44 44 46 43 42 46 42 47 48 45 42 40 45 45 46 46 41 51 48 48 41 42 43 45 
4 39 42 40 42 0 41 40 40 40 43 43 43 41 41 43 41 42 40 45 42 43 42 43 48 45 45 40 40 42 40 43 46 43 45 39 45 42 46 43 43 42 44 48 44 46 39 39 41 40 44 48 41 43 42 42 47 49 42 42 45 44 43 42 46 45 44 45 39 43 47 44 44 46 42 40 39 
5 42 44 41 49 41 0 42 43 42 46 46 46 44 41 44 39 44 47 48 43 40 40 43 46 47 48 43 40 41 39 40 49 46 43 41 43 40 43 50 46 45 46 45 45 46 44 42 39 39 46 51 44 41 44 42 50 47 40 45 50 41 46 42 48 49 51 47 42 45 44 41 40 49 43 40 42 
6 43 41 43 41 40 42 0 42 42 42 44 48 41 43 44 47 40 40 44 44 45 42 42 42 43 44 40 42 41 41 40 49 45 39 41 43 47 44 44 42 41 46 42 46 45 41 41 42 41 42 43 39 42 43 44 45 43 44 42 46 46 47 40 44 44 45 46 40 39 44 45 45 42 40 40 39 
7 44 49 43 47 40 43 42 0 39 42 41 40 40 41 40 43 47 41 49 44 45 44 46 46 46 44 43 41 44 42 42 47 43 43 40 39 45 44 41 46 41 47 47 46 43 41 39 44 43 45 44 42 40 39 41 46 51 43 40 46 46 46 48 44 48 41 42 39 41 46 46 50 41 44 43 44 
8 40 45 42 44 40 42 42 39 0 44 42 45 41 40 40 46 48 42 46 39 47 44 46 46 46 45 40 44 48 45 42 45 44 44 39 39 44 43 46 43 42 47 47 46 44 40 42 43 42 46 45 42 39 44 40 47 47 41 42 46 45 46 44 45 48 42 43 40 41 49 45 45 42 44 43 41 
9 42 44 44 40 43 46 42 42 44 0 40 43 40 49 44 47 42 41 41 44 49 47 46 44 46 40 41 48 46 45 44 41 39 43 43 43 48 48 42 38 39 46 46 45 40 44 47 47 46 42 40 41 44 43 46 41 45 47 40 46 50 51 45 43 48 42 44 42 43 49 53 53 39 44 45 46 
10 42 46 49 43 43 46 44 41 42 40 0 40 40 48 42 46 44 42 44 43 48 47 47 46 45 42 41 44 47 45 45 40 42 45 43 42 52 47 39 40 41 48 48 51 42 48 42 47 46 45 42 43 43 41 44 43 47 46 43 43 50 49 50 45 49 40 45 42 48 49 49 49 39 46 46 43 
11 43 51 46 45 43 46 48 40 45 43 40 0 42 43 40 49 46 43 46 41 47 47 48 48 51 45 46 43 47 45 45 42 44 46 42 40 48 47 39 42 43 49 49 49 45 44 42 51 46 47 49 44 43 39 46 46 49 45 40 44 49 53 47 47 55 39 39 42 44 49 48 49 41 47 46 43 
12 40 43 42 40 41 44 41 40 41 40 40 42 0 47 43 45 41 39 42 43 46 45 45 44 43 42 39 42 48 43 46 42 40 42 41 41 50 49 41 43 39 45 45 44 40 42 45 45 44 42 45 40 42 41 44 43 45 45 43 44 48 46 43 42 51 42 43 40 41 47 47 47 43 43 43 40 
13 42 49 46 45 41 41 43 41 40 49 48 43 47 0 42 40 45 43 48 40 42 43 45 51 51 47 42 39 44 44 45 47 46 44 40 41 42 41 44 45 44 47 47 46 46 40 40 46 41 51 47 44 39 42 39 49 48 39 44 43 43 45 44 45 48 48 44 41 46 48 43 43 44 44 46 46 
14 43 51 45 49 43 44 44 40 40 44 42 40 43 42 0 44 46 43 47 43 46 46 48 48 48 50 46 46 47 47 44 44 45 46 41 39 46 49 41 44 47 49 49 48 45 43 41 49 45 47 46 44 41 39 41 47 49 43 42 40 47 48 46 47 50 41 40 42 44 47 47 47 46 50 46 43 
15 43 45 42 46 41 39 47 43 46 47 46 49 45 40 44 0 45 44 49 46 40 42 44 47 48 52 43 44 43 40 41 49 47 44 41 42 44 39 49 46 45 47 46 46 46 40 42 40 44 47 48 44 41 44 41 54 48 38 49 49 41 43 44 45 47 46 46 46 42 42 41 45 46 44 42 46 
16 41 44 41 39 42 44 40 47 48 42 44 46 41 45 46 45 0 40 42 45 51 44 42 40 44 43 46 44 46 47 42 45 41 39 43 44 45 46 45 42 41 42 42 41 40 43 43 44 43 39 41 39 44 45 50 44 45 46 43 48 47 44 41 39 43 46 47 42 41 49 47 50 43 40 42 41 
17 39 46 41 40 40 47 40 41 42 41 42 43 39 43 43 44 40 0 42 43 46 44 43 43 42 42 43 42 43 42 45 44 44 41 41 42 45 49 42 44 43 44 44 47 40 42 41 44 43 42 42 39 42 42 44 44 44 44 41 45 47 45 42 41 45 43 48 40 44 46 46 46 41 41 42 43 
18 48 44 45 41 45 48 44 49 46 41 44 46 42 48 47 49 42 42 0 47 50 51 50 43 40 44 48 51 46 47 46 43 44 43 46 46 49 49 45 42 42 45 49 44 40 46 46 48 47 45 39 42 46 46 48 40 47 49 43 53 51 48 45 43 51 46 47 48 44 50 55 51 42 48 46 44 
19 42 46 44 45 42 43 44 44 39 44 43 41 43 40 43 46 45 43 47 0 44 45 47 51 48 46 42 40 45 42 43 49 45 45 40 43 48 44 42 44 44 48 52 51 45 42 40 44 43 47 46 44 40 40 39 48 49 45 42 41 46 47 45 46 49 46 42 41 43 46 45 46 43 45 44 46 
20 44 46 44 47 43 40 45 45 47 49 48 47 46 42 46 40 51 46 50 44 0 42 45 48 49 50 45 42 43 41 42 51 48 45 43 48 40 39 48 52 47 47 51 47 48 42 43 44 41 52 50 46 46 46 43 52 49 40 47 51 40 43 44 50 47 48 52 44 44 41 39 40 48 45 46 48 
21 43 46 40 49 42 40 42 44 44 47 47 47 45 43 46 42 44 44 51 45 42 0 41 44 46 48 44 42 43 44 40 49 50 42 43 45 40 41 47 47 45 47 43 47 45 41 43 39 39 45 47 43 46 46 44 53 45 46 46 52 42 40 44 43 43 48 49 43 41 40 42 41 46 41 39 42 
22 43 43 41 47 43 43 42 46 46 46 47 48 45 45 48 44 42 43 50 47 45 41 0 42 44 51 48 44 39 43 42 49 45 41 44 46 43 44 48 46 44 44 40 40 44 43 45 42 42 43 49 42 48 47 50 48 42 49 47 50 45 40 39 41 40 49 50 44 42 42 45 44 46 40 40 43 
23 43 40 42 41 48 46 42 46 46 44 46 48 44 51 48 47 40 43 43 51 48 44 42 0 44 44 44 46 42 45 44 47 43 40 45 47 46 47 47 48 43 40 40 40 42 45 45 45 44 40 43 42 46 47 48 49 42 47 46 50 48 44 45 39 42 52 49 44 43 46 48 47 45 41 43 43 
24 48 42 44 40 45 47 43 46 46 46 45 51 43 51 48 48 44 42 40 48 49 46 44 44 0 42 44 46 45 46 49 45 41 42 49 46 48 48 46 43 42 42 43 42 40 46 46 47 46 39 40 42 46 47 49 43 45 49 44 53 50 46 44 41 45 47 48 45 44 48 50 49 44 43 49 44 
25 44 45 45 45 45 48 44 44 45 40 42 45 42 47 50 52 43 42 44 46 50 48 51 44 42 0 47 46 47 47 50 41 40 44 45 45 49 49 43 44 41 46 47 46 41 46 49 48 47 42 39 43 46 45 48 39 45 52 42 47 55 49 46 44 48 44 45 44 44 50 51 55 41 49 47 44 
26 39 43 45 41 40 43 40 43 40 41 41 46 39 42 46 43 46 43 48 42 45 44 48 44 44 47 0 41 43 42 41 43 41 42 43 40 45 44 41 41 40 45 45 44 41 41 40 44 42 47 43 40 40 41 42 45 45 43 40 44 46 45 43 46 46 42 43 39 40 45 46 46 40 46 42 39 
27 41 44 41 44 40 40 42 41 44 48 44 43 42 39 46 44 44 42 51 40 42 42 44 46 46 46 41 0 42 39 40 46 45 43 39 41 42 41 47 44 47 46 46 45 44 39 39 41 40 46 46 42 42 42 40 48 50 40 43 44 47 44 43 44 50 48 48 40 45 47 47 43 47 43 41 40 
28 42 40 40 44 42 41 41 44 48 46 47 47 48 44 47 43 46 43 46 45 43 43 39 42 45 47 43 42 0 41 40 49 45 40 43 45 45 42 47 46 44 42 41 41 44 41 43 40 40 47 46 42 43 46 49 48 43 43 46 48 47 40 39 41 42 48 52 43 41 45 44 42 46 40 43 45 
29 41 47 41 44 40 39 41 42 45 45 45 45 43 44 47 40 47 42 47 42 41 44 43 45 46 47 42 39 41 0 39 51 45 42 40 42 41 40 49 45 44 45 45 44 45 38 44 40 43 45 46 42 40 43 42 49 50 44 44 49 42 42 42 44 45 49 46 41 40 42 42 42 45 42 40 41 
30 40 42 43 47 43 40 40 42 42 44 45 45 46 45 44 41 42 45 46 43 42 40 42 44 49 50 41 40 40 39 0 51 44 45 40 42 41 41 45 44 43 44 43 43 43 39 41 40 39 44 45 41 41 44 43 48 44 42 44 46 43 42 40 42 44 46 46 41 39 42 43 42 44 41 39 40 
31 44 47 47 44 46 49 49 47 45 41 40 42 42 47 44 49 45 44 43 49 51 49 49 47 45 41 43 46 49 51 51 0 42 46 45 44 50 50 41 41 42 49 49 48 43 47 45 49 52 45 42 48 46 43 51 42 48 48 41 45 52 50 48 46 51 41 42 44 46 55 51 55 41 47 48 45 
32 42 43 47 39 43 46 45 43 44 39 42 44 40 46 45 47 41 44 44 45 48 50 45 43 41 40 41 45 45 45 44 42 0 46 43 48 47 47 47 40 39 48 45 44 39 44 43 46 45 41 39 40 44 44 46 41 47 51 41 47 49 47 44 42 46 44 49 42 46 48 49 49 40 43 44 42 
33 41 39 40 41 45 43 39 43 44 43 45 46 42 44 46 44 39 41 43 45 45 42 41 40 42 44 42 43 40 42 45 46 46 0 42 48 44 44 45 43 42 41 41 44 41 42 43 46 46 41 43 40 47 45 49 46 41 45 44 48 50 42 39 39 42 46 47 46 40 44 46 45 44 39 44 41 
34 40 44 41 43 39 41 41 40 39 43 43 42 41 40 41 41 43 41 46 40 43 43 44 45 49 45 43 39 43 40 40 45 43 42 0 40 43 42 42 43 46 46 46 45 43 40 38 42 41 45 45 42 38 41 41 47 46 41 42 43 45 48 43 43 47 43 44 39 40 44 44 44 42 43 42 40 
35 41 46 43 44 45 43 43 39 39 43 42 40 41 41 39 42 44 42 46 43 48 45 46 47 46 45 40 41 45 42 42 44 48 48 40 0 45 44 45 42 42 47 47 47 48 45 43 44 43 49 45 47 40 39 40 47 48 42 41 41 50 46 49 45 49 41 46 40 46 46 46 46 42 45 44 45 
36 44 44 42 46 42 40 47 45 44 48 52 48 50 42 46 44 45 45 49 48 40 40 43 46 48 49 45 42 45 41 41 50 47 44 43 45 0 39 48 48 50 45 49 45 51 41 44 39 40 47 49 45 43 46 44 55 51 41 47 52 40 45 42 45 45 49 49 44 47 39 40 39 47 43 45 43 
37 44 45 42 47 46 43 44 44 43 48 47 47 49 41 49 39 46 49 49 44 39 41 44 47 48 49 44 41 42 40 41 50 47 44 42 44 39 0 47 47 46 46 46 46 47 41 43 40 40 47 52 45 42 45 42 51 47 40 47 47 40 42 43 45 46 48 48 43 43 44 39 40 47 44 41 43 
38 42 47 45 44 43 50 44 41 46 42 39 39 41 44 41 49 45 42 45 42 48 47 48 47 46 43 41 47 47 49 45 41 47 45 42 45 48 47 0 41 42 49 49 48 43 44 42 47 46 46 44 44 43 40 44 44 48 45 39 42 49 49 47 50 50 39 44 46 44 53 53 49 40 46 50 43 
39 42 45 44 41 43 46 42 46 43 38 40 42 43 45 44 46 42 44 42 44 52 47 46 48 43 44 41 44 46 45 44 41 40 43 43 42 48 47 41 0 43 46 46 46 40 44 43 47 45 43 40 42 44 42 49 46 45 46 40 45 49 47 45 43 48 42 43 42 43 48 53 49 39 44 45 42 
40 40 43 46 40 42 45 41 41 42 39 41 43 39 44 47 45 41 43 42 44 47 45 44 43 42 41 40 47 44 44 43 42 39 42 46 42 50 46 42 43 0 44 45 44 39 43 42 45 48 42 41 40 42 42 45 43 44 45 40 45 48 46 43 42 46 43 48 41 41 47 48 47 40 42 43 41 
41 44 40 42 43 44 46 46 47 47 46 48 49 45 47 49 47 42 44 45 48 47 47 44 40 42 46 45 46 42 45 44 49 48 41 46 47 45 46 49 46 44 0 42 38 44 49 46 45 44 42 45 43 46 52 49 47 40 47 51 51 47 42 41 40 44 49 51 45 43 49 47 50 50 41 43 48 
42 44 40 42 43 48 45 42 47 47 46 48 49 45 47 49 46 42 44 49 52 51 43 40 40 43 47 45 46 41 45 43 49 45 41 46 47 49 46 49 46 45 42 0 42 44 48 46 44 44 42 45 43 46 48 52 48 40 47 47 51 47 42 41 41 39 53 51 45 43 48 47 46 47 40 46 44 
43 43 39 42 42 44 45 46 46 46 45 51 49 44 46 48 46 41 47 44 51 47 47 40 40 42 46 44 45 41 44 43 48 44 44 45 47 45 46 48 46 44 38 42 0 43 44 49 48 44 45 48 42 45 47 48 47 40 47 46 54 47 42 44 40 40 49 50 44 42 48 47 46 46 40 42 43 
44 41 42 42 38 46 46 45 43 44 40 42 45 40 46 45 46 40 40 40 45 48 45 44 42 40 41 41 44 44 45 43 43 39 41 43 48 51 47 43 40 39 44 44 43 0 48 47 46 45 40 43 40 44 48 46 42 43 46 42 47 49 46 43 41 46 44 46 42 42 47 49 48 41 46 44 42 
45 40 43 40 47 39 44 41 41 40 44 48 44 42 40 43 40 43 42 46 42 42 41 43 45 46 46 41 39 41 38 39 47 44 42 40 45 41 41 44 44 43 49 48 44 48 0 40 44 39 45 46 42 39 43 41 48 46 40 43 45 43 43 42 43 49 45 45 40 40 42 43 42 44 46 40 40 
46 44 44 45 43 39 42 41 39 42 47 42 42 45 40 41 42 43 41 46 40 43 43 45 45 46 49 40 39 43 44 41 45 43 43 38 43 44 43 42 43 42 46 46 49 47 40 0 43 42 45 45 42 39 40 41 47 46 41 42 47 49 45 47 48 47 47 43 39 40 45 44 44 42 43 42 40 
47 42 43 41 45 41 39 42 44 43 47 47 51 45 46 49 40 44 44 48 44 44 39 42 45 47 48 44 41 40 40 40 49 46 46 42 44 39 40 47 47 45 45 44 48 46 44 43 0 39 46 47 43 46 49 43 50 50 41 46 51 41 41 41 44 44 48 48 43 42 40 41 40 50 42 40 42 
48 41 42 40 44 40 39 41 43 42 46 46 46 44 41 45 44 43 43 47 43 41 39 42 44 46 47 42 40 40 43 39 52 45 46 41 43 40 40 46 45 48 44 44 44 45 39 42 39 0 45 46 42 41 44 46 49 45 41 45 46 46 41 41 43 44 47 47 42 40 41 46 41 49 42 39 41 
49 43 41 42 44 44 46 42 45 46 42 45 47 42 51 47 47 39 42 45 47 52 45 43 40 39 42 47 46 47 45 44 45 41 41 45 49 47 47 46 43 42 42 42 45 40 45 45 46 45 0 41 41 45 46 48 44 44 47 44 49 49 45 42 40 44 47 52 44 42 47 49 48 43 41 44 43 
50 43 44 44 40 48 51 43 44 45 40 42 49 45 47 46 48 41 42 39 46 50 47 49 43 40 39 43 46 46 46 45 42 39 43 45 45 49 52 44 40 41 45 45 48 43 46 45 47 46 41 0 42 49 45 51 44 44 52 42 48 51 47 45 42 47 44 49 44 44 49 50 50 41 44 46 43 
51 40 41 40 40 41 44 39 42 42 41 43 44 40 44 44 44 39 39 42 44 46 43 42 42 42 43 40 42 42 42 41 48 40 40 42 47 45 45 44 42 40 43 43 42 40 42 42 43 42 41 42 0 42 43 45 44 42 48 42 46 50 44 41 40 44 44 49 44 40 45 46 46 42 40 45 40 
52 40 44 45 44 43 41 42 40 39 44 43 43 42 39 41 41 44 42 46 40 46 46 48 46 46 46 40 42 43 40 41 46 44 47 38 40 43 42 43 44 42 46 46 45 44 39 39 46 41 45 49 42 0 41 40 47 47 40 42 43 44 48 43 44 51 44 44 39 41 44 44 44 47 43 42 40 
53 42 46 44 44 42 44 43 39 44 43 41 39 41 42 39 44 45 42 46 40 46 46 47 47 47 45 41 42 46 43 44 43 44 45 41 39 46 45 40 42 42 52 48 47 48 43 40 49 44 46 45 43 41 0 41 46 48 43 44 41 51 47 46 46 49 40 40 41 47 47 47 47 41 46 45 42 
54 43 46 44 46 42 42 44 41 40 46 44 46 44 39 41 41 50 44 48 39 43 44 50 48 49 48 42 40 49 42 43 51 46 49 41 40 44 42 44 49 45 49 52 48 46 41 41 43 46 48 51 45 40 41 0 53 53 40 44 46 44 46 45 46 49 44 44 42 43 45 44 48 48 46 44 43 
55 45 50 47 43 47 50 45 46 47 41 43 46 43 49 47 54 44 44 40 48 52 53 48 49 43 39 45 48 48 49 48 42 41 46 47 47 55 51 44 46 43 47 48 47 42 48 47 50 49 44 44 44 47 46 53 0 50 50 43 49 53 50 51 45 49 45 46 49 46 52 53 52 42 50 48 46 
56 44 41 43 42 49 47 43 51 47 45 47 49 45 48 49 48 45 44 47 49 49 45 42 42 45 45 45 50 43 50 44 48 47 41 46 48 51 47 48 45 44 40 40 40 43 46 46 50 45 44 44 42 47 48 53 50 0 48 46 51 49 48 42 40 42 53 54 45 47 46 49 48 46 42 44 48 
57 43 46 43 46 42 40 44 43 41 47 46 45 45 39 43 38 46 44 49 45 40 46 49 47 49 52 43 40 43 44 42 48 51 45 41 42 41 40 45 46 45 47 47 47 46 40 41 41 41 47 52 48 40 43 40 50 48 0 45 44 46 44 44 46 47 50 46 46 43 43 41 42 46 45 46 42 
58 45 45 44 42 42 45 42 40 42 40 43 40 43 44 42 49 43 41 43 42 47 46 47 46 44 42 40 43 46 44 44 41 41 44 42 41 47 47 39 40 40 51 47 46 42 43 42 46 45 44 42 42 42 44 44 43 46 45 0 47 49 47 45 44 49 40 41 45 43 48 48 52 39 45 45 42 
59 45 49 47 47 45 50 46 46 46 46 43 44 44 43 40 49 48 45 53 41 51 52 50 50 53 47 44 44 48 49 46 45 47 48 43 41 52 47 42 45 45 51 51 54 47 45 47 51 46 49 48 46 43 41 46 49 51 44 47 0 49 50 48 49 52 41 40 48 46 53 48 49 44 48 47 45 
60 46 46 44 48 44 41 46 46 45 50 50 49 48 43 47 41 47 47 51 46 40 42 45 48 50 55 46 47 47 42 43 52 49 50 45 50 40 40 49 49 48 47 47 47 49 43 49 41 46 49 51 50 44 51 44 53 49 46 49 49 0 43 44 47 47 50 50 45 45 40 38 39 49 45 43 45 
61 44 42 41 45 43 46 47 46 46 51 49 53 46 45 48 43 44 45 48 47 43 40 40 44 46 49 45 44 40 42 42 50 47 42 48 46 45 42 49 47 46 42 42 42 46 43 45 41 41 45 47 44 48 47 46 50 48 44 47 50 43 0 40 43 42 53 54 44 43 40 43 42 47 41 40 43 
62 42 39 43 42 42 42 40 48 44 45 50 47 43 44 46 44 41 42 45 45 44 44 39 45 44 46 43 43 39 42 40 48 44 39 43 49 42 43 47 45 43 41 41 44 43 42 47 41 41 42 45 41 43 46 45 51 42 44 45 48 44 40 0 44 42 47 48 42 40 42 44 44 45 42 43 41 
63 42 43 41 40 46 48 44 44 45 43 45 47 42 45 47 45 39 41 43 46 50 43 41 39 41 44 46 44 41 44 42 46 42 39 43 45 45 45 50 43 42 40 41 40 41 43 48 44 43 40 42 40 44 46 46 45 40 46 44 49 47 43 44 0 46 47 48 46 45 45 47 46 44 39 42 42 
64 46 45 43 45 45 49 44 48 48 48 49 55 51 48 50 47 43 45 51 49 47 43 40 42 45 48 46 50 42 45 44 51 46 42 47 49 45 46 50 48 46 44 39 40 46 49 47 44 44 44 47 44 51 49 49 49 42 47 49 52 47 42 42 46 0 51 52 46 44 44 47 46 48 42 43 45 
65 43 51 46 45 44 51 45 41 42 42 40 39 42 48 41 46 46 43 46 46 48 48 49 52 47 44 42 48 48 49 46 41 44 46 43 41 49 48 39 42 43 49 53 49 44 45 47 48 47 47 44 44 44 40 44 45 53 50 40 41 50 53 47 47 51 0 39 43 45 50 49 49 41 47 47 44 
66 48 49 47 46 45 47 46 42 43 44 45 39 43 44 40 46 47 48 47 42 52 49 50 49 48 45 43 48 52 46 46 42 49 47 44 46 49 48 44 43 48 51 51 50 46 45 43 48 47 52 49 49 44 40 44 46 54 46 41 40 50 54 48 48 52 39 0 44 49 50 49 54 42 48 47 45 
67 39 43 41 46 39 42 40 39 40 42 42 42 40 41 42 46 42 40 48 41 44 43 44 44 45 44 39 40 43 41 41 44 42 46 39 40 44 43 46 42 41 45 45 44 42 40 39 43 42 44 44 44 39 41 42 49 45 46 45 48 45 44 42 46 46 43 44 0 40 45 45 45 45 42 42 39 
68 39 41 39 41 43 45 39 41 41 43 48 44 41 46 44 42 41 44 44 43 44 41 42 43 44 44 40 45 41 40 39 46 46 40 40 46 47 43 44 43 41 43 43 42 42 40 40 42 40 42 44 40 41 47 43 46 47 43 43 46 45 43 40 45 44 45 49 40 0 47 44 44 43 40 40 38 
69 44 44 46 51 47 44 44 46 49 49 49 49 47 48 47 42 49 46 50 46 41 40 42 46 48 50 45 47 45 42 42 55 48 44 44 46 39 44 53 48 47 49 48 48 47 42 45 40 41 47 49 45 44 47 45 52 46 43 48 53 40 40 42 45 44 50 50 45 47 0 41 39 48 43 41 44 
70 49 46 44 48 44 41 45 46 45 53 49 48 47 43 47 41 47 46 55 45 39 42 45 48 50 51 46 47 44 42 43 51 49 46 44 46 40 39 53 53 48 47 47 47 49 43 44 41 46 49 50 46 44 47 44 53 49 41 48 48 38 43 44 47 47 49 49 45 44 41 0 43 49 49 43 45 
71 45 49 43 48 44 40 45 50 45 53 49 49 47 43 47 45 50 46 51 46 40 41 44 47 49 55 46 43 42 42 42 55 49 45 44 46 39 40 49 49 47 50 46 46 48 42 44 40 41 48 50 46 44 47 48 52 48 42 52 49 39 42 44 46 46 49 54 45 44 39 43 0 52 48 42 44 
72 41 45 44 41 46 49 42 41 42 39 39 41 43 44 46 46 43 41 42 43 48 46 46 45 44 41 40 47 46 45 44 41 40 44 42 42 47 47 40 39 40 50 47 46 41 44 42 50 49 43 41 42 47 41 48 42 46 46 39 44 49 47 45 44 48 41 42 45 43 48 49 52 0 44 49 42 
73 41 39 39 42 42 43 40 44 44 44 46 47 43 44 50 44 40 41 48 45 45 41 40 41 43 49 46 43 40 42 41 47 43 39 43 45 43 44 46 44 42 41 40 40 46 46 43 42 42 41 44 40 43 46 46 50 42 45 45 48 45 41 42 39 42 47 48 42 40 43 49 48 44 0 40 41 
74 41 41 39 43 40 40 40 43 43 45 46 46 43 46 46 42 42 42 46 44 46 39 40 43 49 47 42 41 43 40 39 48 44 44 42 44 45 41 50 45 43 43 46 42 44 40 42 40 39 44 46 45 42 45 44 48 44 46 45 47 43 40 43 42 43 47 47 42 40 41 43 42 49 40 0 45 
75 38 42 40 45 39 42 39 44 41 46 43 43 40 46 43 46 41 43 44 46 48 42 43 43 44 44 39 40 45 41 40 45 42 41 40 45 43 43 43 42 41 48 44 43 42 40 40 42 41 43 43 40 40 42 43 46 48 42 42 45 45 43 41 42 45 44 45 39 38 44 45 44 42 41 45 0 

;param d[*,*]
: 0 1 2 3 4 5 6 7 8 9 10 11 12 13 14 15 16 17 18 19 20 21 22 23 24 25 26 27 28 29 30 31 32 33 34 35 36 37 38 39 40 41 42 43 44 45 46 47 48 49 50 51 52 53 54 55 56 57 58 59 60 61 62 63 64 65 66 67 68 69 70 71 72 73 74 75:=
0 0.0 0 0 0 0.27 0.42 0 0 1.41 0.38 1.6 1.13 0.47 2.07 1.06 2.54 0.32 0.75 0 0 0.6 2.54 1.17 0.52 0 2.03 0 0.99 2.26 0 0.23 1.45 0.86 1.6 0.39 1.69 3.11 3.01 1.6 0.37 0.86 1.41 3.39 0.52 0 0 0 0 1.23 0 0 0.18 0.23 2.79 1.66 0.7 0 1.72 0 1.49 0 3.2 1.36 2.07 2.65 0.52 0 0.2 0.12 0.62 0 3.67 1.88 0.33 0 0 
1 0 0.0 0 1.42 0.43 0 0.63 0 2.46 0 0 0 1.91 0 0 0 0 0 0 2.9 0 0 0 0.47 0.42 2.59 2.82 0 0 0 0 0 0 0.49 2.03 0 2.09 2.34 0.83 0 2.73 0.18 0 0.37 1.6 0 1.37 1.72 0.43 1.11 0.57 1.11 2.16 1.88 0 0 0 0 0.7 3.88 2.77 0 0.31 0 0 0 2.39 2.82 0.32 0 0 0 1.56 0.2 1.11 1.42 
2 0 0 0.0 0 1.13 0 0 2.54 0.43 3.2 0 2.65 2.35 0 2.46 1.02 2.28 0.7 0 1.33 1.97 0.25 0.99 1.54 4.18 0 0 1.88 0.62 0.99 0 1.96 0 1.27 0.74 2.82 0 0 5.19 0.57 0 0 0.94 0 1.6 1.32 0 0.66 0.51 1.6 0 0 0 1.41 2.09 0.85 1.85 1.79 2.09 6.33 0.58 1.23 0 0.99 1.13 5.83 6.33 1.69 0.12 0 1.33 1.91 3.2 0 0 0.18 
3 0 1.42 0 0.0 0 0 0.27 0 4.31 0.55 3.55 2.4 0.92 0.7 0 1.8 0.55 1.13 1.51 2.53 0 0 0 0.32 0.55 0 1.88 4.43 4.05 4.56 0 1.97 0.49 1.51 2.73 2.09 2.96 0 1.29 0.28 0 0 1.21 1.6 0.28 0 1.17 1.6 1.41 0 1.13 0.39 4.18 1.41 5.83 1.66 0.98 0 1.48 3.2 0.99 5.19 3.29 0.25 0 1.49 0.75 0 0.78 0 2.27 0 0.78 0 2.92 0 
4 0.27 0.43 1.13 0 0.0 0.3 0.2 1.41 0 1.85 0 1.21 1.69 0 2.54 0.33 1.48 0.59 3.86 0.35 2.73 0.86 2.73 0 0.63 0.67 1.04 0.94 1.98 1.04 0 4.05 0 0 0.66 0 0.43 0 2.92 2.73 1.29 3.48 0 1.29 0 0 0 0.78 0.86 1.29 0 1.51 0 1.48 0 0 0 0.82 1.54 4.81 3.39 0 0.82 0 3.95 3.29 1.49 0.12 0 0 3.2 0 0 0 0 0.31 
5 0.42 0 0 0 0.3 0.0 2.45 0.5 0.98 2.96 6.08 0.75 3.39 0 1.45 0 2.28 0 0 0 0.74 0.8 1.79 0.73 0.89 0 1.13 0 0.78 0.23 0.8 2.35 2.83 1.85 0.33 0 0.39 0 0 0.78 3.67 1.68 2.46 0.65 0.73 0 0 0 0.43 0 0 0.53 0 1.45 1.48 2.62 3.02 0.74 3.95 0 0.3 0 0.98 0 0 0 6.59 0.4 0 0 0 0 0 0 0 2.07 
6 0 0.63 0 0.27 0.2 2.45 0.0 0 0.94 1.54 3.01 0 1.05 0 4.69 0 0.2 0.39 1.25 1.25 0 0.38 0 2.07 0 0 0.23 0.37 0.3 1.88 1.13 0 0 0.75 0.7 0.45 0 3.11 0.57 1.02 0.63 0 2.45 0 0 0.66 0 2.35 1.79 1.98 2.63 0.56 0 1.91 0 0.7 2.63 1.25 0.43 1.84 0 0 0.23 0 2.09 3.67 5.57 0.23 0.31 0 0 3.58 0 0.18 0 0.27 
7 0 0 2.54 0 1.41 0.5 0 0.0 0.43 2.35 1.69 1.41 0 0 0.22 1.72 0 0.7 0 0 2.4 2.28 2.71 5.57 0.72 0 0 0.63 2.28 0.4 2.35 0 1.72 2.92 0 0.2 2.46 2.22 0.99 0 1.88 0 0 0 2.73 0.33 0 2.16 1.79 3.67 1.37 2.16 0.47 0.75 1.17 1.72 0 1.66 0.23 0 2.96 0 0 0.6 3.51 2.53 2.91 0.15 0.78 2.83 0.73 0 2.28 0.57 2.92 0 
8 1.41 2.46 0.43 4.31 0 0.98 0.94 0.43 0.0 1.25 0.42 0 0.78 0 0.8 0 0 0.37 0.78 0.27 0 0 0.72 5.95 0.8 2.59 0.86 0 0 0 2.07 0.65 3.11 2.03 0.27 0.2 0 0 0 3.67 0.98 0 0.83 0.77 0.57 0.92 0 1.85 2.35 0.72 1.6 2.45 0.43 0 0.2 0.85 3.2 0.33 0.35 0 2.53 0 2.16 3.58 0.94 2.35 1.06 0.39 1.23 0 2.34 0 0.98 0.58 0 0.66 
9 0.38 0 3.2 0.55 1.85 2.96 1.54 2.35 1.25 0.0 0.59 1.13 0 0 4.56 1.96 1.42 1.51 0.28 3.48 1.0 0.82 2.83 0.57 0 0.17 1.79 0 0.72 3.95 0.62 2.15 0.66 1.85 1.17 0 0.94 5.18 2.79 0.51 0.85 1.72 0 0 1.13 3.48 0 0 1.68 2.35 0.43 0.78 0 2.73 0 0.32 0 0.83 0.55 5.57 1.1 0 1.52 1.79 0 3.29 2.03 2.35 1.72 2.35 0 0 1.14 1.37 2.53 0 
10 1.6 0 0 3.55 0 6.08 3.01 1.69 0.42 0.59 0.0 0.25 1.41 0 0.9 2.9 1.37 0.38 1.97 3.55 3.57 3.26 3.33 5.95 5.07 1.42 0 1.37 6.33 3.86 3.76 0.51 2.79 3.67 1.06 0.82 0 5.08 0.89 1.39 0 0.94 0.95 0 1.6 0 0.43 1.99 0.75 0.65 1.6 2.73 2.92 2.15 3.39 1.17 3.26 5.83 0 1.17 4.07 5.65 0 5.19 0 1.27 0 0.4 0 7.86 7.98 7.98 0.66 2.65 2.83 1.79 
11 1.13 0 2.65 2.4 1.21 0.75 0 1.41 0 1.13 0.25 0.0 0.94 1.17 0.39 0 5.57 0.5 5.83 1.69 6.59 0.89 7.48 3.51 0 1.49 0 1.21 4.89 0.65 5.07 1.6 3.29 5.83 3.17 1.9 0.92 1.96 0.31 2.35 1.79 2.5 2.5 3.7 3.58 4.43 0.9 0 0.73 4.71 0 4.56 1.66 0.13 0 4.23 5.93 4.94 0.59 0 5.74 0 1.99 1.92 0 0.66 0.43 0.98 4.56 7.73 7.35 5.65 0.78 6.21 1.84 1.91 
12 0.47 1.91 2.35 0.92 1.69 3.39 1.05 0 0.78 0 1.41 0.94 0.0 0 2.54 2.34 1.23 0.27 2.45 1.06 0 2.4 0 0 2.73 2.07 0.27 2.45 0 2.82 0 0.42 0.22 0.9 1.11 0.78 0 0 0.74 0 0 2.53 2.59 3.48 0.23 0.98 0 3.67 0 0 0 0.51 0 2.53 3.11 2.92 0.63 2.34 0 3.48 2.15 0.75 0 1.54 0 0.4 1.85 0.51 0 4.61 0.89 4.8 0 1.72 1.21 0.86 
13 2.07 0 0 0.7 0 0 0 0 0 0 0 1.17 0 0.0 2.79 0.68 5.19 0 2.23 0.51 0.35 1.09 0.7 0 0 2.07 2.16 0.43 2.03 0 0 6.46 0 1.41 0 0 0.43 0.78 2.09 0.67 3.29 0.89 0 1.88 2.65 0.8 0 0 1.17 0 1.99 0 0 0.38 0.43 5.83 3.45 0 0.55 3.8 0 3.58 2.16 5.32 0 0 4.69 1.69 0 0 1.66 0 3.39 0.6 0 0 
14 1.06 0 2.46 0 2.54 1.45 4.69 0.22 0.8 4.56 0.9 0.39 2.54 2.79 0.0 4.18 4.33 1.21 6.72 0 1.68 5.95 7.1 2.27 5.27 0 0 0 4.61 0 0.6 4.56 3.76 5.7 2.53 0.85 5.95 0 0.28 1.25 0 2.5 5.93 5.55 3.86 3.67 2.28 0 1.49 0.89 2.9 1.45 1.23 0.43 2.03 2.07 2.5 2.82 2.79 0.17 4.99 7.22 1.88 1.92 6.59 0.66 1.9 0.37 1.29 5.08 3.02 0.87 0 0 2.65 3.67 
15 2.54 0 1.02 1.8 0.33 0 0 1.72 0 1.96 2.9 0 2.34 0.68 4.18 0.0 0 0.58 2.39 0 0.62 0 0 0.85 0.97 0 2.82 0 0 0 1.17 1.0 4.61 0.6 1.23 1.6 0 0 0 4.52 0.68 3.08 1.88 2.83 2.9 0.8 0.82 0.92 0 1.99 5.27 1.41 0.27 1.29 0 0 0 0.25 0 0 0.78 1.91 1.25 0 0 4.42 1.88 0 0 0 0.99 0 1.76 1.37 0 0 
16 0.32 0 2.28 0.55 1.48 2.28 0.2 0 0 1.42 1.37 5.57 1.23 5.19 4.33 0 0.0 1.32 1.42 5.32 0 4.05 0 0.2 0 1.72 0 4.31 0 0 3.04 3.86 1.05 0.75 3.67 3.39 0.7 0.73 3.67 0.42 0 0 0 1.05 0 2.73 1.85 0 3.8 0.55 1.88 0.49 4.18 3.67 0 1.37 0 1.72 2.82 0.94 0.89 1.29 0.7 0.37 0.52 2.71 6.33 2.26 0.28 0 0.89 0 3.42 0.51 1.48 0.74 
17 0.75 0 0.7 1.13 0.59 0 0.39 0.7 0.37 1.51 0.38 0.5 0.27 0 1.21 0.58 1.32 0.0 2.45 0.48 0 0 1.91 0 2.45 2.35 0 0 1.09 0.43 0 1.25 0 0 0.28 2.07 0.65 0 2.45 0 0 0.57 3.2 0 0 0 1.11 1.29 0 1.29 1.98 0.1 0.82 2.35 2.09 1.33 3.11 0 0.66 0.7 1.96 0.63 0.94 1.79 2.59 1.21 0 0.2 0 0.72 0 4.33 0.63 0.33 0 0 
18 0 0 0 1.51 3.86 0 1.25 0 0.78 0.28 1.97 5.83 2.45 2.23 6.72 2.39 1.42 2.45 0.0 3.26 6.59 0 0 2.63 0.8 0 0 0 2.9 3.2 4.23 3.67 0 1.21 1.72 0.77 3.94 0 1.52 0.35 1.29 2.4 0 0 1.32 4.52 0 3.51 0.87 0 0.23 1.6 0.8 2.83 5.55 0.23 0 5.93 1.91 0 7.06 2.19 1.6 2.63 0 5.45 1.96 0 0.62 6.21 0 1.19 0.43 0 4.42 3.39 
19 0 2.9 1.33 2.53 0.35 0 1.25 0 0.27 3.48 3.55 1.69 1.06 0.51 0 0 5.32 0.48 3.26 0.0 0 2.4 0 0 6.97 1.84 0.82 0.92 0 0.94 0 0 0 2.46 0 0 0 0 2.16 1.33 1.97 0 0 0 3.86 0.35 0 1.37 1.85 0.83 0 0 0 1.04 0.13 2.19 3.7 0 3.17 0.66 0.73 1.92 0 4.23 0 0 3.04 1.69 0.47 0.75 0 1.68 1.79 0 1.37 0 
20 0.6 0 1.97 0 2.73 0.74 0 2.4 0 1.0 3.57 6.59 0 0.35 1.68 0.62 0 0 6.59 0 0.0 0.86 0 3.45 0 6.59 3.76 1.36 1.21 0.3 0 4.37 5.46 0.7 1.17 0 0 0.23 5.18 0 3.08 0.9 0 3.08 0.94 0 0.52 0 0 0 1.1 0 0 5.57 0 3.09 0 0.51 0.87 0 0.39 1.91 1.41 0 0.85 3.57 0 1.37 0 0 0.37 0.68 3.39 2.46 0 0 
21 2.54 0 0.25 0 0.86 0.8 0.38 2.28 0 0.82 3.26 0.89 2.4 1.09 5.95 0 4.05 0 0 2.4 0.86 0.0 0 1.41 0.78 2.23 2.03 1.42 0 0 0 1.07 0 3.04 2.54 3.58 0 0 6.72 6.21 0 0 0 0 0.68 0.3 1.79 0.1 0.31 1.56 1.99 2.82 0 2.77 0 0 2.4 0 4.42 0 0 0 0 3.67 0 2.23 5.65 0.48 1.23 0 0.86 1.05 1.84 0 0.49 1.48 
22 1.17 0 0.99 0 2.73 1.79 0 2.71 0.72 2.83 3.33 7.48 0 0.7 7.1 0 0 1.91 0 0 0 0 0.0 1.29 0 0 0 2.16 0 0.48 1.29 1.05 1.56 0 1.41 0 0 1.33 0 0 2.28 0 0.18 0.18 0 0.48 0 0.94 1.42 0 0 1.6 0 3.2 0 0 1.42 0 0 6.3 2.4 0.74 0 1.11 0.51 3.76 2.58 0.57 0 0 0 1.29 0.78 0 0 2.54 
23 0.52 0.47 1.54 0.32 0 0.73 2.07 5.57 5.95 0.57 5.95 3.51 0 0 2.27 0.85 0.2 0 2.63 0 3.45 1.41 1.29 0.0 0 1.41 0 5.57 1.02 5.19 4.05 6.59 1.06 0.25 3.76 6.21 0 0 3.2 0 0 0.43 0.55 0.17 1.36 4.94 5.32 2.53 3.48 1.27 1.72 1.98 4.14 6.59 2.23 0 0 0 5.45 4.25 0.97 1.29 0 1.14 1.42 0 5.93 0.6 2.54 2.77 2.27 3.26 2.46 0 1.17 1.17 
24 0 0.42 4.18 0.55 0.63 0.89 0 0.72 0.8 0 5.07 0 2.73 0 5.27 0.97 0 2.45 0.8 6.97 0 0.78 0 0 0.0 0 1.33 6.08 4.81 1.88 0 1.56 0.3 0.9 0 6.08 0.95 0.99 5.83 1.72 1.48 0 1.17 0.98 0 2.71 5.57 1.99 0.77 0.89 1.41 0.86 5.95 1.96 1.0 0.45 0 1.0 1.45 0 0 1.84 1.97 2.28 2.34 1.96 2.23 1.49 0 0 0 2.5 4.05 0 0 1.29 
25 2.03 2.59 0 0 0.67 0 0 0 2.59 0.17 1.42 1.49 2.07 2.07 0 0 1.72 2.35 0 1.84 6.59 2.23 0 1.41 0 0.0 0 0 0 4.8 0 1.11 0.2 1.41 3.76 1.56 1.09 6.12 1.17 0 1.79 0.78 0 0 0.27 0.78 0 0 4.99 2.45 0 1.66 4.23 2.34 2.15 0.55 1.56 0 2.16 2.07 0 1.02 4.23 3.2 3.63 2.03 5.07 0.58 2.28 4.19 2.89 0 1.69 0 3.02 3.29 
26 0 2.82 0 1.88 1.04 1.13 0.23 0 0.86 1.79 0 0 0.27 2.16 0 2.82 0 0 0 0.82 3.76 2.03 0 0 1.33 0 0.0 0.3 2.82 1.36 1.88 0.52 0 0.86 0 0.86 0.63 2.22 1.23 1.05 1.04 0.68 1.6 3.39 1.88 1.69 0.39 3.01 0.98 0 2.54 0 0.59 1.6 2.45 0.65 3.76 2.82 1.32 0.57 1.84 0.67 1.09 0 2.96 1.54 1.85 0.31 1.22 3.95 1.76 4.14 0.25 0 0.43 0.85 
27 0.99 0 1.88 4.43 0.94 0 0.37 0.63 0 0 1.37 1.21 2.45 0.43 0 0 4.31 0 0 0.92 1.36 1.42 2.16 5.57 6.08 0 0.3 0.0 2.45 0.75 0.23 6.08 0.63 1.13 0.43 0.27 1.48 1.17 0 3.39 0 0 0 0 1.41 0.56 0.13 1.17 0.86 2.65 0.75 0.43 0 2.91 0.51 2.23 0 0 1.85 1.29 0 0.55 1.72 4.43 0 0 0 1.13 0 0 0 0 0 0 0.78 0.59 
28 2.26 0 0.62 4.05 1.98 0.78 0.3 2.28 0 0.72 6.33 4.89 0 2.03 4.61 0 0 1.09 2.9 0 1.21 0 0 1.02 4.81 0 2.82 2.45 0.0 1.17 0.47 7.6 0 0.59 0 2.4 0 0 1.99 1.72 0 0 0 0 3.2 1.23 2.82 0.25 0.8 0 2.71 2.16 2.73 1.76 0 0 1.85 1.91 1.72 0.99 0 0.94 0.1 0.78 0 3.45 0 2.54 1.6 0 0.53 0 2.71 0.43 0 0 
29 0 0 0.99 4.56 1.04 0.23 1.88 0.4 0 3.95 3.86 0.65 2.82 0 0 0 0 0.43 3.2 0.94 0.3 0 0.48 5.19 1.88 4.8 1.36 0.75 1.17 0.0 0.55 0 1.56 0.43 0.86 2.26 0 0 0 0.67 1.25 1.6 0 1.41 0 0.38 0 0.43 0 3.86 2.9 1.6 1.13 1.21 1.29 5.65 0 0 1.41 0 0.98 0 1.36 1.97 0.7 0 2.83 0 0.92 0.86 0 0.86 3.58 0.42 0.22 1.51 
30 0.23 0 0 0 0 0.8 1.13 2.35 2.07 0.62 3.76 5.07 0 0 0.6 1.17 3.04 0 4.23 0 0 0 1.29 4.05 0 0 1.88 0.23 0.47 0.55 0.0 0 2.09 0 0.92 1.6 0.74 0.33 2.46 3.39 0 0 0.5 0 1.91 0.13 0 0.22 0.43 1.29 1.6 0 0.63 2.03 1.09 0.92 1.45 0.86 3.2 5.83 0 0 0.55 2.91 2.16 2.71 6.08 0.63 0.75 0.38 0 1.6 4.31 0.27 0.37 1.04 
31 1.45 0 1.96 1.97 4.05 2.35 0 0 0.65 2.15 0.51 1.6 0.42 6.46 4.56 1.0 3.86 1.25 3.67 0 4.37 1.07 1.05 6.59 1.56 1.11 0.52 6.08 7.6 0 0 0.0 1.48 4.42 0.67 3.29 2.7 1.12 1.69 0.27 2.45 1.02 0 2.27 1.13 1.92 0.65 5.93 0 0.7 1.54 0 4.14 3.8 0 2.66 2.19 3.63 0.3 2.46 1.32 8.87 0.94 5.95 2.82 1.17 3.29 1.41 4.05 0 4.68 0 2.03 0.87 0.94 3.76 
32 0.86 0 0 0.49 0 2.83 0 1.72 3.11 0.66 2.79 3.29 0.22 0 3.76 4.61 1.05 0 0 0 5.46 0 1.56 1.06 0.3 0.2 0 0.63 0 1.56 2.09 1.48 0.0 0 1.17 0 0 0.89 0 1.27 0.49 0 0 2.09 0.2 0.6 2.92 4.42 3.86 0 0 0.25 1.37 2.03 2.83 0.78 0 0 1.17 1.92 6.02 1.92 3.11 2.16 1.88 1.97 0 2.35 0 3.45 1.04 2.35 0.86 0 0.62 0.94 
33 1.6 0.49 1.27 1.51 0 1.85 0.75 2.92 2.03 1.85 3.67 5.83 0.9 1.41 5.7 0.6 0.75 0 1.21 2.46 0.7 3.04 0 0.25 0.9 1.41 0.86 1.13 0.59 0.43 0 4.42 0 0.0 0.43 0 2.03 2.22 0.7 1.91 1.98 1.11 1.11 0 0 2.26 0.47 0 0 0.27 2.73 0 0 3.76 0 0 1.23 1.52 1.33 7.1 0 0.42 0.55 0.37 1.6 2.9 2.07 0 0.74 0 0.75 2.46 1.97 0.31 0 0.27 
34 0.39 2.03 0.74 2.73 0.66 0.33 0.7 0 0.27 1.17 1.06 3.17 1.11 0 2.53 1.23 3.67 0.28 1.72 0 1.17 2.54 1.41 3.76 0 3.76 0 0.43 0 0.86 0.92 0.67 1.17 0.43 0.0 0 0 0 2.45 2.63 0 0.73 1.68 1.52 1.17 0.39 0.08 1.54 1.17 4.81 3.58 1.29 0 2.15 0 1.96 0 0 0.86 0.52 2.34 0 2.63 2.92 3.02 2.82 4.05 0.47 1.22 0 1.37 2.22 2.35 0.47 2.07 0.62 
35 1.69 0 2.82 2.09 0 0 0.45 0.2 0.2 0 0.82 1.9 0.78 0 0.85 1.6 3.39 2.07 0.77 0 0 3.58 0 6.21 6.08 1.56 0.86 0.27 2.4 2.26 1.6 3.29 0 0 0 0.0 1.56 0.58 0 3.29 1.54 2.11 0 3.02 0 0 0 0 1.13 0 1.56 0 0 0.43 0.92 3.02 0 0.42 0.3 1.88 0 0.78 0 1.56 0 0.33 0 0.2 0 0 0 0 1.36 0 3.11 0 
36 3.11 2.09 0 2.96 0.43 0.39 0 2.46 0 0.94 0 0.92 0 0.43 5.95 0 0.7 0.65 3.94 0 0 0 0 0 0.95 1.09 0.63 1.48 0 0 0.74 2.7 0 2.03 0 1.56 0.0 0 7.1 5.18 0 0 0 1.52 0 1.23 0 0.37 0.74 3.08 1.0 2.34 0 2.9 1.29 0 0 0.78 6.46 0 0.68 0 1.02 2.4 0 1.0 3.82 0.55 0 0.43 0.2 0.12 3.26 1.85 0 1.85 
37 3.01 2.34 0 0 0 0 3.11 2.22 0 5.18 5.08 1.96 0 0.78 0 0 0.73 0 0 0 0.23 0 1.33 0 0.99 6.12 2.22 1.17 0 0 0.33 1.12 0.89 2.22 0 0.58 0 0.0 6.59 2.11 1.8 0 0 0 3.14 0.7 1.09 0 0.8 3.26 0 0.65 0.9 0.7 1.6 1.24 2.11 0.22 1.92 3.08 0.68 0.42 1.85 2.59 0 6.97 3.51 0.5 2.63 0 0 0.62 3.14 2.09 1.23 0 
38 1.6 0.83 5.19 1.29 2.92 0 0.57 0.99 0 2.79 0.89 0.31 0.74 2.09 0.28 0 3.67 2.45 1.52 2.16 5.18 6.72 0 3.2 5.83 1.17 1.23 0 1.99 0 2.46 1.69 0 0.7 2.45 0 7.1 6.59 0.0 0.7 2.16 0 3.76 3.45 2.92 4.56 0.94 3.14 0.75 5.57 3.11 3.01 1.72 1.52 1.25 0.62 0 5.32 0.15 0.38 6.02 1.02 6.21 0 0 0.08 0 0 2.09 0 0 7.86 1.65 0 0 0.48 
39 0.37 0 0.57 0.28 2.73 0.78 1.02 0 3.67 0.51 1.39 2.35 0 0.67 1.25 4.52 0.42 0 0.35 1.33 0 6.21 0 0 1.72 0 1.05 3.39 1.72 0.67 3.39 0.27 1.27 1.91 2.63 3.29 5.18 2.11 0.7 0.0 0 0.77 2.96 0 1.41 4.56 1.06 0.82 5.32 0.47 1.9 1.29 4.05 1.54 0 0 0 6.08 0.62 3.76 6.12 2.11 3.76 1.91 0.95 1.36 3.67 0 0 5.55 0 1.04 0.47 0 3.86 0.98 
40 0.86 2.73 0 0 1.29 3.67 0.63 1.88 0.98 0.85 0 1.79 0 3.29 0 0.68 0 0 1.29 1.97 3.08 0 2.28 0 1.48 1.79 1.04 0 0 1.25 0 2.45 0.49 1.98 0 1.54 0 1.8 2.16 0 0.0 3.48 0.65 1.33 0.15 1.72 2.07 2.46 0 1.98 1.51 1.04 0 0.42 0 0 3.2 1.6 0.55 5.32 2.23 0 0 0.37 1.84 0 0 1.6 1.69 3.08 5.18 2.07 0.43 1.6 1.21 0.63 
41 1.41 0.18 0 0 3.48 1.68 0 0 0 1.72 0.94 2.5 2.53 0.89 2.5 3.08 0 0.57 2.4 0 0.9 0 0 0.43 0 0.78 0.68 0 0 1.6 0 1.02 0 1.11 0.73 2.11 0 0 0 0.77 3.48 0.0 0 0 0.53 0 0 2.34 1.41 0 0.65 1.06 0.77 0 2.35 0.89 0 0 0 1.24 3.26 0 0.3 0.92 0 1.09 1.19 1.6 1.17 0 0.9 0 0 0.27 0.47 0 
42 3.39 0 0.94 1.21 0 2.46 2.45 0 0.83 0 0.95 2.5 2.59 0 5.93 1.88 0 3.2 0 0 0 0 0.18 0.55 1.17 0 1.6 0 0 0 0.5 0 0 1.11 1.68 0 0 0 3.76 2.96 0.65 0 0.0 0 0 0 2.77 0.58 2.03 1.48 0 2.63 2.77 0.97 0 0.94 0 3.14 3.2 2.89 3.08 0.37 0.27 0.99 0.15 0 6.68 2.53 1.13 0 3.14 2.71 0 0.59 0 2.03 
43 0.52 0.37 0 1.6 1.29 0.65 0 0 0.77 0 0 3.7 3.48 1.88 5.55 2.83 1.05 0 0 0 3.08 0 0.18 0.17 0.98 0 3.39 0 0 1.41 0 2.27 2.09 0 1.52 3.02 1.52 0 3.45 0 1.33 0 0 0.0 0 2.16 0 0 1.97 0 0 2.16 0 3.33 0 3.14 0.18 0 2.9 0 3.08 0 0 0 0 0 4.13 1.45 2.45 0 0 0.75 2.77 0.2 0 2.82 
44 0 1.6 1.6 0.28 0 0.73 0 2.73 0.57 1.13 1.6 3.58 0.23 2.65 3.86 2.9 0 0 1.32 3.86 0.94 0.68 0 1.36 0 0.27 1.88 1.41 3.2 0 1.91 1.13 0.2 0 1.17 0 0 3.14 2.92 1.41 0.15 0.53 0 0 0.0 0 0 1.68 0.63 1.22 0 1.13 0 0 4.33 1.48 0 2.96 2.79 4.8 1.02 4.14 0.48 1.69 0.72 0.6 5.45 2.26 0 0 2.35 3.51 0.3 0 1.29 0.82 
45 0 0 1.32 0 0 0 0.66 0.33 0.92 3.48 0 4.43 0.98 0.8 3.67 0.8 2.73 0 4.52 0.35 0 0.3 0.48 4.94 2.71 0.78 1.69 0.56 1.23 0.38 0.13 1.92 0.6 2.26 0.39 0 1.23 0.7 4.56 4.56 1.72 0 0 2.16 0 0.0 0.74 0 0.15 4.81 0 0.37 0 2.54 0 5.27 0.73 0.59 3.93 4.94 0 2.54 1.36 1.85 0 0.67 1.64 0.51 0.74 0 1.66 0 2.03 0 0.55 0.2 
46 0 1.37 0 1.17 0 0 0 0 0 0 0.43 0.9 0 0 2.28 0.82 1.85 1.11 0 0 0.52 1.79 0 5.32 5.57 0 0.39 0.13 2.82 0 0 0.65 2.92 0.47 0.08 0 0 1.09 0.94 1.06 2.07 0 2.77 0 0 0.74 0.0 1.66 1.29 3.67 1.49 2.07 0.2 0.59 0.27 3.02 0.8 1.23 2.66 0 0 0.65 0 0 3.14 0 2.82 0.37 0 0 2.28 0 3.04 1.85 0 0.2 
47 0 1.72 0.66 1.6 0.78 0 2.35 2.16 1.85 0 1.99 0 3.67 0 0 0.92 0 1.29 3.51 1.37 0 0.1 0.94 2.53 1.99 0 3.01 1.17 0.25 0.43 0.22 5.93 4.42 0 1.54 0 0.37 0 3.14 0.82 2.46 2.34 0.58 0 1.68 0 1.66 0.0 0 2.71 3.26 2.92 0 0 1.91 2.66 0 1.17 5.83 0 1.05 0.99 0.78 1.29 0 2.15 7.22 2.54 1.98 0.68 0 0.8 0 0 0.68 2.26 
48 1.23 0.43 0.51 1.41 0.86 0.43 1.79 1.79 2.35 1.68 0.75 0.73 0 1.17 1.49 0 3.8 0 0.87 1.85 0 0.31 1.42 3.48 0.77 4.99 0.98 0.86 0.8 0 0.43 0 3.86 0 1.17 1.13 0.74 0.8 0.75 5.32 0 1.41 2.03 1.97 0.63 0.15 1.29 0 0.0 2.4 4.52 2.45 0.3 4.56 0 0 0 0 3.67 1.88 0 1.79 1.69 1.13 1.41 6.21 3.14 0 0.59 0.66 0 0 0 0 0.75 0.66 
49 0 1.11 1.6 0 1.29 0 1.98 3.67 0.72 2.35 0.65 4.71 0 0 0.89 1.99 0.55 1.29 0 0.83 0 1.56 0 1.27 0.89 2.45 0 2.65 0 3.86 1.29 0.7 0 0.27 4.81 0 3.08 3.26 5.57 0.47 1.98 0 1.48 0 1.22 4.81 3.67 2.71 2.4 0.0 1.69 1.6 2.59 5.95 0.92 3.01 0 2.11 4.43 3.88 0 5.07 1.54 1.04 2.03 3.02 0 2.03 0.43 3.08 3.76 2.23 3.93 0.33 4.18 0.47 
50 0 0.57 0 1.13 0 0 2.63 1.37 1.6 0.43 1.6 0 0 1.99 2.9 5.27 1.88 1.98 0.23 0 1.1 1.99 0 1.72 1.41 0 2.54 0.75 2.71 2.9 1.6 1.54 0 2.73 3.58 1.56 1.0 0 3.11 1.9 1.51 0.65 0 0 0 0 1.49 3.26 4.52 1.69 0.0 1.36 0 1.56 0 0 1.25 0 3.17 5.18 0 0 0.65 0 0.85 1.45 0 3.11 3.01 3.82 0 1.12 0.78 1.33 0 1.21 
51 0.18 1.11 0 0.39 1.51 0.53 0.56 2.16 2.45 0.78 2.73 4.56 0.51 0 1.45 1.41 0.49 0.1 1.6 0 0 2.82 1.6 1.98 0.86 1.66 0 0.43 2.16 1.6 0 0 0.25 0 1.29 0 2.34 0.65 3.01 1.29 1.04 1.06 2.63 2.16 1.13 0.37 2.07 2.92 2.45 1.6 1.36 0.0 0.98 1.21 1.49 1.41 0 0 0 4.52 0 3.11 1.17 1.13 3.39 2.28 0 0 0.62 3.76 0 1.76 0 0.25 0 0.18 
52 0.23 2.16 0 4.18 0 0 0 0.47 0.43 0 2.92 1.66 0 0 1.23 0.27 4.18 0.82 0.8 0 0 0 0 4.14 5.95 4.23 0.59 0 2.73 1.13 0.63 4.14 1.37 0 0 0 0 0.9 1.72 4.05 0 0.77 2.77 0 0 0 0.2 0 0.3 2.59 0 0.98 0.0 2.41 0.22 0.9 0 0.92 3.29 0.5 2.16 0 0 1.33 0 0.53 2.09 0.55 0 0.57 1.97 0 0 0.5 0 1.32 
53 2.79 1.88 1.41 1.41 1.48 1.45 1.91 0.75 0 2.73 2.15 0.13 2.53 0.38 0.43 1.29 3.67 2.35 2.83 1.04 5.57 2.77 3.2 6.59 1.96 2.34 1.6 2.91 1.76 1.21 2.03 3.8 2.03 3.76 2.15 0.43 2.9 0.7 1.52 1.54 0.42 0 0.97 3.33 0 2.54 0.59 0 4.56 5.95 1.56 1.21 2.41 0.0 1.23 1.8 2.27 3.93 0 0.99 0 3.33 5.57 5.57 8.24 0.8 0.25 1.69 0 4.99 1.96 3.2 2.53 0.72 4.94 3.17 
54 1.66 0 2.09 5.83 0 1.48 0 1.17 0.2 0 3.39 0 3.11 0.43 2.03 0 0 2.09 5.55 0.13 0 0 0 2.23 1.0 2.15 2.45 0.51 0 1.29 1.09 0 2.83 0 0 0.92 1.29 1.6 1.25 0 0 2.35 0 0 4.33 0 0.27 1.91 0 0.92 0 1.49 0.22 1.23 0.0 0 0 0.23 3.11 0 0 0 2.59 0.8 3.88 3.11 3.01 2.07 1.17 0 0 0 0 0 0 0.45 
55 0.7 0 0.85 1.66 0 2.62 0.7 1.72 0.85 0.32 1.17 4.23 2.92 5.83 2.07 0 1.37 1.33 0.23 2.19 3.09 0 0 0 0.45 0.55 0.65 2.23 0 5.65 0.92 2.66 0.78 0 1.96 3.02 0 1.24 0.62 0 0 0.89 0.94 3.14 1.48 5.27 3.02 2.66 0 3.01 0 1.41 0.9 1.8 0 0.0 0 6.49 3.93 1.0 0 2.7 0 1.6 4.0 5.07 0.78 0 2.83 1.29 3.25 4.99 1.02 0 2.27 4.14 
56 0 0 1.85 0.98 0 3.02 2.63 0 3.2 0 3.26 5.93 0.63 3.45 2.5 0 0 3.11 0 3.7 0 2.4 1.42 0 0 1.56 3.76 0 1.85 0 1.45 2.19 0 1.23 0 0 0 2.11 0 0 3.2 0 0 0.18 0 0.73 0.8 0 0 0 1.25 0 0 2.27 0 0 0.0 0.99 2.96 4.56 3.76 0 1.48 0.86 0 0 0 2.59 0 1.88 0 0 0 0.82 0 0 
57 1.72 0 1.79 0 0.82 0.74 1.25 1.66 0.33 0.83 5.83 4.94 2.34 0 2.82 0.25 1.72 0 5.93 0 0.51 0 0 0 1.0 0 2.82 0 1.91 0 0.86 3.63 0 1.52 0 0.42 0.78 0.22 5.32 6.08 1.6 0 3.14 0 2.96 0.59 1.23 1.17 0 2.11 0 0 0.92 3.93 0.23 6.49 0.99 0.0 0.68 1.45 0 2.16 0 1.76 0 0 5.7 0 1.66 1.66 0.74 0 2.71 0 0 2.45 
58 0 0.7 2.09 1.48 1.54 3.95 0.43 0.23 0.35 0.55 0 0.59 0 0.55 2.79 0 2.82 0.66 1.91 3.17 0.87 4.42 0 5.45 1.45 2.16 1.32 1.85 1.72 1.41 3.2 0.3 1.17 1.33 0.86 0.3 6.46 1.92 0.15 0.62 0.55 0 3.2 2.9 2.79 3.93 2.66 5.83 3.67 4.43 3.17 0 3.29 0 3.11 3.93 2.96 0.68 0.0 0 1.0 6.84 5.19 3.39 1.0 0.55 2.53 0 1.06 5.27 3.57 0 0.47 2.34 0.67 0.9 
59 1.49 3.88 6.33 3.2 4.81 0 1.84 0 0 5.57 1.17 0 3.48 3.8 0.17 0 0.94 0.7 0 0.66 0 0 6.3 4.25 0 2.07 0.57 1.29 0.99 0 5.83 2.46 1.92 7.1 0.52 1.88 0 3.08 0.38 3.76 5.32 1.24 2.89 0 4.8 4.94 0 0 1.88 3.88 5.18 4.52 0.5 0.99 0 1.0 4.56 1.45 0 0.0 5.65 1.12 7.48 7.6 10.14 0.78 1.9 0 0.73 0 7.1 2.35 0.58 3.57 6.72 2.46 
60 0 2.77 0.58 0.99 3.39 0.3 0 2.96 2.53 1.1 4.07 5.74 2.15 0 4.99 0.78 0.89 1.96 7.06 0.73 0.39 0 2.4 0.97 0 0 1.84 0 0 0.98 0 1.32 6.02 0 2.34 0 0.68 0.68 6.02 6.12 2.23 3.26 3.08 3.08 1.02 0 0 1.05 0 0 0 0 2.16 0 0 0 3.76 0 1.0 5.65 0.0 0 2.28 0 0 6.3 1.14 3.95 3.58 0 0.25 0.31 5.93 0 0.47 0 
61 3.2 0 1.23 5.19 0 0 0 0 0 0 5.65 0 0.75 3.58 7.22 1.91 1.29 0.63 2.19 1.92 1.91 0 0.74 1.29 1.84 1.02 0.67 0.55 0.94 0 0 8.87 1.92 0.42 0 0.78 0 0.42 1.02 2.11 0 0 0.37 0 4.14 2.54 0.65 0.99 1.79 5.07 0 3.11 0 3.33 0 2.7 0 2.16 6.84 1.12 0 0.0 0.25 3.55 0.82 0 0 3.48 0.45 0.55 1.85 0 0.9 0.78 0 2.92 
62 1.36 0.31 0 3.29 0.82 0.98 0.23 0 2.16 1.52 0 1.99 0 2.16 1.88 1.25 0.7 0.94 1.6 0 1.41 0 0 0 1.97 4.23 1.09 1.72 0.1 1.36 0.55 0.94 3.11 0.55 2.63 0 1.02 1.85 6.21 3.76 0 0.3 0.27 0 0.48 1.36 0 0.78 1.69 1.54 0.65 1.17 0 5.57 2.59 0 1.48 0 5.19 7.48 2.28 0.25 0.0 0 0 4.99 7.35 0.43 0.92 0 0 0.53 0.67 0 0 1.17 
63 2.07 0 0.99 0.25 0 0 0 0.6 3.58 1.79 5.19 1.92 1.54 5.32 1.92 0 0.37 1.79 2.63 4.23 0 3.67 1.11 1.14 2.28 3.2 0 4.43 0.78 1.97 2.91 5.95 2.16 0.37 2.92 1.56 2.4 2.59 0 1.91 0.37 0.92 0.99 0 1.69 1.85 0 1.29 1.13 1.04 0 1.13 1.33 5.57 0.8 1.6 0.86 1.76 3.39 7.6 0 3.55 0 0.0 0 4.71 6.97 0 0 2.4 0 0 2.03 0.55 0.86 0.35 
64 2.65 0 1.13 0 3.95 0 2.09 3.51 0.94 0 0 0 0 0 6.59 0 0.52 2.59 0 0 0.85 0 0.51 1.42 2.34 3.63 2.96 0 0 0.7 2.16 2.82 1.88 1.6 3.02 0 0 0 0 0.95 1.84 0 0.15 0 0.72 0 3.14 0 1.41 2.03 0.85 3.39 0 8.24 3.88 4.0 0 0 1.0 10.14 0 0.82 0 0 0.0 0 3.09 0.78 2.22 0.58 1.99 2.71 0.97 0 1.79 3.76 
65 0.52 0 5.83 1.49 3.29 0 3.67 2.53 2.35 3.29 1.27 0.66 0.4 0 0.66 4.42 2.71 1.21 5.45 0 3.57 2.23 3.76 0 1.96 2.03 1.54 0 3.45 0 2.71 1.17 1.97 2.9 2.82 0.33 1.0 6.97 0.08 1.36 0 1.09 0 0 0.6 0.67 0 2.15 6.21 3.02 1.45 2.28 0.53 0.8 3.11 5.07 0 0 0.55 0.78 6.3 0 4.99 4.71 0 0.0 0.12 2.63 0.63 6.21 8.11 6.12 1.69 3.14 1.96 2.09 
66 0 2.39 6.33 0.75 1.49 6.59 5.57 2.91 1.06 2.03 0 0.43 1.85 4.69 1.9 1.88 6.33 0 1.96 3.04 0 5.65 2.58 5.93 2.23 5.07 1.85 0 0 2.83 6.08 3.29 0 2.07 4.05 0 3.82 3.51 0 3.67 0 1.19 6.68 4.13 5.45 1.64 2.82 7.22 3.14 0 0 0 2.09 0.25 3.01 0.78 0 5.7 2.53 1.9 1.14 0 7.35 6.97 3.09 0.12 0.0 0.53 0 4.19 3.94 0 3.17 3.45 6.84 4.81 
67 0.2 2.82 1.69 0 0.12 0.4 0.23 0.15 0.39 2.35 0.4 0.98 0.51 1.69 0.37 0 2.26 0.2 0 1.69 1.37 0.48 0.57 0.6 1.49 0.58 0.31 1.13 2.54 0 0.63 1.41 2.35 0 0.47 0.2 0.55 0.5 0 0 1.6 1.6 2.53 1.45 2.26 0.51 0.37 2.54 0 2.03 3.11 0 0.55 1.69 2.07 0 2.59 0 0 0 3.95 3.48 0.43 0 0.78 2.63 0.53 0.0 0 3.58 3.67 1.52 0 2.35 0.37 0.27 
68 0.12 0.32 0.12 0.78 0 0 0.31 0.78 1.23 1.72 0 4.56 0 0 1.29 0 0.28 0 0.62 0.47 0 1.23 0 2.54 0 2.28 1.22 0 1.6 0.92 0.75 4.05 0 0.74 1.22 0 0 2.63 2.09 0 1.69 1.17 1.13 2.45 0 0.74 0 1.98 0.59 0.43 3.01 0.62 0 0 1.17 2.83 0 1.66 1.06 0.73 3.58 0.45 0.92 0 2.22 0.63 0 0 0.0 0 0 0 2.54 1.32 1.22 0.07 
69 0.62 0 0 0 0 0 0 2.83 0 2.35 7.86 7.73 4.61 0 5.08 0 0 0.72 6.21 0.75 0 0 0 2.77 0 4.19 3.95 0 0 0.86 0.38 0 3.45 0 0 0 0.43 0 0 5.55 3.08 0 0 0 0 0 0 0.68 0.66 3.08 3.82 3.76 0.57 4.99 0 1.29 1.88 1.66 5.27 0 0 0.55 0 2.4 0.58 6.21 4.19 3.58 0 0.0 0.63 0.55 5.36 1.17 0 1.33 
70 0 0 1.33 2.27 3.2 0 0 0.73 2.34 0 7.98 7.35 0.89 1.66 3.02 0.99 0.89 0 0 0 0.37 0.86 0 2.27 0 2.89 1.76 0 0.53 0 0 4.68 1.04 0.75 1.37 0 0.2 0 0 0 5.18 0.9 3.14 0 2.35 1.66 2.28 0 0 3.76 0 0 1.97 1.96 0 3.25 0 0.74 3.57 7.1 0.25 1.85 0 0 1.99 8.11 3.94 3.67 0 0.63 0.0 0 5.65 0 1.09 0.63 
71 3.67 0 1.91 0 0 0 3.58 0 0 0 7.98 5.65 4.8 0 0.87 0 0 4.33 1.19 1.68 0.68 1.05 1.29 3.26 2.5 0 4.14 0 0 0.86 1.6 0 2.35 2.46 2.22 0 0.12 0.62 7.86 1.04 2.07 0 2.71 0.75 3.51 0 0 0.8 0 2.23 1.12 1.76 0 3.2 0 4.99 0 0 0 2.35 0.31 0 0.53 0 2.71 6.12 0 1.52 0 0.55 0 0.0 0 0 0 0.62 
72 1.88 1.56 3.2 0.78 0 0 0 2.28 0.98 1.14 0.66 0.78 0 3.39 0 1.76 3.42 0.63 0.43 1.79 3.39 1.84 0.78 2.46 4.05 1.69 0.25 0 2.71 3.58 4.31 2.03 0.86 1.97 2.35 1.36 3.26 3.14 1.65 0.47 0.43 0 0 2.77 0.3 2.03 3.04 0 0 3.93 0.78 0 0 2.53 0 1.02 0 2.71 0.47 0.58 5.93 0.9 0.67 2.03 0.97 1.69 3.17 0 2.54 5.36 5.65 0 0.0 2.22 0 1.42 
73 0.33 0.2 0 0 0 0 0.18 0.57 0.58 1.37 2.65 6.21 1.72 0.6 0 1.37 0.51 0.33 0 0 2.46 0 0 0 0 0 0 0 0.43 0.42 0.27 0.87 0 0.31 0.47 0 1.85 2.09 0 0 1.6 0.27 0.59 0.2 0 0 1.85 0 0 0.33 1.33 0.25 0.5 0.72 0 0 0.82 0 2.34 3.57 0 0.78 0 0.55 0 3.14 3.45 2.35 1.32 1.17 0 0 2.22 0.0 0.51 1.69 
74 0 1.11 0 2.92 0 0 0 2.92 0 2.53 2.83 1.84 1.21 0 2.65 0 1.48 0 4.42 1.37 0 0.49 0 1.17 0 3.02 0.43 0.78 0 0.22 0.37 0.94 0.62 0 2.07 3.11 0 1.23 0 3.86 1.21 0.47 0 0 1.29 0.55 0 0.68 0.75 4.18 0 0 0 4.94 0 2.27 0 0 0.67 6.72 0.47 0 0 0.86 1.79 1.96 6.84 0.37 1.22 0 1.09 0 0 0.51 0.0 0 
75 0 1.42 0.18 0 0.31 2.07 0.27 0 0.66 0 1.79 1.91 0.86 0 3.67 0 0.74 0 3.39 0 0 1.48 2.54 1.17 1.29 3.29 0.85 0.59 0 1.51 1.04 3.76 0.94 0.27 0.62 0 1.85 0 0.48 0.98 0.63 0 2.03 2.82 0.82 0.2 0.2 2.26 0.66 0.47 1.21 0.18 1.32 3.17 0.45 4.14 0 2.45 0.9 2.46 0 2.92 1.17 0.35 3.76 2.09 4.81 0.27 0.07 1.33 0.63 0.62 1.42 1.69 0 0.0 

;