set O:= 0;
set N:= 1 2 3 4 5 6 7 8 9 10 11 12 13 14 15 16 17 18 19 20 21 22 23 24 25 26 27 28 29 30 31 32 33 34 35 36 37 38 39 40 41 42 43 44 45 46 47 48 49 50 51 52 53 54 55 56 57 58 59 60 61 62 63 64 65 66 67 68 69 70 71 72 73 74 75;
set K:= 1 2 3 4 5 6 7;
param V:= 7;
param cp:= 220;
param dm:= 2.0;
param o:=
0 0
1 18
2 26
3 11
4 30
5 21
6 19
7 15
8 16
9 29
10 26
11 37
12 16
13 12
14 31
15 8
16 19
17 20
18 13
19 15
20 22
21 28
22 12
23 6
24 27
25 14
26 18
27 17
28 29
29 13
30 22
31 25
32 28
33 27
34 19
35 10
36 12
37 14
38 24
39 16
40 33
41 15
42 11
43 18
44 17
45 21
46 27
47 19
48 20
49 5
50 22
51 12
52 19
53 22
54 16
55 7
56 26
57 14
58 21
59 24
60 13
61 15
62 18
63 11
64 28
65 9
66 37
67 30
68 10
69 8
70 11
71 3
72 1
73 6
74 10
75 20
;
param c[*,*]
: 0 1 2 3 4 5 6 7 8 9 10 11 12 13 14 15 16 17 18 19 20 21 22 23 24 25 26 27 28 29 30 31 32 33 34 35 36 37 38 39 40 41 42 43 44 45 46 47 48 49 50 51 52 53 54 55 56 57 58 59 60 61 62 63 64 65 66 67 68 69 70 71 72 73 74 75:=
0 0 7 5 5 5 7 3 3 3331 10 38 13 9 4885 12 5995 7 2889 12 6 10 9749 22 11 9 48 2 14 8666 4 6 27 12 6138 4 3997 7328 7106 38 10 16 20 10051 11 6 3 2 6 18 9 12 5 4 7944 24 19 11 25 7 17 11 12277 32 6143 48 14 13 4 3 10 9 8660 7222 9 8 1 
1 7 0 5 6422 9 12 9 9 8882 17 21 15 35 9 15 14 4 7 14 10436 15 6 3 13 14 15165 8376 10 5 8 7 22 11 2234 7328 11 9493 10610 28 15 8097 6 3 1675 7259 7 31 7818 15 5026 25 20 7772 17 13 18 5 15 30 35 12564 7 9 2 5 15 21 8376 7 10 14 11 58 6 5026 26 
2 5 5 0 7 4333 5 3 5995 7 12277 14 24 9027 6 22 23 5026 13 16 15 7106 5 4467 14 9214 17 7 4441 11 14 2 23 8 2792 8 6661 7 7 11448 14 7 9 27 7 29 3109 5 15 6 15 14 6 5 13 30 23 8376 6439 25 13960 16 22 2 9 32 12844 13960 6499 3 6 30 6883 49 3 2 5 
3 5 6422 7 0 8 12 6 8 9493 10 10110 22 17 13 12 51 5 3350 4467 23 19 11 9 6 5 5 5584 9772 8935 10051 8 23 9 18 32 19 13402 17 12 7 3 10 35 7259 838 9 10 46 13 3 3350 6 9214 13 12844 30 28 16 17 29 33 11448 7259 5 12 13 14 7 11 14 65 19 9 7 35 6 
4 5 9 4333 8 0 5 5 3331 3 43 12 14 6499 4 39 6 27 11 14804 6 6439 16 10471 9 13 18 3972 2220 7583 2443 3 15526 9 7 1554 4 7 6 11193 10471 23 10331 10 18 8 2 2 9 12 18 13 5777 2 17 5 20 11 9 36 13721 7994 12 15 7 11727 12638 17 3 3 7 7550 8 9 8 6 7 
5 7 12 5 12 5 0 5773 13 22 69 17332 11 7994 4 10 2 10331 7 23 7 2665 2887 6439 25 30 23 13 3 18 5 2887 27 51 6661 9 7 9 2 10 19 10889 48 11168 22 15 2 5 2 1554 16 19 9 5 10 5329 48 13681 2665 61 10 8 5 22 10 12 11 11546 7 5 4 4 4 16 8 4 4885 
6 3 9 3 6 5 5773 0 6 11 36 11554 14 25 7 13360 7 4 7 23 14 9 10 9 6143 8 14 6 6 8 4441 4333 15 6 2889 8 7 7 7328 15 19 9 8 7259 6 5 8 5 5551 4219 5863 10110 2166 5 22 8 19 7818 14 12 21 11 10 6 4 38 14082 15887 6 7 8 10 8438 10 5 6 5 
7 3 9 5995 8 3331 13 6 0 1554 9027 26 13 4 5 3 6217 9 8 9 3 8660 33 9770 9770 13 9 2 14 33 7 5551 12 31 28 2 4 8882 7994 7 8 5584 14 12 11 8097 6 2 7772 26 44 16 5107 11 7 4219 20 11 5995 6 5 10658 11 8 9 12657 4441 5107 2 9 10214 20 10 6499 15 6883 4 
8 3331 8882 7 9493 3 22 11 1554 0 23 10 4 9 3 6 5 10 6 13 6 7 8 19 10436 15 37 12 2 8 4 4885 16 9214 15 6 4 10 8 5 10471 14 14 22 20 12 13 1 6661 5551 13 18 5773 1554 3 5 14 11546 9 8 5 9104 11 31 34 25 22 7 4 18 9 8438 11 11 16 7 8 
9 10 17 12277 10 43 69 36 9027 23 0 7 13 5 16 12999 36 33 5777 8 13360 27 22 16609 15 9 5 6860 14 19 15165 17 6138 2528 43 22 12 25 19859 7944 1444 3250 64 18 19 4333 13360 11 20 31 9027 8 14 14 42 18 9 18 23 6 15887 30 19 28 42 25 9388 24 9027 40 43 23 23 3250 51 59 9 
10 38 21 14 10110 12 17332 11554 26 10 7 0 6 5416 14 10 34 16 10 23 10110 42 38 19498 16971 14443 17 8 16 18054 59 58 6 7944 56 12 9 21 78 2528 3972 7 40 41 19 19 13 10 23 18 16 19 10471 45 6138 52 14 19137 16609 2 14 48 87 17 14804 26 3611 6 11 12 22387 22748 22748 10 15526 33 42 
11 13 15 24 22 14 11 14 13 4 13 6 0 11 8 3 9 12285 12 16609 16 11546 16 16473 32 15 17 8 9 58 10 11168 19 39 12844 5551 3331 14 14 2 36 16 22 22 34 42 7772 6 11 11 56 15 12999 12 2 6 65 70 8660 7 3 54 17 18 17 20 6 3 11 12999 13545 12879 53 9 13681 16 22 
12 9 35 9027 17 6499 7994 25 4 9 5 5416 11 0 7 39 34 22 5 9388 12 12 56 16 10 8097 7944 5 5773 13 6661 9 11 5 17 16 9 10 10 14 4 2 46 47 10331 5 11 4 8660 8 8 7 9 6 7222 7328 11193 13 34 4 53 24 20 12 28 14 11 22 9 7 10880 15 11324 3 40 22 20 
13 4885 9 6 13 4 4 7 5 3 16 14 8 7 0 4885 2443 11448 7 25 12 9 12 19 11 15 24 5107 1554 29 3 5 18415 13 10 4 4 12 18 15 16 9772 24 14 43 48 12 3 5 17 14 23 8 2 6 1554 13767 12435 2 13 6661 8 8438 31 9326 14 8 8216 3997 5 7 5995 7 52 16 6 5 
14 12 15 22 12 39 10 13360 3 6 12999 10 3 39 4885 0 7328 51 14 19137 2 12 13123 15636 20 63 16 8 5 55 7 11 12999 45 12564 4441 8 10436 9 4 14 9 22 70 66 46 6439 3997 10 11 16 34 17 9 3 3553 24 22 27 7944 2 47 15915 17 17 78 5 3331 9 15 48 22 13 10 13 24 10471 
15 5995 14 23 51 6 2 7 6217 5 36 34 9 34 2443 7328 0 15 10 44 5 2220 5 10 28 32 22 6661 3 8 2 4219 24 13681 16 4441 5773 4 2 10 69 14 13960 54 12844 52 2887 19 3331 3 57 20220 16 7 9 4 25 17 888 15 9 18 6883 28 15 16 42 13 5 6 6 3553 4 20 31 5 6 
16 7 4 5026 5 27 10331 4 9 10 33 16 12285 22 11448 51 15 0 3909 26 11727 14 8935 8 4 4 31 6 9493 7 9 6701 59 19 9 8097 40 23 25 44 10 5 7 8 4747 4 32 17 12 8376 5 5584 9 9214 44 13 20 5 49 43 17 30 12 6 3 17 25 13960 6701 6 12 30 14 9749 15 13 11 
17 2889 7 13 3350 11 7 7 8 6 5777 10 12 5 7 14 10 3909 0 9388 8 11 13 45 8 7259 9027 3 6 20 7 7 23 4 6 5 4885 11 9 9388 6 2 12 9493 8 4 5 16 15 7 23 7583 3 9 36 30 25 9214 9 12 17 22 17 17 5305 47 22 13 5 4 12 12 10214 12 9 10 3 
18 12 14 16 4467 14804 23 23 9 13 8 23 16609 9388 25 19137 44 26 9388 0 47 25275 20 17 10110 15 4 12 11 68 75 16248 10471 4 22 20 13 92 26 18 8 23 14082 15 15 3909 10658 11 82 23 5 4 38 13 33 13101 6 11 22748 22 22 27081 40 30 10110 18 15526 23 14 17 23831 27 32 10 13 16971 12999 
19 6 10436 15 23 6 7 14 3 6 13360 10110 16 12 12 2 5 11727 8 47 0 9 35 12 12 15356 21 9 3331 10 11 7 15 12 18 3 2 8 8 20 15 36 14 13 12 11448 6 3 31 27 16 12 8 3 10 4 25 13323 5 9027 5 20 22 10 40 16 6 5329 3997 8 20 10 38 21 12 16 5 
20 10 15 7106 19 6439 2665 9 8660 7 27 42 11546 12 9 12 2220 14 11 25275 9 0 20 10 15636 23 25275 8882 4885 28 8 6 51 16194 19 27 8 3 5 49 21 56 30 14 13960 20 5 14 4 5 16 30 11 6 9770 7 57 19 12 21 11 9 6883 32 13 28 26 13 16 8 5 1332 2443 40 8882 6 8 
21 9749 6 5 11 16 2887 10 33 8 22 38 16 56 12 13123 5 8935 13 20 35 20 0 6 13 15 41 48 20 3 3 4 26 13 6701 5995 8438 3 4 14798 17693 12 9 9 8 14 5 26 3 4 14 37 10832 6 25 9 24 10889 6 68 16 5 3 4 8097 9 20 67 13 29 2 20 3775 21 6 9 35 
22 22 3 4467 9 10471 6439 9 9770 19 16609 19498 16473 16 19 15636 10 8 45 17 12 10 6 0 5863 11 18 13 7772 3 13 5863 45 45 6 32 13 8 30 18 21 41 4 6 6 12 13 11 21 5107 9 16 38 8 29 11 27 6422 9 22 75 8660 3350 2 5026 15 17032 23 15 9 7 10 29 34 3 5 9749 
23 11 13 14 6 9 25 6143 9770 10436 15 16971 32 10 11 20 28 4 8 10110 12 15636 13 5863 0 4 26 11 9770 9 11448 8935 18776 15 5 36 10880 16 17 29 13 9 12 16 6 25 8660 9326 11448 41 2792 40 5863 39 14519 16 15 1 17 15526 39 32 12 6 2513 6422 16 70 13 7539 12564 65 14798 29 5 10 17 
24 9 14 9214 5 13 30 8 13 15 9 14443 15 8097 15 63 32 4 7259 15 15356 23 15 11 4 0 7 19 13402 10610 17 11 18 6 8 12 13402 32 33 12844 20 27 9 34 28 4 25 12285 57 14 1954 4188 12 13123 17 19 9 5 34 17 18 24 16 18 5026 10610 17 20 21 10 20 24 71 11554 9 11 18 
25 48 15165 17 5 18 23 14 9 37 5 17 17 7944 24 16 22 31 9027 4 21 25275 41 18 26 7 0 11 12 20 18415 17 13 4 26 8882 18 29 23470 14 5 5305 34 20 18 6 13 9 24 19137 7259 3 39 9992 27 24 13 58 22 33 24 27 28 16248 12277 21303 24 14443 16 53 98 53 26 26 15 71 12638 
26 2 8376 7 5584 3972 13 6 2 12 6860 8 8 5 5107 8 6661 6 3 12 9 8882 48 13 11 19 11 0 5 10832 20 7222 14 6 16 2 12 11 32 29 25 3071 14 23 10051 5584 3997 4 7106 11 8 9749 5 7 25 5773 18 11168 6661 5055 14 21 18 20 7 54 36 22 7 4694 9326 20 9770 7 9 12 3250 
27 14 10 4441 9772 2220 3 6 14 2 14 16 9 5773 1554 5 3 9493 6 11 3331 4885 20 7772 9770 13402 12 5 0 5773 1776 4 17332 13 8 1554 7 5329 4219 7 52 8 11 11 11 20 1332 4 4219 12 24 12 7 1 5107 12 25 11 3 22 9 7 9 25 7772 11 8 8 2665 4 7 6 8 12 8 9 7 
28 8666 5 11 8935 7583 18 8 33 8 19 18054 58 13 29 55 8 7 20 68 10 28 3 3 9 10610 20 10832 5773 0 17 7 21665 12 5 7 35 4 6 18 20 11 7 6 7 9493 18 6661 7 12 9 64 8305 6439 16 9 24 8376 6883 20 18 7 2792 2 7 7 31 17 9749 6138 4 14 6 32 12 2 8 
29 4 8 14 10051 2443 5 4441 7 4 15165 59 10 6661 3 7 2 9 7 75 11 8 3 13 11448 17 18415 20 1776 17 0 8 19 22 6 12 5329 4 3 9 16 18 46 13 40 12 888 4 10 1 46 68 23 2665 9 19 21665 13 3 16 9 22 6 20 18 23 10 20 4 13 20 6 20 55 11 4 3553 
30 6 7 2 8 3 2887 4333 5551 4885 17 58 11168 9 5 11 4219 6701 7 16248 7 6 4 5863 8935 11 17 7222 4 7 8 0 18 38 5 13 23 17 9 22 52 8 10 17 8 35 2 4 6 6 12 30 8 7 18 12 25 41 20 49 12844 8 7 8 6422 9772 25 13402 12 2889 10 7 5773 12277 9 7 3972 
31 27 22 23 23 15526 27 15 12 16 6138 6 19 11 18415 12999 24 59 23 10471 15 51 26 45 18776 18 13 14 17332 21665 19 18 0 17 68 16 51 31 27 26 6 9388 44 29 84 13 22 16 91 21 17 18 13 64 10832 18 7583 81 43 7 29 32 25275 22 16971 104 14 9388 26 15526 27 55 27 5777 38 22 14443 
32 12 11 8 9 9 51 6 31 9214 2528 7944 39 5 13 45 13681 19 4 4 12 16194 13 45 15 6 4 6 13 12 22 38 17 0 7 17 9 16 18 8 3611 9 10 14 9493 3 13 8655 13123 11448 6 2 5 20 18 51 11 9 14 14 17 17869 27 9214 6422 54 18 11 6980 7 63 22 34 10 10 13 13 
33 6138 2234 2792 18 7 6661 2889 28 15 43 56 12844 17 10 12564 16 9 6 22 18 19 6701 6 5 8 26 16 8 5 6 5 68 7 0 6 8 7328 7994 13 22 5863 5026 5026 4 6 21 7 6 5 5 10471 4 6 45 9 18 5584 35 15 15636 10 8 5 3 7259 26 18 8 17 9 20 8882 23 1396 4 7 
34 4 7328 8 32 1554 9 8 2 6 22 12 5551 16 4 4441 4441 8097 5 20 3 27 5995 32 36 12 8882 2 1554 7 12 13 16 17 6 0 3 8 6 23 40 6 20 38 35 17 4 2 5551 17 10610 8438 19 1 3775 4 22 13 5 10 8 8438 8 6217 28 10880 27 7106 1110 2887 10 31 7994 36 12 4885 9 
35 3997 11 6661 19 4 7 7 4 4 12 9 3331 9 4 8 5773 40 4885 13 2 8 8438 13 10880 13402 18 12 7 35 5329 23 51 9 8 3 0 36 16 4 9388 28 48 15 10880 9 4 2 10 13 12 18 6 3 3 3331 44 14 11 7 18 10 13 9 11 15 5 5 3 5 11 11 11 16 11 7328 4 
36 7328 9493 7 13402 7 9 7 8882 10 25 21 14 10 12 10436 4 23 11 92 8 3 3 8 16 32 29 11 5329 4 4 17 31 16 7328 8 36 0 2 12435 79 13 15 11 44 14 4441 8 1332 2665 13960 27 34 8 21 29 27 14 18 18415 12 2443 4 23 10889 12 15 28 9 6 1554 5 3 38 6661 4 27 
37 7106 10610 7 17 6 2 7328 7994 8 19859 78 14 10 18 9 2 25 9 26 8 5 4 30 17 33 23470 32 4219 6 3 9 27 18 7994 6 16 2 0 11546 24 26 17 14 14 57 16 25 2 2887 14798 22 11 20 10 5773 33 60 6 22 22 2443 11 6661 11727 14 12213 25 8 6217 3 2 2220 37 7550 4441 7 
38 38 28 11448 12 11193 10 15 7 5 7944 2528 2 14 15 4 10 44 9388 18 20 49 14798 18 29 12844 14 29 7 18 9 22 26 8 13 23 4 12435 11546 0 8 6422 19 17032 15636 35 7994 7 23 11 12285 48 11554 12 2665 9 15 18 9326 4 6 57 19 13681 13 24 1 2 9 49 14 14 13767 4694 14 13 13 
39 10 15 14 7 10471 19 19 8 10471 1444 3972 36 4 16 14 69 10 6 8 15 21 17693 21 13 20 5 25 52 20 16 52 6 3611 22 40 9388 79 24 8 0 4 33 17332 17 22 12999 12 20 15165 11 5416 30 11554 18 15 8 19 17332 7 58 94 24 58 22 41 16 10471 9 11 85 23 25 7 16 59 18 
40 16 8097 7 3 23 10889 9 5584 14 3250 7 16 2 9772 9 14 5 2 23 36 56 12 41 9 27 5305 3071 8 11 18 8 9388 9 5863 6 28 13 26 6422 4 0 10331 14 19 3 31 6143 45 9 5863 4467 3071 8 8 12 9 9493 23 10 11727 32 14 9 8 26 9 9 4747 5026 56 15356 30 8 29 17 9 
41 20 6 9 10 10331 48 8 14 14 64 40 22 46 24 22 13960 7 12 14082 14 30 9 4 12 9 34 14 11 7 46 10 44 10 5026 20 48 15 17 19 33 10331 0 1 1 18 9 11 10610 40 7 28 15 20 16 53 38 3 18 18 23 14798 9 10 4188 3 36 22 23 17 11 30 13 17 9 16 9 
42 10051 3 27 35 10 11168 7259 12 22 18 41 22 47 14 70 54 8 9493 15 13 14 9 6 16 34 20 23 11 6 13 17 29 14 5026 38 15 11 14 17032 17332 14 1 0 1 11 8 9992 20 9214 6701 17 7818 9992 18 13 40 5 14240 18776 26 13960 12 9 4467 5 18 79 46 16 10 14240 12285 23 17 7 37 
43 11 1675 7 7259 18 22 6 11 20 19 19 34 10331 43 66 12844 4747 8 15 12 13960 8 6 6 28 18 10051 11 7 40 8 84 9493 4 35 10880 44 14 15636 17 19 1 1 0 10 7772 9 9 8935 5 13 6422 10 30 15 18415 6 15 16971 20 13960 7 4 4 5 19 37 21 7259 10 16 25 16248 7 7 8376 
44 6 7259 29 838 8 15 5 8097 12 4333 19 42 5 48 46 52 4 4 3909 11448 20 14 12 25 4 6 5584 20 9493 12 35 13 3 6 17 9 14 57 35 22 3 18 11 10 0 9 8 24 13 3630 3 3350 11 10 12844 27 9 54 7944 57 21 12285 10 5026 24 11 12006 6701 7 16 34 64 7 7 18 12 
45 3 7 3109 9 2 2 8 6 13 13360 13 7772 11 12 6439 2887 32 5 10658 6 5 5 13 8660 25 13 3997 1332 18 888 2 22 13 21 4 4 4441 16 7994 12999 31 9 8 7772 9 0 11 3 2 10610 11 6 2 24 5 12435 20 13 11193 8660 7 5995 20 13 10 10 12 6 11 7 5995 7 24 5 6 3 
46 2 31 5 10 2 5 5 2 1 11 10 6 4 3 3997 19 17 16 11 3 14 26 11 9326 12285 9 4 4 6661 4 4 16 8655 7 2 2 8 25 7 12 6143 11 9992 9 8 11 0 5995 19 44 17 4885 4 4 7 44 21 4441 7583 6 9 11 7 7 11324 6 27 5 4 9 8216 9 8666 6661 6 3 
47 6 7818 15 46 9 2 5551 7772 6661 20 23 11 8660 5 10 3331 12 15 82 31 4 3 21 11448 57 24 7106 4219 7 10 6 91 13123 6 5551 10 1332 2 23 20 45 10610 20 9 24 3 5995 0 1 12285 77 6883 5 9 6883 49 13 4219 16609 12 3775 3553 18 37 11 15 12657 5995 4663 2443 4 2887 17 6 2443 5329 
48 18 15 6 13 12 1554 4219 26 5551 31 18 11 8 17 11 3 8376 7 23 27 5 4 5107 41 14 19137 11 12 12 1 6 21 11448 5 17 13 2665 2887 11 15165 9 40 9214 8935 13 2 19 1 0 22 17332 5773 5 7994 6 25 15 5 56 13 5 4219 3997 10 40 10880 23 5 7 15 5 5 15 5 1776 8 
49 9 5026 15 3 18 16 5863 44 13 9027 16 56 8 14 16 57 5 23 5 16 16 14 9 2792 1954 7259 8 24 9 46 12 17 6 5 10610 12 13960 14798 12285 11 5863 7 6701 5 3630 10610 44 12285 22 0 5026 4747 23 13123 17 8935 4 60 12638 35 22 11168 14 12 9214 27 16 37 9 13960 17032 64 11193 11 9214 10 
50 12 25 14 3350 13 19 10110 16 18 8 19 15 7 23 34 20220 5584 7583 4 12 30 37 16 40 4188 3 9749 12 64 68 30 18 2 10471 8438 18 27 22 48 5416 4467 28 17 13 3 11 17 77 17332 5026 0 32 9 18 12 5 46 21 9027 79 28 22 18 10 37 17 16 11915 11554 90 28 30 9 49 17 22 
51 5 20 6 6 5777 9 2166 5107 5773 14 10471 12999 9 8 17 16 9 3 38 8 11 10832 38 5863 12 39 5 7 8305 23 8 13 5 4 19 6 34 11 11554 30 3071 15 7818 6422 3350 6 4885 6883 5773 4747 32 0 11 14 17 26 8 8 9 69 11 11915 27 3350 10051 53 16 6 14 8882 12 20 8 7 8 5 
52 4 7772 5 9214 2 5 5 11 1554 14 45 12 6 2 9 7 9214 9 13 3 6 6 8 39 13123 9992 7 1 6439 2665 7 64 20 6 1 3 8 20 12 11554 8 20 9992 10 11 2 4 5 5 23 9 11 0 4219 6 15 12 3331 9388 7 7772 8 7 9 11 8 15 8 4 15 7106 9 10 13 5 3109 
53 7944 17 13 13 17 10 22 7 3 42 6138 2 7222 6 3 9 44 36 33 10 9770 25 29 14519 17 27 25 5107 16 9 18 10832 18 45 3775 3 21 10 2665 18 8 16 18 30 10 24 4 9 7994 13123 18 14 4219 0 9 21 20 6883 5 7 12 30 12285 12285 18149 6 4 26 10 47 14 23 7222 13 10889 9027 
54 24 13 30 12844 5 5329 8 4219 5 18 52 6 7328 1554 3553 4 13 30 13101 4 7 9 11 16 19 24 5773 12 9 19 12 18 51 9 4 3331 29 5773 9 15 12 53 13 15 12844 5 7 6883 6 17 12 17 6 9 0 14 14 6 48 5 10 11 37 12 13989 29 28 4885 13 11 8 8 13 11 8 7 
55 19 18 23 30 20 48 19 20 14 9 14 65 11193 13767 24 25 20 25 6 25 57 24 27 15 9 13 18 25 24 21665 25 7583 11 18 22 44 27 33 15 8 9 38 40 18415 27 12435 44 49 25 8935 5 26 15 21 14 0 16 24914 11193 24 34 50 19 30 23470 14443 19 16 66 35 60 117 12 18 42 15887 
56 11 5 8376 28 11 13681 7818 11 11546 18 19137 70 13 12435 22 17 5 9214 11 13323 19 10889 6422 1 5 58 11168 11 8376 13 41 81 9 5584 13 14 14 60 18 19 9493 3 5 6 9 20 21 13 15 4 46 8 12 20 14 16 0 33 17332 41 17032 10 6701 3909 7 17 19 47 9 54 22 20 20 23 12 10 
57 25 15 6439 16 9 2665 14 5995 9 23 16609 8660 34 2 27 888 49 9 22748 5 12 6 9 17 34 22 6661 3 6883 3 20 43 14 35 5 11 18 6 9326 17332 23 18 14240 15 54 13 4441 4219 5 60 21 8 3331 6883 6 24914 33 0 16 10 5 7772 9 50 17 10 9992 6 24 5995 17 5 32 9 6 5773 
58 7 30 25 17 36 61 12 6 8 6 2 7 4 13 7944 15 43 12 22 9027 21 68 22 15526 17 33 5055 22 20 16 49 7 14 15 10 7 18415 22 4 7 10 18 18776 16971 7944 11193 7583 16609 56 12638 9027 9 9388 5 48 11193 17332 16 0 11 24 19498 14804 52 43 6 7222 6 19 81 42 21 7 13721 16 17 
59 17 35 13960 29 13721 10 21 5 5 15887 14 3 53 6661 2 9 17 17 22 5 11 16 75 39 18 24 14 9 18 9 12844 29 17 15636 8 18 12 22 6 58 11727 23 26 20 57 8660 6 12 13 35 79 69 7 7 5 24 41 10 11 0 53 21 16473 16752 22337 6 3331 12 18 14 12435 17 14 32 14798 29 
60 11 12564 16 33 7994 8 11 10658 9104 30 48 54 24 8 47 18 30 22 27081 20 9 5 8660 32 24 27 21 7 7 22 8 32 17869 10 8438 10 2443 2443 57 94 32 14798 13960 13960 21 7 9 3775 5 22 28 11 7772 12 10 34 17032 5 24 53 0 8 8216 16 17 60 17 9326 8438 4 888 1110 91 12 12 10 
61 12277 7 22 11448 12 5 10 11 11 19 87 17 20 8438 15915 6883 12 17 40 22 6883 3 3350 12 16 28 18 9 2792 6 7 25275 27 8 8 13 4 11 19 24 14 9 12 7 12285 5995 11 3553 4219 11168 22 11915 8 30 11 50 10 7772 19498 21 8 0 5 7818 23 18 19 13360 12 12 6661 6 22 22 4 11193 
62 32 9 2 7259 15 22 6 8 31 28 17 18 12 31 17 28 6 17 30 10 32 4 2 6 18 16248 20 25 2 20 8 22 9214 5 6217 9 23 6661 13681 58 9 10 9 4 10 20 7 18 3997 14 18 27 7 12285 37 19 6701 9 14804 16473 8216 5 0 4 7 59 16194 12 22 6 10 14 16 1 3 27 
63 6143 2 9 5 7 10 4 9 34 42 14804 17 28 9326 17 15 3 5305 10110 40 13 8097 5026 2513 5026 12277 7 7772 7 18 6422 16971 6422 3 28 11 10889 11727 13 22 8 4188 4467 4 5026 13 7 37 10 12 10 3350 9 12285 12 30 3909 50 52 16752 16 7818 4 0 7 56 15356 8 5 10889 17 16 24 2513 8 7 
64 48 5 32 12 11727 12 38 12657 25 25 26 20 14 14 78 16 17 47 18 16 28 9 15 6422 10610 21303 54 11 7 23 9772 104 54 7259 10880 15 12 14 24 41 26 3 5 5 24 10 11324 11 40 9214 37 10051 11 18149 13989 23470 7 17 43 22337 17 23 7 7 0 23 28 16 40 20 57 12285 42 8 8097 11168 
65 14 15 12844 13 12638 11 14082 4441 22 9388 3611 6 11 8 5 42 25 22 15526 6 26 20 17032 16 17 24 36 8 31 10 25 14 18 26 27 5 15 12213 1 16 9 36 18 19 11 10 6 15 10880 27 17 53 8 6 29 14443 17 10 6 6 60 18 59 56 23 0 2 10110 17 59 14211 58 26 14240 17 49 
66 13 21 13960 14 17 11546 15887 5107 7 24 6 3 22 8216 3331 13 13960 13 23 5329 13 67 23 70 20 14443 22 8 17 20 13402 9388 11 18 7106 5 28 25 2 10471 9 22 79 37 12006 12 27 12657 23 16 16 16 15 4 28 19 19 9992 7222 3331 17 19 16194 15356 28 2 0 13 16 30 28 15 9027 31 15077 13721 
67 4 8376 6499 7 3 7 6 2 4 9027 11 11 9 3997 9 5 6701 5 14 3997 16 13 15 13 21 16 7 2665 9749 4 12 26 6980 8 1110 3 9 8 9 9 4747 23 46 21 6701 6 5 5995 5 37 11915 6 8 26 4885 16 47 6 6 12 9326 13360 12 8 16 10110 13 0 4 8438 8660 17 7 9027 10 5 
68 3 7 3 11 3 5 7 9 18 40 12 12999 7 5 15 6 6 4 17 8 8 29 9 7539 10 53 4694 4 6138 13 2889 15526 7 17 2887 5 6 6217 49 11 5026 17 16 7259 7 11 4 4663 7 9 11554 14 4 10 13 66 9 24 19 18 8438 12 22 5 40 17 16 4 0 7 9 9 9749 5055 4694 2 
69 10 10 6 14 7 4 8 10214 9 43 22387 13545 10880 7 48 6 12 12 23831 20 5 2 7 12564 20 98 9326 7 4 20 10 27 63 9 10 11 1554 3 14 85 56 11 10 10 16 7 9 2443 15 13960 90 8882 15 47 11 35 54 5995 81 14 4 12 6 10889 20 59 30 8438 7 0 14 1998 82 27 4 15 
70 9 14 30 65 7550 4 10 20 8438 23 22748 12879 15 5995 22 3553 30 12 27 10 1332 20 10 65 24 53 20 6 14 6 7 55 22 20 31 11 5 2 14 23 15356 30 14240 16 34 5995 8216 4 5 17032 28 12 7106 14 8 60 22 17 42 12435 888 6661 10 17 57 14211 28 8660 9 14 0 2 87 9 25 11 
71 8660 11 6883 19 8 4 8438 10 11 23 22748 53 11324 7 13 4 14 10214 32 38 2443 3775 29 14798 71 26 9770 8 6 20 5773 27 34 8882 7994 11 3 2220 13767 25 30 13 12285 25 64 7 9 2887 5 64 30 20 9 23 8 117 20 5 21 17 1110 6 14 16 12285 58 15 17 9 1998 2 0 22 8 7 10 
72 7222 58 49 9 9 16 10 6499 11 3250 10 9 3 52 10 20 9749 12 10 21 40 21 34 29 11554 26 7 12 32 55 12277 5777 10 23 36 16 38 37 4694 7 8 17 23 16248 7 24 8666 17 15 11193 9 8 10 7222 13 12 20 32 7 14 91 22 16 24 42 26 9027 7 9749 82 87 22 0 12999 14 33 
73 9 6 3 7 8 8 5 15 16 51 15526 13681 40 16 13 31 15 9 13 12 8882 6 3 5 9 15 9 8 12 11 9 38 10 1396 12 11 6661 7550 14 16 29 9 17 7 7 5 6661 6 5 11 49 7 13 13 11 18 23 9 13721 32 12 22 1 2513 8 14240 31 9027 5055 27 9 8 12999 0 15 6499 
74 8 5026 2 35 6 4 6 6883 7 59 33 16 22 6 24 5 13 10 16971 16 6 9 5 10 11 71 12 9 2 4 7 22 13 4 4885 7328 4 4441 13 59 17 16 7 7 18 6 6 2443 1776 9214 17 8 5 10889 8 42 12 6 16 14798 12 4 3 8 8097 17 15077 10 4694 4 25 7 14 15 0 6 
75 1 26 5 6 7 4885 5 4 8 9 42 22 20 5 10471 6 11 3 12999 5 8 35 9749 17 18 12638 3250 7 8 3553 3972 14443 13 7 9 4 27 7 13 18 9 9 37 8376 12 3 3 5329 8 10 22 5 3109 9027 7 15887 10 5773 17 29 10 11193 27 7 11168 49 13721 5 2 15 11 10 33 6499 6 0 

;param cto[*,*]
: 0 1 2 3 4 5 6 7 8 9 10 11 12 13 14 15 16 17 18 19 20 21 22 23 24 25 26 27 28 29 30 31 32 33 34 35 36 37 38 39 40 41 42 43 44 45 46 47 48 49 50 51 52 53 54 55 56 57 58 59 60 61 62 63 64 65 66 67 68 69 70 71 72 73 74 75:=
0 0 46 44 45 39 42 43 44 40 42 42 43 40 42 43 43 41 39 48 42 44 43 43 43 48 44 39 41 42 41 40 44 42 41 40 41 44 44 42 42 40 44 44 43 41 40 44 42 41 43 43 40 40 42 43 45 44 43 45 45 46 44 42 42 46 43 48 39 39 44 49 45 41 41 41 38 
1 46 0 40 42 42 44 41 49 45 44 46 51 43 49 51 45 44 46 44 46 46 46 43 40 42 45 43 44 40 47 42 47 43 39 44 46 44 45 47 45 43 40 40 39 42 43 44 43 42 41 44 41 44 46 46 50 41 46 45 49 46 42 39 43 45 51 49 43 41 44 46 49 45 39 41 42 
2 44 40 0 46 40 41 43 43 42 44 49 46 42 46 45 42 41 41 45 44 44 40 41 42 44 45 45 41 40 41 43 47 47 40 41 43 42 42 45 44 46 42 42 42 42 40 45 41 40 42 44 40 45 44 44 47 43 43 44 47 44 41 43 41 43 46 47 41 39 46 44 43 44 39 39 40 
3 45 42 46 0 42 49 41 47 44 40 43 45 40 45 49 46 39 40 41 45 47 49 47 41 40 45 41 44 44 44 47 44 39 41 43 44 46 47 44 41 40 43 43 42 38 47 43 45 44 44 40 40 44 44 46 43 42 46 42 47 48 45 42 40 45 45 46 46 41 51 48 48 41 42 43 45 
4 39 42 40 42 0 41 40 40 40 43 43 43 41 41 43 41 42 40 45 42 43 42 43 48 45 45 40 40 42 40 43 46 43 45 39 45 42 46 43 43 42 44 48 44 46 39 39 41 40 44 48 41 43 42 42 47 49 42 42 45 44 43 42 46 45 44 45 39 43 47 44 44 46 42 40 39 
5 42 44 41 49 41 0 42 43 42 46 46 46 44 41 44 39 44 47 48 43 40 40 43 46 47 48 43 40 41 39 40 49 46 43 41 43 40 43 50 46 45 46 45 45 46 44 42 39 39 46 51 44 41 44 42 50 47 40 45 50 41 46 42 48 49 51 47 42 45 44 41 40 49 43 40 42 
6 43 41 43 41 40 42 0 42 42 42 44 48 41 43 44 47 40 40 44 44 45 42 42 42 43 44 40 42 41 41 40 49 45 39 41 43 47 44 44 42 41 46 42 46 45 41 41 42 41 42 43 39 42 43 44 45 43 44 42 46 46 47 40 44 44 45 46 40 39 44 45 45 42 40 40 39 
7 44 49 43 47 40 43 42 0 39 42 41 40 40 41 40 43 47 41 49 44 45 44 46 46 46 44 43 41 44 42 42 47 43 43 40 39 45 44 41 46 41 47 47 46 43 41 39 44 43 45 44 42 40 39 41 46 51 43 40 46 46 46 48 44 48 41 42 39 41 46 46 50 41 44 43 44 
8 40 45 42 44 40 42 42 39 0 44 42 45 41 40 40 46 48 42 46 39 47 44 46 46 46 45 40 44 48 45 42 45 44 44 39 39 44 43 46 43 42 47 47 46 44 40 42 43 42 46 45 42 39 44 40 47 47 41 42 46 45 46 44 45 48 42 43 40 41 49 45 45 42 44 43 41 
9 42 44 44 40 43 46 42 42 44 0 40 43 40 49 44 47 42 41 41 44 49 47 46 44 46 40 41 48 46 45 44 41 39 43 43 43 48 48 42 38 39 46 46 45 40 44 47 47 46 42 40 41 44 43 46 41 45 47 40 46 50 51 45 43 48 42 44 42 43 49 53 53 39 44 45 46 
10 42 46 49 43 43 46 44 41 42 40 0 40 40 48 42 46 44 42 44 43 48 47 47 46 45 42 41 44 47 45 45 40 42 45 43 42 52 47 39 40 41 48 48 51 42 48 42 47 46 45 42 43 43 41 44 43 47 46 43 43 50 49 50 45 49 40 45 42 48 49 49 49 39 46 46 43 
11 43 51 46 45 43 46 48 40 45 43 40 0 42 43 40 49 46 43 46 41 47 47 48 48 51 45 46 43 47 45 45 42 44 46 42 40 48 47 39 42 43 49 49 49 45 44 42 51 46 47 49 44 43 39 46 46 49 45 40 44 49 53 47 47 55 39 39 42 44 49 48 49 41 47 46 43 
12 40 43 42 40 41 44 41 40 41 40 40 42 0 47 43 45 41 39 42 43 46 45 45 44 43 42 39 42 48 43 46 42 40 42 41 41 50 49 41 43 39 45 45 44 40 42 45 45 44 42 45 40 42 41 44 43 45 45 43 44 48 46 43 42 51 42 43 40 41 47 47 47 43 43 43 40 
13 42 49 46 45 41 41 43 41 40 49 48 43 47 0 42 40 45 43 48 40 42 43 45 51 51 47 42 39 44 44 45 47 46 44 40 41 42 41 44 45 44 47 47 46 46 40 40 46 41 51 47 44 39 42 39 49 48 39 44 43 43 45 44 45 48 48 44 41 46 48 43 43 44 44 46 46 
14 43 51 45 49 43 44 44 40 40 44 42 40 43 42 0 44 46 43 47 43 46 46 48 48 48 50 46 46 47 47 44 44 45 46 41 39 46 49 41 44 47 49 49 48 45 43 41 49 45 47 46 44 41 39 41 47 49 43 42 40 47 48 46 47 50 41 40 42 44 47 47 47 46 50 46 43 
15 43 45 42 46 41 39 47 43 46 47 46 49 45 40 44 0 45 44 49 46 40 42 44 47 48 52 43 44 43 40 41 49 47 44 41 42 44 39 49 46 45 47 46 46 46 40 42 40 44 47 48 44 41 44 41 54 48 38 49 49 41 43 44 45 47 46 46 46 42 42 41 45 46 44 42 46 
16 41 44 41 39 42 44 40 47 48 42 44 46 41 45 46 45 0 40 42 45 51 44 42 40 44 43 46 44 46 47 42 45 41 39 43 44 45 46 45 42 41 42 42 41 40 43 43 44 43 39 41 39 44 45 50 44 45 46 43 48 47 44 41 39 43 46 47 42 41 49 47 50 43 40 42 41 
17 39 46 41 40 40 47 40 41 42 41 42 43 39 43 43 44 40 0 42 43 46 44 43 43 42 42 43 42 43 42 45 44 44 41 41 42 45 49 42 44 43 44 44 47 40 42 41 44 43 42 42 39 42 42 44 44 44 44 41 45 47 45 42 41 45 43 48 40 44 46 46 46 41 41 42 43 
18 48 44 45 41 45 48 44 49 46 41 44 46 42 48 47 49 42 42 0 47 50 51 50 43 40 44 48 51 46 47 46 43 44 43 46 46 49 49 45 42 42 45 49 44 40 46 46 48 47 45 39 42 46 46 48 40 47 49 43 53 51 48 45 43 51 46 47 48 44 50 55 51 42 48 46 44 
19 42 46 44 45 42 43 44 44 39 44 43 41 43 40 43 46 45 43 47 0 44 45 47 51 48 46 42 40 45 42 43 49 45 45 40 43 48 44 42 44 44 48 52 51 45 42 40 44 43 47 46 44 40 40 39 48 49 45 42 41 46 47 45 46 49 46 42 41 43 46 45 46 43 45 44 46 
20 44 46 44 47 43 40 45 45 47 49 48 47 46 42 46 40 51 46 50 44 0 42 45 48 49 50 45 42 43 41 42 51 48 45 43 48 40 39 48 52 47 47 51 47 48 42 43 44 41 52 50 46 46 46 43 52 49 40 47 51 40 43 44 50 47 48 52 44 44 41 39 40 48 45 46 48 
21 43 46 40 49 42 40 42 44 44 47 47 47 45 43 46 42 44 44 51 45 42 0 41 44 46 48 44 42 43 44 40 49 50 42 43 45 40 41 47 47 45 47 43 47 45 41 43 39 39 45 47 43 46 46 44 53 45 46 46 52 42 40 44 43 43 48 49 43 41 40 42 41 46 41 39 42 
22 43 43 41 47 43 43 42 46 46 46 47 48 45 45 48 44 42 43 50 47 45 41 0 42 44 51 48 44 39 43 42 49 45 41 44 46 43 44 48 46 44 44 40 40 44 43 45 42 42 43 49 42 48 47 50 48 42 49 47 50 45 40 39 41 40 49 50 44 42 42 45 44 46 40 40 43 
23 43 40 42 41 48 46 42 46 46 44 46 48 44 51 48 47 40 43 43 51 48 44 42 0 44 44 44 46 42 45 44 47 43 40 45 47 46 47 47 48 43 40 40 40 42 45 45 45 44 40 43 42 46 47 48 49 42 47 46 50 48 44 45 39 42 52 49 44 43 46 48 47 45 41 43 43 
24 48 42 44 40 45 47 43 46 46 46 45 51 43 51 48 48 44 42 40 48 49 46 44 44 0 42 44 46 45 46 49 45 41 42 49 46 48 48 46 43 42 42 43 42 40 46 46 47 46 39 40 42 46 47 49 43 45 49 44 53 50 46 44 41 45 47 48 45 44 48 50 49 44 43 49 44 
25 44 45 45 45 45 48 44 44 45 40 42 45 42 47 50 52 43 42 44 46 50 48 51 44 42 0 47 46 47 47 50 41 40 44 45 45 49 49 43 44 41 46 47 46 41 46 49 48 47 42 39 43 46 45 48 39 45 52 42 47 55 49 46 44 48 44 45 44 44 50 51 55 41 49 47 44 
26 39 43 45 41 40 43 40 43 40 41 41 46 39 42 46 43 46 43 48 42 45 44 48 44 44 47 0 41 43 42 41 43 41 42 43 40 45 44 41 41 40 45 45 44 41 41 40 44 42 47 43 40 40 41 42 45 45 43 40 44 46 45 43 46 46 42 43 39 40 45 46 46 40 46 42 39 
27 41 44 41 44 40 40 42 41 44 48 44 43 42 39 46 44 44 42 51 40 42 42 44 46 46 46 41 0 42 39 40 46 45 43 39 41 42 41 47 44 47 46 46 45 44 39 39 41 40 46 46 42 42 42 40 48 50 40 43 44 47 44 43 44 50 48 48 40 45 47 47 43 47 43 41 40 
28 42 40 40 44 42 41 41 44 48 46 47 47 48 44 47 43 46 43 46 45 43 43 39 42 45 47 43 42 0 41 40 49 45 40 43 45 45 42 47 46 44 42 41 41 44 41 43 40 40 47 46 42 43 46 49 48 43 43 46 48 47 40 39 41 42 48 52 43 41 45 44 42 46 40 43 45 
29 41 47 41 44 40 39 41 42 45 45 45 45 43 44 47 40 47 42 47 42 41 44 43 45 46 47 42 39 41 0 39 51 45 42 40 42 41 40 49 45 44 45 45 44 45 38 44 40 43 45 46 42 40 43 42 49 50 44 44 49 42 42 42 44 45 49 46 41 40 42 42 42 45 42 40 41 
30 40 42 43 47 43 40 40 42 42 44 45 45 46 45 44 41 42 45 46 43 42 40 42 44 49 50 41 40 40 39 0 51 44 45 40 42 41 41 45 44 43 44 43 43 43 39 41 40 39 44 45 41 41 44 43 48 44 42 44 46 43 42 40 42 44 46 46 41 39 42 43 42 44 41 39 40 
31 44 47 47 44 46 49 49 47 45 41 40 42 42 47 44 49 45 44 43 49 51 49 49 47 45 41 43 46 49 51 51 0 42 46 45 44 50 50 41 41 42 49 49 48 43 47 45 49 52 45 42 48 46 43 51 42 48 48 41 45 52 50 48 46 51 41 42 44 46 55 51 55 41 47 48 45 
32 42 43 47 39 43 46 45 43 44 39 42 44 40 46 45 47 41 44 44 45 48 50 45 43 41 40 41 45 45 45 44 42 0 46 43 48 47 47 47 40 39 48 45 44 39 44 43 46 45 41 39 40 44 44 46 41 47 51 41 47 49 47 44 42 46 44 49 42 46 48 49 49 40 43 44 42 
33 41 39 40 41 45 43 39 43 44 43 45 46 42 44 46 44 39 41 43 45 45 42 41 40 42 44 42 43 40 42 45 46 46 0 42 48 44 44 45 43 42 41 41 44 41 42 43 46 46 41 43 40 47 45 49 46 41 45 44 48 50 42 39 39 42 46 47 46 40 44 46 45 44 39 44 41 
34 40 44 41 43 39 41 41 40 39 43 43 42 41 40 41 41 43 41 46 40 43 43 44 45 49 45 43 39 43 40 40 45 43 42 0 40 43 42 42 43 46 46 46 45 43 40 38 42 41 45 45 42 38 41 41 47 46 41 42 43 45 48 43 43 47 43 44 39 40 44 44 44 42 43 42 40 
35 41 46 43 44 45 43 43 39 39 43 42 40 41 41 39 42 44 42 46 43 48 45 46 47 46 45 40 41 45 42 42 44 48 48 40 0 45 44 45 42 42 47 47 47 48 45 43 44 43 49 45 47 40 39 40 47 48 42 41 41 50 46 49 45 49 41 46 40 46 46 46 46 42 45 44 45 
36 44 44 42 46 42 40 47 45 44 48 52 48 50 42 46 44 45 45 49 48 40 40 43 46 48 49 45 42 45 41 41 50 47 44 43 45 0 39 48 48 50 45 49 45 51 41 44 39 40 47 49 45 43 46 44 55 51 41 47 52 40 45 42 45 45 49 49 44 47 39 40 39 47 43 45 43 
37 44 45 42 47 46 43 44 44 43 48 47 47 49 41 49 39 46 49 49 44 39 41 44 47 48 49 44 41 42 40 41 50 47 44 42 44 39 0 47 47 46 46 46 46 47 41 43 40 40 47 52 45 42 45 42 51 47 40 47 47 40 42 43 45 46 48 48 43 43 44 39 40 47 44 41 43 
38 42 47 45 44 43 50 44 41 46 42 39 39 41 44 41 49 45 42 45 42 48 47 48 47 46 43 41 47 47 49 45 41 47 45 42 45 48 47 0 41 42 49 49 48 43 44 42 47 46 46 44 44 43 40 44 44 48 45 39 42 49 49 47 50 50 39 44 46 44 53 53 49 40 46 50 43 
39 42 45 44 41 43 46 42 46 43 38 40 42 43 45 44 46 42 44 42 44 52 47 46 48 43 44 41 44 46 45 44 41 40 43 43 42 48 47 41 0 43 46 46 46 40 44 43 47 45 43 40 42 44 42 49 46 45 46 40 45 49 47 45 43 48 42 43 42 43 48 53 49 39 44 45 42 
40 40 43 46 40 42 45 41 41 42 39 41 43 39 44 47 45 41 43 42 44 47 45 44 43 42 41 40 47 44 44 43 42 39 42 46 42 50 46 42 43 0 44 45 44 39 43 42 45 48 42 41 40 42 42 45 43 44 45 40 45 48 46 43 42 46 43 48 41 41 47 48 47 40 42 43 41 
41 44 40 42 43 44 46 46 47 47 46 48 49 45 47 49 47 42 44 45 48 47 47 44 40 42 46 45 46 42 45 44 49 48 41 46 47 45 46 49 46 44 0 42 38 44 49 46 45 44 42 45 43 46 52 49 47 40 47 51 51 47 42 41 40 44 49 51 45 43 49 47 50 50 41 43 48 
42 44 40 42 43 48 45 42 47 47 46 48 49 45 47 49 46 42 44 49 52 51 43 40 40 43 47 45 46 41 45 43 49 45 41 46 47 49 46 49 46 45 42 0 42 44 48 46 44 44 42 45 43 46 48 52 48 40 47 47 51 47 42 41 41 39 53 51 45 43 48 47 46 47 40 46 44 
43 43 39 42 42 44 45 46 46 46 45 51 49 44 46 48 46 41 47 44 51 47 47 40 40 42 46 44 45 41 44 43 48 44 44 45 47 45 46 48 46 44 38 42 0 43 44 49 48 44 45 48 42 45 47 48 47 40 47 46 54 47 42 44 40 40 49 50 44 42 48 47 46 46 40 42 43 
44 41 42 42 38 46 46 45 43 44 40 42 45 40 46 45 46 40 40 40 45 48 45 44 42 40 41 41 44 44 45 43 43 39 41 43 48 51 47 43 40 39 44 44 43 0 48 47 46 45 40 43 40 44 48 46 42 43 46 42 47 49 46 43 41 46 44 46 42 42 47 49 48 41 46 44 42 
45 40 43 40 47 39 44 41 41 40 44 48 44 42 40 43 40 43 42 46 42 42 41 43 45 46 46 41 39 41 38 39 47 44 42 40 45 41 41 44 44 43 49 48 44 48 0 40 44 39 45 46 42 39 43 41 48 46 40 43 45 43 43 42 43 49 45 45 40 40 42 43 42 44 46 40 40 
46 44 44 45 43 39 42 41 39 42 47 42 42 45 40 41 42 43 41 46 40 43 43 45 45 46 49 40 39 43 44 41 45 43 43 38 43 44 43 42 43 42 46 46 49 47 40 0 43 42 45 45 42 39 40 41 47 46 41 42 47 49 45 47 48 47 47 43 39 40 45 44 44 42 43 42 40 
47 42 43 41 45 41 39 42 44 43 47 47 51 45 46 49 40 44 44 48 44 44 39 42 45 47 48 44 41 40 40 40 49 46 46 42 44 39 40 47 47 45 45 44 48 46 44 43 0 39 46 47 43 46 49 43 50 50 41 46 51 41 41 41 44 44 48 48 43 42 40 41 40 50 42 40 42 
48 41 42 40 44 40 39 41 43 42 46 46 46 44 41 45 44 43 43 47 43 41 39 42 44 46 47 42 40 40 43 39 52 45 46 41 43 40 40 46 45 48 44 44 44 45 39 42 39 0 45 46 42 41 44 46 49 45 41 45 46 46 41 41 43 44 47 47 42 40 41 46 41 49 42 39 41 
49 43 41 42 44 44 46 42 45 46 42 45 47 42 51 47 47 39 42 45 47 52 45 43 40 39 42 47 46 47 45 44 45 41 41 45 49 47 47 46 43 42 42 42 45 40 45 45 46 45 0 41 41 45 46 48 44 44 47 44 49 49 45 42 40 44 47 52 44 42 47 49 48 43 41 44 43 
50 43 44 44 40 48 51 43 44 45 40 42 49 45 47 46 48 41 42 39 46 50 47 49 43 40 39 43 46 46 46 45 42 39 43 45 45 49 52 44 40 41 45 45 48 43 46 45 47 46 41 0 42 49 45 51 44 44 52 42 48 51 47 45 42 47 44 49 44 44 49 50 50 41 44 46 43 
51 40 41 40 40 41 44 39 42 42 41 43 44 40 44 44 44 39 39 42 44 46 43 42 42 42 43 40 42 42 42 41 48 40 40 42 47 45 45 44 42 40 43 43 42 40 42 42 43 42 41 42 0 42 43 45 44 42 48 42 46 50 44 41 40 44 44 49 44 40 45 46 46 42 40 45 40 
52 40 44 45 44 43 41 42 40 39 44 43 43 42 39 41 41 44 42 46 40 46 46 48 46 46 46 40 42 43 40 41 46 44 47 38 40 43 42 43 44 42 46 46 45 44 39 39 46 41 45 49 42 0 41 40 47 47 40 42 43 44 48 43 44 51 44 44 39 41 44 44 44 47 43 42 40 
53 42 46 44 44 42 44 43 39 44 43 41 39 41 42 39 44 45 42 46 40 46 46 47 47 47 45 41 42 46 43 44 43 44 45 41 39 46 45 40 42 42 52 48 47 48 43 40 49 44 46 45 43 41 0 41 46 48 43 44 41 51 47 46 46 49 40 40 41 47 47 47 47 41 46 45 42 
54 43 46 44 46 42 42 44 41 40 46 44 46 44 39 41 41 50 44 48 39 43 44 50 48 49 48 42 40 49 42 43 51 46 49 41 40 44 42 44 49 45 49 52 48 46 41 41 43 46 48 51 45 40 41 0 53 53 40 44 46 44 46 45 46 49 44 44 42 43 45 44 48 48 46 44 43 
55 45 50 47 43 47 50 45 46 47 41 43 46 43 49 47 54 44 44 40 48 52 53 48 49 43 39 45 48 48 49 48 42 41 46 47 47 55 51 44 46 43 47 48 47 42 48 47 50 49 44 44 44 47 46 53 0 50 50 43 49 53 50 51 45 49 45 46 49 46 52 53 52 42 50 48 46 
56 44 41 43 42 49 47 43 51 47 45 47 49 45 48 49 48 45 44 47 49 49 45 42 42 45 45 45 50 43 50 44 48 47 41 46 48 51 47 48 45 44 40 40 40 43 46 46 50 45 44 44 42 47 48 53 50 0 48 46 51 49 48 42 40 42 53 54 45 47 46 49 48 46 42 44 48 
57 43 46 43 46 42 40 44 43 41 47 46 45 45 39 43 38 46 44 49 45 40 46 49 47 49 52 43 40 43 44 42 48 51 45 41 42 41 40 45 46 45 47 47 47 46 40 41 41 41 47 52 48 40 43 40 50 48 0 45 44 46 44 44 46 47 50 46 46 43 43 41 42 46 45 46 42 
58 45 45 44 42 42 45 42 40 42 40 43 40 43 44 42 49 43 41 43 42 47 46 47 46 44 42 40 43 46 44 44 41 41 44 42 41 47 47 39 40 40 51 47 46 42 43 42 46 45 44 42 42 42 44 44 43 46 45 0 47 49 47 45 44 49 40 41 45 43 48 48 52 39 45 45 42 
59 45 49 47 47 45 50 46 46 46 46 43 44 44 43 40 49 48 45 53 41 51 52 50 50 53 47 44 44 48 49 46 45 47 48 43 41 52 47 42 45 45 51 51 54 47 45 47 51 46 49 48 46 43 41 46 49 51 44 47 0 49 50 48 49 52 41 40 48 46 53 48 49 44 48 47 45 
60 46 46 44 48 44 41 46 46 45 50 50 49 48 43 47 41 47 47 51 46 40 42 45 48 50 55 46 47 47 42 43 52 49 50 45 50 40 40 49 49 48 47 47 47 49 43 49 41 46 49 51 50 44 51 44 53 49 46 49 49 0 43 44 47 47 50 50 45 45 40 38 39 49 45 43 45 
61 44 42 41 45 43 46 47 46 46 51 49 53 46 45 48 43 44 45 48 47 43 40 40 44 46 49 45 44 40 42 42 50 47 42 48 46 45 42 49 47 46 42 42 42 46 43 45 41 41 45 47 44 48 47 46 50 48 44 47 50 43 0 40 43 42 53 54 44 43 40 43 42 47 41 40 43 
62 42 39 43 42 42 42 40 48 44 45 50 47 43 44 46 44 41 42 45 45 44 44 39 45 44 46 43 43 39 42 40 48 44 39 43 49 42 43 47 45 43 41 41 44 43 42 47 41 41 42 45 41 43 46 45 51 42 44 45 48 44 40 0 44 42 47 48 42 40 42 44 44 45 42 43 41 
63 42 43 41 40 46 48 44 44 45 43 45 47 42 45 47 45 39 41 43 46 50 43 41 39 41 44 46 44 41 44 42 46 42 39 43 45 45 45 50 43 42 40 41 40 41 43 48 44 43 40 42 40 44 46 46 45 40 46 44 49 47 43 44 0 46 47 48 46 45 45 47 46 44 39 42 42 
64 46 45 43 45 45 49 44 48 48 48 49 55 51 48 50 47 43 45 51 49 47 43 40 42 45 48 46 50 42 45 44 51 46 42 47 49 45 46 50 48 46 44 39 40 46 49 47 44 44 44 47 44 51 49 49 49 42 47 49 52 47 42 42 46 0 51 52 46 44 44 47 46 48 42 43 45 
65 43 51 46 45 44 51 45 41 42 42 40 39 42 48 41 46 46 43 46 46 48 48 49 52 47 44 42 48 48 49 46 41 44 46 43 41 49 48 39 42 43 49 53 49 44 45 47 48 47 47 44 44 44 40 44 45 53 50 40 41 50 53 47 47 51 0 39 43 45 50 49 49 41 47 47 44 
66 48 49 47 46 45 47 46 42 43 44 45 39 43 44 40 46 47 48 47 42 52 49 50 49 48 45 43 48 52 46 46 42 49 47 44 46 49 48 44 43 48 51 51 50 46 45 43 48 47 52 49 49 44 40 44 46 54 46 41 40 50 54 48 48 52 39 0 44 49 50 49 54 42 48 47 45 
67 39 43 41 46 39 42 40 39 40 42 42 42 40 41 42 46 42 40 48 41 44 43 44 44 45 44 39 40 43 41 41 44 42 46 39 40 44 43 46 42 41 45 45 44 42 40 39 43 42 44 44 44 39 41 42 49 45 46 45 48 45 44 42 46 46 43 44 0 40 45 45 45 45 42 42 39 
68 39 41 39 41 43 45 39 41 41 43 48 44 41 46 44 42 41 44 44 43 44 41 42 43 44 44 40 45 41 40 39 46 46 40 40 46 47 43 44 43 41 43 43 42 42 40 40 42 40 42 44 40 41 47 43 46 47 43 43 46 45 43 40 45 44 45 49 40 0 47 44 44 43 40 40 38 
69 44 44 46 51 47 44 44 46 49 49 49 49 47 48 47 42 49 46 50 46 41 40 42 46 48 50 45 47 45 42 42 55 48 44 44 46 39 44 53 48 47 49 48 48 47 42 45 40 41 47 49 45 44 47 45 52 46 43 48 53 40 40 42 45 44 50 50 45 47 0 41 39 48 43 41 44 
70 49 46 44 48 44 41 45 46 45 53 49 48 47 43 47 41 47 46 55 45 39 42 45 48 50 51 46 47 44 42 43 51 49 46 44 46 40 39 53 53 48 47 47 47 49 43 44 41 46 49 50 46 44 47 44 53 49 41 48 48 38 43 44 47 47 49 49 45 44 41 0 43 49 49 43 45 
71 45 49 43 48 44 40 45 50 45 53 49 49 47 43 47 45 50 46 51 46 40 41 44 47 49 55 46 43 42 42 42 55 49 45 44 46 39 40 49 49 47 50 46 46 48 42 44 40 41 48 50 46 44 47 48 52 48 42 52 49 39 42 44 46 46 49 54 45 44 39 43 0 52 48 42 44 
72 41 45 44 41 46 49 42 41 42 39 39 41 43 44 46 46 43 41 42 43 48 46 46 45 44 41 40 47 46 45 44 41 40 44 42 42 47 47 40 39 40 50 47 46 41 44 42 50 49 43 41 42 47 41 48 42 46 46 39 44 49 47 45 44 48 41 42 45 43 48 49 52 0 44 49 42 
73 41 39 39 42 42 43 40 44 44 44 46 47 43 44 50 44 40 41 48 45 45 41 40 41 43 49 46 43 40 42 41 47 43 39 43 45 43 44 46 44 42 41 40 40 46 46 43 42 42 41 44 40 43 46 46 50 42 45 45 48 45 41 42 39 42 47 48 42 40 43 49 48 44 0 40 41 
74 41 41 39 43 40 40 40 43 43 45 46 46 43 46 46 42 42 42 46 44 46 39 40 43 49 47 42 41 43 40 39 48 44 44 42 44 45 41 50 45 43 43 46 42 44 40 42 40 39 44 46 45 42 45 44 48 44 46 45 47 43 40 43 42 43 47 47 42 40 41 43 42 49 40 0 45 
75 38 42 40 45 39 42 39 44 41 46 43 43 40 46 43 46 41 43 44 46 48 42 43 43 44 44 39 40 45 41 40 45 42 41 40 45 43 43 43 42 41 48 44 43 42 40 40 42 41 43 43 40 40 42 43 46 48 42 42 45 45 43 41 42 45 44 45 39 38 44 45 44 42 41 45 0 

;param d[*,*]
: 0 1 2 3 4 5 6 7 8 9 10 11 12 13 14 15 16 17 18 19 20 21 22 23 24 25 26 27 28 29 30 31 32 33 34 35 36 37 38 39 40 41 42 43 44 45 46 47 48 49 50 51 52 53 54 55 56 57 58 59 60 61 62 63 64 65 66 67 68 69 70 71 72 73 74 75:=
0 0.0 0 0 0 0.43 0 0 0 0.92 0.9 2.45 1.13 0.74 1.36 1.06 1.66 0.32 1.01 0 0 0 3.42 1.85 0.52 0 3.11 0.1 0.63 3.04 0 0.55 2.28 0.86 2.15 0.17 1.11 2.03 1.97 2.45 0.86 0.86 1.41 3.39 0.52 0 0 0 0 0.78 0 0.48 0.43 0 2.79 1.06 1.64 0 1.09 0 1.49 0 4.31 2.07 2.07 2.65 1.21 0 0.31 0.27 0 0 2.4 2.53 0.78 0.33 0.05 
1 0 0.0 0.23 2.16 0.43 0.55 0.63 0 2.46 1.45 1.84 0 1.91 0 0 0.67 0 0 0.6 2.9 0.73 0 0 0.74 0.98 5.32 2.82 0 0.23 0 0 0.9 0.52 0.75 2.03 0 3.2 3.58 1.96 0.63 2.73 0.43 0.17 0.56 2.45 0 1.37 2.63 1.02 1.69 2.09 1.11 2.16 0.8 0 0 0 0.72 2.59 2.46 4.23 0.35 0.49 0 0 0 1.02 2.82 0.32 0 0 0 3.76 0.31 1.69 1.42 
2 0 0.23 0.0 0 1.52 0 0 1.66 0 4.31 0 1.68 3.17 0 1.56 1.02 1.69 1.11 0.67 0.57 1.97 0.25 1.51 0.98 3.11 0.7 0 1.23 0.62 0.63 0 1.96 0 0.94 0.32 1.85 0 0 3.86 0.57 0 0.42 1.48 0 1.6 0.86 0 0.66 0.22 1.02 0.6 0.23 0 0.6 1.33 1.99 2.82 1.79 2.09 4.71 0.58 1.23 0 0.63 1.79 4.33 4.71 2.28 0.27 0 1.33 1.91 3.2 0.15 0 0.43 
3 0 2.16 0 0.0 0 0 0.27 0 3.2 0.86 3.55 1.52 0.92 0 0 2.83 0.35 1.13 1.51 1.6 0.9 0 0 0 0.23 0 1.88 3.29 3.01 3.39 0 1.97 0.49 0.99 1.79 1.33 4.52 0.82 0.55 0.28 0 0.48 1.91 2.45 0.28 0 0.5 2.53 0.6 0 1.13 0.39 3.11 0.6 4.33 1.66 1.54 0.78 1.48 2.03 2.31 3.86 2.45 0 0 0.63 0 0 0.78 0 3.57 0.92 0.78 0 1.91 0 
4 0.43 0.43 1.52 0 0.0 0 0.47 0.92 0 2.82 0.52 1.21 2.28 0 2.54 0 1.48 0.92 5.19 0 1.79 1.36 3.67 0 0.63 1.56 1.39 0.62 2.66 0.68 0 5.45 0 0 0.43 0 0 0 3.93 3.67 1.29 3.48 0 1.29 0 0 0 0.33 0.55 1.29 0 2.03 0 1.48 0 0.82 0 0.35 2.35 4.81 2.22 0.5 1.29 0 3.95 4.43 1.49 0.27 0 0 2.09 0 0 0.35 0.25 0.47 
5 0 0.55 0 0 0 0.0 1.6 0.5 0.98 4.52 6.08 0 2.22 0 0 0 3.48 0 0.97 0 0.74 0.8 1.79 1.72 2.07 0.97 0.48 0 0.78 0.23 0.8 2.35 2.83 1.85 0.33 0 0.39 0 0 0.78 3.67 2.65 3.76 1.52 0.73 0 0 0 0.43 0.77 0 0 0 0 1.48 4.13 4.61 0.74 3.95 0 0.3 0 0.98 0 0 0 3.2 0 0 0 0 0 0 0 0 1.36 
6 0 0.63 0 0.27 0.47 1.6 0.0 0 0.4 2.35 4.05 0 1.6 0 4.69 0 0.2 0.62 1.97 0.53 0 0.9 0.37 2.07 0 0.57 0.55 0 0.7 1.23 1.52 0 0 1.01 0.3 0 0 2.03 1.33 1.6 0.63 0 2.45 0 0 0.28 0 1.54 1.17 1.98 3.55 0.76 0 1.91 0 1.64 2.63 0.53 1.02 1.84 0 0 0.55 0 2.09 4.94 5.57 0.55 0.47 0 0 2.34 0.43 0.43 0.25 0.43 
7 0 0 1.66 0 0.92 0.5 0 0.0 0.43 3.17 1.69 0.59 0 0 0 1.72 0 0.3 0 0 2.4 1.45 2.71 2.71 0 0 0 0.63 1.45 0 1.54 0 1.72 1.21 0 0.2 2.46 2.22 0.27 0 1.88 0 0 0 2.73 0 0 2.16 1.13 2.4 0.58 1.42 0.47 0.31 1.17 0.73 0 1.66 0.23 0 2.96 0 0 0 3.51 1.23 1.42 0 0.33 2.83 0.73 0 2.28 0.57 1.91 0 
8 0.92 2.46 0 3.2 0 0.98 0.4 0.43 0.0 1.97 0.42 0 0.33 0 0.22 0 0 0 0 0.27 0 0 0.72 2.9 0 1.64 0.55 0 0 0 1.36 0.65 3.11 0.55 0.27 0.2 0 0 0 3.67 0.98 0 0.83 0.77 0.57 0.59 0 1.85 1.54 0 0.68 1.6 0.43 0 0.2 0 3.2 0.33 0.35 0 2.53 0 1.37 1.49 0.94 0.98 0 0.17 0.78 0 2.34 0 0.98 0.58 0 0.28 
9 0.9 1.45 4.31 0.86 2.82 4.52 2.35 3.17 1.97 0.0 0.59 1.13 0.2 0 4.56 3.08 2.16 2.03 0.66 4.69 2.35 1.92 5.83 1.33 0 0.39 2.41 0 1.68 5.32 1.45 2.15 0.89 2.82 1.85 0.5 2.19 6.97 2.79 0.51 1.14 4.14 0.77 1.6 1.52 4.69 0 0.83 2.65 3.17 0.68 1.23 0.58 2.73 0.73 0.74 1.52 1.96 0.55 5.57 2.58 0 2.4 2.73 2.15 3.29 2.03 3.17 2.63 3.7 0 0 1.14 3.29 3.86 0 
10 2.45 1.84 0 3.55 0.52 6.08 4.05 1.69 0.42 0.59 0.0 0.25 1.9 0 0.9 2.9 1.37 0.9 1.97 3.55 3.57 3.26 6.84 5.95 5.07 1.42 0.33 1.37 6.33 3.86 3.76 0.51 2.79 3.67 1.06 0.82 0 5.08 0.89 1.39 0.3 3.45 3.51 0 1.6 0 0.43 1.99 0.75 0.65 1.6 3.67 2.92 2.15 3.39 1.17 6.72 5.83 0 1.17 4.07 5.65 0 5.19 1.09 1.27 0 0.94 0 7.86 7.98 7.98 0.66 5.45 2.83 2.73 
11 1.13 0 1.68 1.52 1.21 0 0 0.59 0 1.13 0.25 0.0 0.94 0 0 0 4.14 0.5 5.83 0.7 3.2 0 5.55 2.23 0 1.49 0 0 3.2 0 3.76 1.6 2.16 4.33 1.54 0.92 0 0 0 2.35 1.13 1.07 1.07 2.35 2.34 2.16 0 0 0 3.08 0 4.56 0.45 0 0 4.23 3.88 2.4 0.59 0 2.39 0 0.85 0.82 0 0.27 0.12 0.98 4.56 3.76 3.57 2.35 0.78 4.61 0.78 1.91 
12 0.74 1.91 3.17 0.92 2.28 2.22 1.6 0 0.33 0.2 1.9 0.94 0.0 0 2.54 1.49 1.23 0.43 3.29 0.45 0 3.67 0.65 0 2.73 2.79 0.43 1.6 0 1.85 0 0.98 0.22 1.42 0.7 0.33 0 0 1.17 0 0 2.53 2.59 3.48 0.23 0.42 0 2.4 0 0 0 0.8 0 2.53 2.03 3.93 0.63 1.49 0 3.48 0.92 1.76 0.52 1.54 0 0.94 1.85 0.8 0.3 3.02 0 3.14 0 2.63 1.91 1.32 
13 1.36 0 0 0 0 0 0 0 0 0 0 0 0 0.0 1.36 0.68 3.86 0 0.95 0.51 0.35 0.47 0.7 0 0 0.89 1.42 0.43 1.29 0 0 6.46 0 0 0 0 0.43 0.78 0.57 0.67 3.29 0.89 0 1.88 2.65 0.51 0 0 0.74 0 0.85 0 0 0 0.43 3.82 3.45 0 0.55 1.85 0 2.34 1.37 2.59 0 0 2.28 1.11 0 0 1.66 0 3.39 0.6 0 0 
14 1.06 0 1.56 0 2.54 0 4.69 0 0.22 4.56 0.9 0 2.54 1.36 0.0 2.03 2.83 1.21 6.72 0 0 4.42 5.27 0.97 3.45 0 0 0 3.02 0 0 4.56 2.46 4.23 1.23 0.35 2.9 0 0 1.25 0 1.07 3.88 3.63 2.53 1.79 1.11 0 0 0 2.9 1.45 0.33 0.12 0.99 2.07 1.07 1.17 2.79 0 2.07 5.36 0.8 0.82 4.31 0 0.92 0.37 1.29 2.11 0.82 0 0 0 1.68 3.67 
15 1.66 0.67 1.02 2.83 0 0 0 1.72 0 3.08 2.9 0 1.49 0.68 2.03 0.0 0.7 0 3.76 0 0.62 0 0 1.99 2.27 0 1.85 0 0 0 1.17 1.0 4.61 0.6 1.23 1.6 0 0 0 4.52 0.68 4.71 2.96 4.33 2.9 0.8 0.82 0.92 0 3.14 7.1 0.6 0.27 0 0 0 0 0.25 0 0 0.78 1.91 1.25 0.7 0 1.84 0 0 0 0 0.99 0 1.76 1.37 0 0 
16 0.32 0 1.69 0.35 1.48 3.48 0.2 0 0 2.16 1.37 4.14 1.23 3.86 2.83 0.7 0.0 1.32 1.42 3.95 0 3.01 0.38 0 0 1.72 0 3.2 0 0 2.26 3.86 1.05 0.49 2.73 2.22 1.64 1.72 2.4 0.42 0 0 0.37 1.6 0 1.79 1.17 0.58 2.82 0.35 1.88 0.49 3.11 2.4 0 1.37 0 2.71 2.82 0 2.07 0.55 0.3 0.23 1.21 1.72 4.71 2.26 0.28 0 2.07 0 3.42 0.8 0.94 0.74 
17 1.01 0 1.11 1.13 0.92 0 0.62 0.3 0 2.03 0.9 0.5 0.43 0 1.21 0 1.32 0.0 3.29 0 0 0.53 2.92 0 2.45 3.17 0 0 1.72 0 0 1.97 0 0.27 0 1.36 0 0 3.29 0 0 0.57 3.2 0 0 0 0.7 0.55 0 1.29 2.66 0.23 0.35 2.35 1.33 2.09 3.11 0 1.05 0.7 0.83 1.49 1.48 1.79 2.59 1.91 0 0.47 0 0 0 2.83 0.99 0.78 0.42 0 
18 0 0.6 0.67 1.51 5.19 0.97 1.97 0 0 0.66 1.97 5.83 3.29 0.95 6.72 3.76 1.42 3.29 0.0 2.07 8.87 0 0 3.55 0.8 0 0 0 4.42 4.89 5.7 3.67 0 1.91 0.73 0 6.02 1.09 1.52 0.35 1.29 4.94 0 0.62 1.32 2.96 0 5.36 2.03 0 0.37 2.45 0 2.83 3.63 0.55 0 7.98 1.91 0 9.5 3.45 2.53 3.55 0 5.45 1.96 0 1.45 8.36 0 2.78 0.43 0 5.95 4.56 
19 0 2.9 0.57 1.6 0 0 0.53 0 0.27 4.69 3.55 0.7 0.45 0.51 0 0 3.95 0 2.07 0.0 0 1.52 0 0 5.18 0.78 0.35 0.92 0 0.4 0 0 0 0.67 0 0 0 0 0.9 1.33 1.97 0 0 0 3.86 0 0 1.37 1.17 0 0 0 0 0.43 0.13 0.94 3.7 0 3.17 0 0.73 0.82 0 1.76 0 0 1.48 1.11 0 0.75 0 1.68 1.79 0 0.58 0 
20 0 0.73 1.97 0.9 1.79 0.74 0 2.4 0 2.35 3.57 3.2 0 0.35 0 0.62 0 0 8.87 0 0.0 0.86 0 5.27 1.09 8.87 2.46 1.36 1.21 0.3 0 4.37 5.46 0.7 1.17 0 0 0.23 2.15 0 3.08 2.11 0 4.71 0.94 0 0.52 0 0 0 2.58 0 0 2.71 0 4.87 0 0.51 0.87 0 0.39 1.91 1.41 0 1.99 0.97 0 0.58 0 0 0.37 0.68 3.39 2.46 0 0 
21 3.42 0 0.25 0 1.36 0.8 0.9 1.45 0 1.92 3.26 0 3.67 0.47 4.42 0 3.01 0.53 0 1.52 0.86 0.0 0.3 0.6 0 3.51 3.11 0.9 0 0 0 1.07 0 2.26 1.66 2.34 0 0 4.99 6.21 0 0 0 0 0.68 0 1.13 0.1 0.13 0.67 3.14 3.8 0 1.76 0 0 3.67 0 4.42 0 0 0 0 2.73 0 0.95 3.7 1.13 1.88 0 0.86 1.05 1.84 0 0.49 2.26 
22 1.85 0 1.51 0 3.67 1.79 0.37 2.71 0.72 5.83 6.84 5.55 0.65 0.7 5.27 0 0.38 2.92 0 0 0 0.3 0.0 1.98 0 0 0 2.16 0 0.48 1.98 3.88 2.46 0.27 1.41 0 0 1.33 0 1.84 2.28 0 0.43 0.43 0.58 0.48 0 0.94 1.42 0 0 2.45 0 2.03 0 2.31 2.16 0 1.92 4.13 2.4 1.13 0 1.69 0.8 5.74 1.1 1.33 0.38 0 0 1.29 2.9 0 0 3.42 
23 0.52 0.74 0.98 0 0 1.72 2.07 2.71 2.9 1.33 5.95 2.23 0 0 0.97 1.99 0 0 3.55 0 5.27 0.6 1.98 0.0 0 2.22 0 2.71 0.43 3.86 3.01 6.59 1.06 0 1.56 3.02 0.77 0.83 2.03 0 0 0.68 0.86 0.39 1.36 2.4 2.59 3.86 2.28 0.94 2.63 1.98 1.72 4.89 0 0 0 0 5.45 2.7 2.27 0.55 0 0.85 2.16 0 3.88 0.6 2.54 4.23 3.57 4.99 2.46 0 0.5 1.17 
24 0 0.98 3.11 0.23 0.63 2.07 0 0 0 0 5.07 0 2.73 0 3.45 2.27 0 2.45 0.8 5.18 1.09 0 0 0 0.0 0 1.33 4.52 3.58 0.8 0 1.56 0.3 0.38 0 4.52 2.23 2.31 4.33 1.72 1.48 0.43 1.85 1.54 0 1.72 4.14 3.14 0 0.66 1.41 0.86 4.42 0.83 0 0.45 0 2.35 1.45 0 1.15 0.78 1.25 1.69 3.58 0.83 0.95 1.49 0 0.97 1.14 3.94 4.05 0.45 0 1.29 
25 3.11 5.32 0.7 0 1.56 0.97 0.57 0 1.64 0.39 1.42 1.49 2.79 0.89 0 0 1.72 3.17 0 0.78 8.87 3.51 0 2.22 0 0.0 0 0 0.85 6.46 0 1.11 0.2 2.22 2.46 0.67 2.54 8.24 1.17 0 1.79 2.9 0.83 0.75 0.27 0 0 0.99 6.72 2.45 0.13 2.54 2.77 2.34 0.92 0.85 3.76 0 2.16 2.07 0 2.39 5.7 4.31 7.48 2.03 5.07 1.37 3.48 6.4 4.56 0 1.69 0 4.61 4.43 
26 0.1 2.82 0 1.88 1.39 0.48 0.55 0 0.55 2.41 0.33 0 0.43 1.42 0 1.85 0 0 0 0.35 2.46 3.11 0 0 1.33 0 0.0 0 3.8 0.86 2.53 1.21 0 1.36 0 0.55 0 1.41 1.88 1.6 1.04 0.68 1.6 3.39 1.88 1.11 0.17 1.97 0.42 0 3.42 0.22 0.25 1.6 1.6 1.52 3.76 1.85 1.77 0.57 0.78 1.56 1.72 0 2.96 2.35 1.85 0.47 1.65 2.59 0.75 2.71 0.59 0 1.02 1.14 
27 0.63 0 1.23 3.29 0.62 0 0 0.63 0 0 1.37 0 1.6 0.43 0 0 3.2 0 0 0.92 1.36 0.9 2.16 2.71 4.52 0 0 0.0 1.6 0.49 0 6.08 0.63 0 0.43 0.27 1.48 1.17 0 3.39 0 0 0 0 1.41 0.37 0.13 1.17 0.55 1.68 0 0 0 1.42 0.51 0.95 0 0 1.85 0 0 0 1.09 2.16 0 0 0 0.74 0 0 0 0 0 0 0.33 0.25 
28 3.04 0.23 0.62 3.01 2.66 0.78 0.7 1.45 0 1.68 6.33 3.2 0 1.29 3.02 0 0 1.72 4.42 0 1.21 0 0 0.43 3.58 0.85 3.8 1.6 0.0 0.74 0.47 7.6 0 0.25 0 1.52 0 0 0.85 1.72 0 0 0 0.32 3.2 0.78 1.85 0.25 0.51 0 4.14 2.91 1.79 0.75 0 0.99 2.82 1.91 1.72 0 0 0.94 0.1 0.33 0 2.19 0 3.42 2.15 0 0.53 0 2.71 0.68 0 0 
29 0 0 0.63 3.39 0.68 0.23 1.23 0 0 5.32 3.86 0 1.85 0 0 0 0 0 4.89 0.4 0.3 0 0.48 3.86 0.8 6.46 0.86 0.49 0.74 0.0 0.35 0 1.56 0 0.55 1.48 0 0 0 0.67 1.25 2.53 0.63 2.22 0 0.25 0 0.43 0 2.53 4.42 1.02 0.74 0 0.82 7.6 0 0 1.41 0 0.98 0 0.86 1.25 1.64 0 0.77 0 0.59 0.86 0 0.86 3.58 0.42 0 0.99 
30 0.55 0 0 0 0 0.8 1.52 1.54 1.36 1.45 3.76 3.76 0 0 0 1.17 2.26 0 5.7 0 0 0 1.98 3.01 0 0 2.53 0 0.47 0.35 0.0 0 2.09 0 0.59 1.02 0.74 0.33 1.56 3.39 0 0 1.17 0 1.91 0 0 0.22 0.27 0.55 2.53 0.32 0.27 1.29 0.47 2.15 2.28 0.86 3.2 4.33 0 0 0.55 2.16 3.29 1.72 4.52 0.99 1.01 0.38 0 1.6 4.31 0.63 0.37 1.39 
31 2.28 0.9 1.96 1.97 5.45 2.35 0 0 0.65 2.15 0.51 1.6 0.98 6.46 4.56 1.0 3.86 1.97 3.67 0 4.37 1.07 3.88 6.59 1.56 1.11 1.21 6.08 7.6 0 0 0.0 1.48 4.42 0.67 3.29 2.7 1.12 1.69 0.27 3.29 3.76 2.5 5.46 1.13 1.92 0.65 5.93 0 0.7 1.54 0 4.14 3.8 0 2.66 5.27 3.63 0.3 2.46 1.32 8.87 0.94 5.95 6.78 1.17 3.29 2.22 5.45 0 4.68 0 2.03 3.2 0.94 5.07 
32 0.86 0.52 0 0.49 0 2.83 0 1.72 3.11 0.89 2.79 2.16 0.22 0 2.46 4.61 1.05 0 0 0 5.46 0 2.46 1.06 0.3 0.2 0 0.63 0 1.56 2.09 1.48 0.0 0 1.17 0 0 0.89 0 1.27 0.49 0 0.65 3.2 0.2 0.6 2.92 4.42 3.86 0 0 0.25 1.37 1.29 2.83 0.78 0 0 1.17 0.82 6.02 1.92 3.11 2.16 2.96 1.25 0 2.35 0 3.45 1.04 2.35 0.86 0.48 0.62 0.94 
33 2.15 0.75 0.94 0.99 0 1.85 1.01 1.21 0.55 2.82 3.67 4.33 1.42 0 4.23 0.6 0.49 0.27 1.91 0.67 0.7 2.26 0.27 0 0.38 2.22 1.36 0 0.25 0 0 4.42 0 0.0 0 0 2.03 2.22 0 1.91 1.98 1.69 1.69 0 0 0.94 0 0 0 0 3.67 0.17 0 2.46 0 0.73 1.88 1.52 1.33 5.27 0 0 0.35 0.23 2.45 1.84 0.89 0 1.13 0 0.75 2.46 1.97 0.47 0 0.63 
34 0.17 2.03 0.32 1.79 0.43 0.33 0.3 0 0.27 1.85 1.06 1.54 0.7 0 1.23 1.23 2.73 0 0.73 0 1.17 1.66 1.41 1.56 0 2.46 0 0.43 0 0.55 0.59 0.67 1.17 0 0.0 0 0 0 1.02 2.63 0 0.73 1.68 1.52 1.17 0.17 0.08 1.54 0.74 3.58 2.34 0.82 0 1.05 0 0.83 0 0 0.86 0 2.34 0 1.72 1.21 3.02 1.17 1.97 0.31 0.8 0 1.37 2.22 2.35 0.47 1.36 0.39 
35 1.11 0 1.85 1.33 0 0 0 0.2 0.2 0.5 0.82 0.92 0.33 0 0.35 1.6 2.22 1.36 0 0 0 2.34 0 3.02 4.52 0.67 0.55 0.27 1.52 1.48 1.02 3.29 0 0 0 0.0 1.56 0.58 0 3.29 1.54 2.11 0 3.02 0 0 0 0 0.48 0 0.67 0 0 0.12 0.92 1.92 0 0.42 0.3 0.78 0 0 0 0 0 0 0 0 0 0 0 0 1.36 0 2.03 0 
36 2.03 3.2 0 4.52 0 0.39 0 2.46 0 2.19 0 0 0 0.43 2.9 0 1.64 0 6.02 0 0 0 0 0.77 2.23 2.54 0 1.48 0 0 0.74 2.7 0 2.03 0 1.56 0.0 0 3.45 5.18 0 0.7 0 2.4 0 1.23 0 0.37 0.74 4.71 2.35 1.49 0 0.78 1.29 0 0 0.78 6.46 0 0.68 0 1.02 3.67 0 0 1.04 0 0 0.43 0.2 0.12 3.26 1.85 0 1.17 
37 1.97 3.58 0 0.82 0 0 2.03 2.22 0 6.97 5.08 0 0 0.78 0 0 1.72 0 1.09 0 0.23 0 1.33 0.83 2.31 8.24 1.41 1.17 0 0 0.33 1.12 0.89 2.22 0 0.58 0 0.0 3.2 2.11 1.8 0.8 0 0 3.14 0.7 1.09 0 0.8 4.99 0 0 0.9 0 1.6 2.89 3.33 0.22 1.92 0.83 0.68 0.42 1.85 3.95 0 3.39 0.95 0 1.72 0 0 0.62 3.14 2.09 1.23 0 
38 2.45 1.96 3.86 0.55 3.93 0 1.33 0.27 0 2.79 0.89 0 1.17 0.57 0 0 2.4 3.29 1.52 0.9 2.15 4.99 0 2.03 4.33 1.17 1.88 0 0.85 0 1.56 1.69 0 0 1.02 0 3.45 3.2 0.0 0.7 2.16 0 5.74 5.27 1.91 2.22 0 0.85 0 4.14 3.11 4.05 0.47 0.74 0 0.62 0 2.59 0.15 0 2.5 0 4.61 0 1.14 0 0 0 3.2 0 0 3.82 1.65 0 0 1.13 
39 0.86 0.63 0.57 0.28 3.67 0.78 1.6 0 3.67 0.51 1.39 2.35 0 0.67 1.25 4.52 0.42 0 0.35 1.33 0 6.21 1.84 0 1.72 0 1.6 3.39 1.72 0.67 3.39 0.27 1.27 1.91 2.63 3.29 5.18 2.11 0.7 0.0 0 2.83 6.08 0.72 1.41 4.56 1.06 0.82 5.32 0.47 1.9 1.98 4.05 1.54 0 0 1.64 6.08 0.62 3.76 6.12 2.11 3.76 1.91 3.51 1.36 3.67 0.38 0.47 5.55 0 1.04 0.47 1.41 3.86 1.54 
40 0.86 2.73 0 0 1.29 3.67 0.63 1.88 0.98 1.14 0.3 1.13 0 3.29 0 0.68 0 0 1.29 1.97 3.08 0 2.28 0 1.48 1.79 1.04 0 0 1.25 0 3.29 0.49 1.98 0 1.54 0 1.8 2.16 0 0.0 3.48 0.65 1.33 0.15 1.72 2.07 2.46 0 1.98 1.51 1.04 0 0 0 0 3.2 1.6 0.86 3.95 2.23 0 0 0.37 1.84 0 0 1.6 1.69 3.08 5.18 2.07 0.68 1.6 1.21 0.63 
41 1.41 0.43 0.42 0.48 3.48 2.65 0 0 0 4.14 3.45 1.07 2.53 0.89 1.07 4.71 0 0.57 4.94 0 2.11 0 0 0.68 0.43 2.9 0.68 0 0 2.53 0 3.76 0 1.69 0.73 2.11 0.7 0.8 0 2.83 3.48 0.0 0 0.07 1.25 0 0 3.58 2.22 0.35 2.4 1.06 0.77 0 2.35 3.26 0 0.89 0 0 4.99 0.43 0.7 1.41 0 2.54 0 1.6 1.17 0 2.11 0 0 0.63 1.09 0 
42 3.39 0.17 1.48 1.91 0 3.76 2.45 0 0.83 0.77 3.51 1.07 2.59 0 3.88 2.96 0.37 3.2 0 0 0 0 0.43 0.86 1.85 0.83 1.6 0 0 0.63 1.17 2.5 0.65 1.69 1.68 0 0 0 5.74 6.08 0.65 0 0.0 0 0 0 2.77 1.37 3.11 2.26 0.7 2.63 2.77 0 0 3.45 0.23 4.8 6.59 1.24 4.71 0.86 0.63 1.51 0.35 0 4.37 2.53 1.13 0 4.8 4.14 1.96 0.92 0 2.03 
43 0.52 0.56 0 2.45 1.29 1.52 0 0 0.77 1.6 0 2.35 3.48 1.88 3.63 4.33 1.6 0 0.62 0 4.71 0 0.43 0.39 1.54 0.75 3.39 0 0.32 2.22 0 5.46 3.2 0 1.52 3.02 2.4 0 5.27 0.72 1.33 0.07 0 0.0 0.48 2.16 0 0 3.01 0 0 2.16 0 2.11 0 6.46 0.43 0 5.95 0 4.71 0 0 0.18 0.23 0 2.62 1.45 2.45 0 0 1.76 5.7 0.47 0 2.82 
44 0 2.45 1.6 0.28 0 0.73 0 2.73 0.57 1.52 1.6 2.34 0.23 2.65 2.53 2.9 0 0 1.32 3.86 0.94 0.68 0.58 1.36 0 0.27 1.88 1.41 3.2 0 1.91 1.13 0.2 0 1.17 0 0 3.14 1.91 1.41 0.15 1.25 0 0.48 0.0 0 0 1.68 0.63 1.22 0 1.13 0 0 4.33 1.48 0.45 2.96 2.79 3.14 1.02 4.14 0.48 1.69 1.68 0 4.05 2.26 0 0 2.35 3.51 0.3 0 1.29 0.82 
45 0 0 0.86 0 0 0 0.28 0 0.59 4.69 0 2.16 0.42 0.51 1.79 0.8 1.79 0 2.96 0 0 0 0.48 2.4 1.72 0 1.11 0.37 0.78 0.25 0 1.92 0.6 0.94 0.17 0 1.23 0.7 2.22 4.56 1.72 0 0 2.16 0 0.0 0.47 0 0 3.58 0 0 0 1.06 0 3.45 0.73 0.59 3.93 2.4 0 1.66 0.86 0.5 0 0 0 0.22 0.47 0 1.66 0 2.03 0 0.23 0 
46 0 1.37 0 0.5 0 0 0 0 0 0 0.43 0 0 0 1.11 0.82 1.17 0.7 0 0 0.52 1.13 0 2.59 4.14 0 0.17 0.13 1.85 0 0 0.65 2.92 0 0.08 0 0 1.09 0 1.06 2.07 0 2.77 0 0 0.47 0.0 1.66 0.82 2.4 0.63 1.36 0.2 0 0.27 1.92 0.8 1.23 2.66 0 0 0 0 0 3.14 0 1.17 0.23 0 0 2.28 0 3.04 1.85 0 0 
47 0 2.63 0.66 2.53 0.33 0 1.54 2.16 1.85 0.83 1.99 0 2.4 0 0 0.92 0.58 0.55 5.36 1.37 0 0.1 0.94 3.86 3.14 0.99 1.97 1.17 0.25 0.43 0.22 5.93 4.42 0 1.54 0 0.37 0 0.85 0.82 2.46 3.58 1.37 0 1.68 0 1.66 0.0 0 4.14 4.99 1.91 0 0 1.91 4.19 0 1.17 5.83 0 1.05 0.99 0.78 2.03 0 0 3.51 1.66 1.29 0.68 0 0.8 0 0 0.68 1.48 
48 0.78 1.02 0.22 0.6 0.55 0.43 1.17 1.13 1.54 2.65 0.75 0 0 0.74 0 0 2.82 0 2.03 1.17 0 0.13 1.42 2.28 0 6.72 0.42 0.55 0.51 0 0.27 0 3.86 0 0.74 0.48 0.74 0.8 0 5.32 0 2.22 3.11 3.01 0.63 0 0.82 0 0.0 1.52 6.08 1.6 0 2.22 0 1.04 0.7 0 3.67 0 0 1.17 1.11 0.48 2.22 3.02 0.85 0 0.25 0.66 0 0 0 0 0.49 0.28 
49 0 1.69 1.02 0 1.29 0.77 1.98 2.4 0 3.17 0.65 3.08 0 0 0 3.14 0.35 1.29 0 0 0 0.67 0 0.94 0.66 2.45 0 1.68 0 2.53 0.55 0.7 0 0 3.58 0 4.71 4.99 4.14 0.47 1.98 0.35 2.26 0 1.22 3.58 2.4 4.14 1.52 0.0 1.69 1.6 1.64 4.42 0 3.01 0 3.33 4.43 2.46 1.04 3.76 0.98 0.68 3.11 1.92 0 2.03 0.43 4.71 5.74 3.51 3.93 0.78 3.11 0.47 
50 0.48 2.09 0.6 1.13 0 0 3.55 0.58 0.68 0.68 1.6 0 0 0.85 2.9 7.1 1.88 2.66 0.37 0 2.58 3.14 0 2.63 1.41 0.13 3.42 0 4.14 4.42 2.53 1.54 0 3.67 2.34 0.67 2.35 0 3.11 1.9 1.51 2.4 0.7 0 0 0 0.63 4.99 6.08 1.69 0.0 2.07 0 1.56 0 0 3.01 0 3.17 5.18 1.19 0.9 1.52 0.43 3.14 1.45 0 4.18 4.05 5.83 1.17 2.62 0.78 3.2 0.72 1.91 
51 0.43 1.11 0.23 0.39 2.03 0 0.76 1.42 1.6 1.23 3.67 4.56 0.8 0 1.45 0.6 0.49 0.23 2.45 0 0 3.8 2.45 1.98 0.86 2.54 0.22 0 2.91 1.02 0.32 0 0.25 0.17 0.82 0 1.49 0 4.05 1.98 1.04 1.06 2.63 2.16 1.13 0 1.36 1.91 1.6 1.6 2.07 0.0 0.42 1.21 0.63 2.22 0 0 0.38 4.52 0 4.18 1.79 1.13 3.39 3.48 0 0 0.94 2.46 0 0.75 0.35 0.59 0 0.43 
52 0 2.16 0 3.11 0 0 0 0.47 0.43 0.58 2.92 0.45 0 0 0.33 0.27 3.11 0.35 0 0 0 0 0 1.72 4.42 2.77 0.25 0 1.79 0.74 0.27 4.14 1.37 0 0 0 0 0.9 0.47 4.05 0 0.77 2.77 0 0 0 0.2 0 0 1.64 0 0.42 0.0 1.17 0.22 0 0 0.92 3.29 0 2.16 0 0 0 0 0 0.57 0.35 0 0.57 1.97 0 0 0.5 0 0.86 
53 2.79 0.8 0.6 0.6 1.48 0 1.91 0.31 0 2.73 2.15 0 2.53 0 0.12 0 2.4 2.35 2.83 0.43 2.71 1.76 2.03 4.89 0.83 2.34 1.6 1.42 0.75 0 1.29 3.8 1.29 2.46 1.05 0.12 0.78 0 0.74 1.54 0 0 0 2.11 0 1.06 0 0 2.22 4.42 1.56 1.21 1.17 0.0 0.33 1.8 0.97 1.91 0 0.27 0 2.11 4.14 4.14 6.12 0.22 0 1.69 0 2.07 0 0.87 2.53 0 3.67 3.17 
54 1.06 0 1.33 4.33 0 1.48 0 1.17 0.2 0.73 3.39 0 2.03 0.43 0.99 0 0 1.33 3.63 0.13 0 0 0 0 0 0.92 1.6 0.51 0 0.82 0.47 0 2.83 0 0 0.92 1.29 1.6 0 0 0 2.35 0 0 4.33 0 0.27 1.91 0 0 0 0.63 0.22 0.33 0.0 0 0 0.23 3.11 0 0 0 1.64 0 3.88 1.29 1.25 1.36 0.5 0 0 0 0 0 0 0 
55 1.64 0 1.99 1.66 0.82 4.13 1.64 0.73 0 0.74 1.17 4.23 3.93 3.82 2.07 0 1.37 2.09 0.55 0.94 4.87 0 2.31 0 0.45 0.85 1.52 0.95 0.99 7.6 2.15 2.66 0.78 0.73 0.83 1.92 0 2.89 0.62 0 0 3.26 3.45 6.46 1.48 3.45 1.92 4.19 1.04 3.01 0 2.22 0 1.8 0 0.0 0 8.74 3.93 1.0 1.42 4.25 0 2.53 8.24 5.07 0.78 0 4.33 3.01 5.11 7.62 1.02 0 3.57 5.57 
56 0 0 2.82 1.54 0 4.61 2.63 0 3.2 1.52 6.72 3.88 0.63 3.45 1.07 0 0 3.11 0 3.7 0 3.67 2.16 0 0 3.76 3.76 0 2.82 0 2.28 5.27 0 1.88 0 0 0 3.33 0 1.64 3.2 0 0.23 0.43 0.45 0.73 0.8 0 0.7 0 3.01 0 0 0.97 0 0 0.0 2.31 6.08 2.89 5.74 0 2.26 1.32 0 0 0 2.59 0 2.96 1.04 0.94 1.76 1.29 0.57 0 
57 1.09 0.72 1.79 0.78 0.35 0.74 0.53 1.66 0.33 1.96 5.83 2.4 1.49 0 1.17 0.25 2.71 0 7.98 0 0.51 0 0 0 2.35 0 1.85 0 1.91 0 0.86 3.63 0 1.52 0 0.42 0.78 0.22 2.59 6.08 1.6 0.89 4.8 0 2.96 0.59 1.23 1.17 0 3.33 0 0 0.92 1.91 0.23 8.74 2.31 0.0 0.68 0 0 2.16 0 2.77 0 0 2.77 0 1.06 1.66 0.74 0 2.71 0 0 1.6 
58 0 2.59 2.09 1.48 2.35 3.95 1.02 0.23 0.35 0.55 0 0.59 0 0.55 2.79 0 2.82 1.05 1.91 3.17 0.87 4.42 1.92 5.45 1.45 2.16 1.77 1.85 1.72 1.41 3.2 0.3 1.17 1.33 0.86 0.3 6.46 1.92 0.15 0.62 0.86 0 6.59 5.95 2.79 3.93 2.66 5.83 3.67 4.43 3.17 0.38 3.29 0 3.11 3.93 6.08 0.68 0.0 0 1.0 6.84 5.19 3.39 3.7 0.55 2.53 0 1.66 5.27 3.57 0 0.47 4.81 0.67 1.42 
59 1.49 2.46 4.71 2.03 4.81 0 1.84 0 0 5.57 1.17 0 3.48 1.85 0 0 0 0.7 0 0 0 0 4.13 2.7 0 2.07 0.57 0 0 0 4.33 2.46 0.82 5.27 0 0.78 0 0.83 0 3.76 3.95 0 1.24 0 3.14 2.4 0 0 0 2.46 5.18 4.52 0 0.27 0 1.0 2.89 0 0 0.0 2.35 0 5.55 5.65 7.53 0 0.92 0 0.73 0 3.45 0 0.58 2.27 4.99 2.46 
60 0 4.23 0.58 2.31 2.22 0.3 0 2.96 2.53 2.58 4.07 2.39 0.92 0 2.07 0.78 2.07 0.83 9.5 0.73 0.39 0 2.4 2.27 1.15 0 0.78 0 0 0.98 0 1.32 6.02 0 2.34 0 0.68 0.68 2.5 6.12 2.23 4.99 4.71 4.71 1.02 0 0 1.05 0 1.04 1.19 0 2.16 0 0 1.42 5.74 0 1.0 2.35 0.0 0 2.28 0 0.82 2.62 0 2.59 2.34 0 0.25 0.31 5.93 0 0.47 0 
61 4.31 0.35 1.23 3.86 0.5 0 0 0 0 0 5.65 0 1.76 2.34 5.36 1.91 0.55 1.49 3.45 0.82 1.91 0 1.13 0.55 0.78 2.39 1.56 0 0.94 0 0 8.87 1.92 0 0 0 0 0.42 0 2.11 0 0.43 0.86 0 4.14 1.66 0 0.99 1.17 3.76 0.9 4.18 0 2.11 0 4.25 0 2.16 6.84 0 0 0.0 0.25 2.63 1.29 0 0 4.69 1.06 0.55 1.85 0 0.9 1.23 0 3.93 
62 2.07 0.49 0 2.45 1.29 0.98 0.55 0 1.37 2.4 0 0.85 0.52 1.37 0.8 1.25 0.3 1.48 2.53 0 1.41 0 0 0 1.25 5.7 1.72 1.09 0.1 0.86 0.55 0.94 3.11 0.35 1.72 0 1.02 1.85 4.61 3.76 0 0.7 0.63 0 0.48 0.86 0 0.78 1.11 0.98 1.52 1.79 0 4.14 1.64 0 2.26 0 5.19 5.55 2.28 0.25 0.0 0 0.35 3.26 5.46 1.02 1.41 0 0 0.53 0.67 0 0 1.79 
63 2.07 0 0.63 0 0 0 0 0 1.49 2.73 5.19 0.82 1.54 2.59 0.82 0.7 0.23 1.79 3.55 1.76 0 2.73 1.69 0.85 1.69 4.31 0 2.16 0.33 1.25 2.16 5.95 2.16 0.23 1.21 0 3.67 3.95 0 1.91 0.37 1.41 1.51 0.18 1.69 0.5 0 2.03 0.48 0.68 0.43 1.13 0 4.14 0 2.53 1.32 2.77 3.39 5.65 0 2.63 0 0.0 0 3.08 5.18 0 0 3.67 0.83 0.77 2.03 0.85 0.37 0.35 
64 2.65 0 1.79 0 3.95 0 2.09 3.51 0.94 2.15 1.09 0 0 0 4.31 0 1.21 2.59 0 0 1.99 0 0.8 2.16 3.58 7.48 2.96 0 0 1.64 3.29 6.78 2.96 2.45 3.02 0 0 0 1.14 3.51 1.84 0 0.35 0.23 1.68 0 3.14 0 2.22 3.11 3.14 3.39 0 6.12 3.88 8.24 0 0 3.7 7.53 0.82 1.29 0.35 0 0.0 0 1.32 0.78 2.22 1.37 3.14 4.14 3.57 0.37 2.73 3.76 
65 1.21 0 4.33 0.63 4.43 0 4.94 1.23 0.98 3.29 1.27 0.27 0.94 0 0 1.84 1.72 1.91 5.45 0 0.97 0.95 5.74 0 0.83 2.03 2.35 0 2.19 0 1.72 1.17 1.25 1.84 1.17 0 0 3.39 0 1.36 0 2.54 0 0 0 0 0 0 3.02 1.92 1.45 3.48 0 0.22 1.29 5.07 0 0 0.55 0 2.62 0 3.26 3.08 0 0.0 0 3.55 1.49 2.58 3.94 2.54 1.69 4.8 0.83 3.2 
66 0 1.02 4.71 0 1.49 3.2 5.57 1.42 0 2.03 0 0.12 1.85 2.28 0.92 0 4.71 0 1.96 1.48 0 3.7 1.1 3.88 0.95 5.07 1.85 0 0 0.77 4.52 3.29 0 0.89 1.97 0 1.04 0.95 0 3.67 0 0 4.37 2.62 4.05 0 1.17 3.51 0.85 0 0 0 0.57 0 1.25 0.78 0 2.77 2.53 0.92 0 0 5.46 5.18 1.32 0 0.0 0.53 0 1.14 1.07 0 3.17 2.19 5.08 4.81 
67 0.31 2.82 2.28 0 0.27 0 0.55 0 0.17 3.17 0.94 0.98 0.8 1.11 0.37 0 2.26 0.47 0 1.11 0.58 1.13 1.33 0.6 1.49 1.37 0.47 0.74 3.42 0 0.99 2.22 2.35 0 0.31 0 0 0 0 0.38 1.6 1.6 2.53 1.45 2.26 0.22 0.23 1.66 0 2.03 4.18 0 0.35 1.69 1.36 0 2.59 0 0 0 2.59 4.69 1.02 0 0.78 3.55 0.53 0.0 0.18 2.34 2.4 0.65 0 3.17 0.86 0.43 
68 0.27 0.32 0.27 0.78 0 0 0.47 0.33 0.78 2.63 0 4.56 0.3 0 1.29 0 0.28 0 1.45 0 0 1.88 0.38 2.54 0 3.48 1.65 0 2.15 0.59 1.01 5.45 0 1.13 0.8 0 0 1.72 3.2 0.47 1.69 1.17 1.13 2.45 0 0.47 0 1.29 0.25 0.43 4.05 0.94 0 0 0.5 4.33 0 1.06 1.66 0.73 2.34 1.06 1.41 0 2.22 1.49 0 0.18 0.0 0 0 0 3.42 1.77 1.65 0.16 
69 0 0 0 0 0 0 0 2.83 0 3.7 7.86 3.76 3.02 0 2.11 0 0 0 8.36 0.75 0 0 0 4.23 0.97 6.4 2.59 0 0 0.86 0.38 0 3.45 0 0 0 0.43 0 0 5.55 3.08 0 0 0 0 0 0 0.68 0.66 4.71 5.83 2.46 0.57 2.07 0 3.01 2.96 1.66 5.27 0 0 0.55 0 3.67 1.37 2.58 1.14 2.34 0 0.0 0.63 0.55 5.36 1.17 0 0.57 
70 0 0 1.33 3.57 2.09 0 0 0.73 2.34 0 7.98 3.57 0 1.66 0.82 0.99 2.07 0 0 0 0.37 0.86 0 3.57 1.14 4.56 0.75 0 0.53 0 0 4.68 1.04 0.75 1.37 0 0.2 0 0 0 5.18 2.11 4.8 0 2.35 1.66 2.28 0 0 5.74 1.17 0 1.97 0 0 5.11 1.04 0.74 3.57 3.45 0.25 1.85 0 0.83 3.14 3.94 1.07 2.4 0 0.63 0.0 0 5.65 0 1.09 0 
71 2.4 0 1.91 0.92 0 0 2.34 0 0 0 7.98 2.35 3.14 0 0 0 0 2.83 2.78 1.68 0.68 1.05 1.29 4.99 3.94 0 2.71 0 0 0.86 1.6 0 2.35 2.46 2.22 0 0.12 0.62 3.82 1.04 2.07 0 4.14 1.76 3.51 0 0 0.8 0 3.51 2.62 0.75 0 0.87 0 7.62 0.94 0 0 0 0.31 0 0.53 0.77 4.14 2.54 0 0.65 0 0.55 0 0.0 0 0 0 0 
72 2.53 3.76 3.2 0.78 0 0 0.43 2.28 0.98 1.14 0.66 0.78 0 3.39 0 1.76 3.42 0.99 0.43 1.79 3.39 1.84 2.9 2.46 4.05 1.69 0.59 0 2.71 3.58 4.31 2.03 0.86 1.97 2.35 1.36 3.26 3.14 1.65 0.47 0.68 0 1.96 5.7 0.3 2.03 3.04 0 0 3.93 0.78 0.35 0 2.53 0 1.02 1.76 2.71 0.47 0.58 5.93 0.9 0.67 2.03 3.57 1.69 3.17 0 3.42 5.36 5.65 0 0.0 4.56 0 2.16 
73 0.78 0.31 0.15 0 0.35 0 0.43 0.57 0.58 3.29 5.45 4.61 2.63 0.6 0 1.37 0.8 0.78 0 0 2.46 0 0 0 0.45 0 0 0 0.68 0.42 0.63 3.2 0.48 0.47 0.47 0 1.85 2.09 0 1.41 1.6 0.63 0.92 0.47 0 0 1.85 0 0 0.78 3.2 0.59 0.5 0 0 0 1.29 0 4.81 2.27 0 1.23 0 0.85 0.37 4.8 2.19 3.17 1.77 1.17 0 0 4.56 0.0 0.8 2.28 
74 0.33 1.69 0 1.91 0.25 0 0.25 1.91 0 3.86 2.83 0.78 1.91 0 1.68 0 0.94 0.42 5.95 0.58 0 0.49 0 0.5 0 4.61 1.02 0.33 0 0 0.37 0.94 0.62 0 1.36 2.03 0 1.23 0 3.86 1.21 1.09 0 0 1.29 0.23 0 0.68 0.49 3.11 0.72 0 0 3.67 0 3.57 0.57 0 0.67 4.99 0.47 0 0 0.37 2.73 0.83 5.08 0.86 1.65 0 1.09 0 0 0.8 0.0 0 
75 0.05 1.42 0.43 0 0.47 1.36 0.43 0 0.28 0 2.73 1.91 1.32 0 3.67 0 0.74 0 4.56 0 0 2.26 3.42 1.17 1.29 4.43 1.14 0.25 0 0.99 1.39 5.07 0.94 0.63 0.39 0 1.17 0 1.13 1.54 0.63 0 2.03 2.82 0.82 0 0 1.48 0.28 0.47 1.91 0.43 0.86 3.17 0 5.57 0 1.6 1.42 2.46 0 3.93 1.79 0.35 3.76 3.2 4.81 0.43 0.16 0.57 0 0 2.16 2.28 0 0.0 

;