set O:= 0;
set N:= 1 2 3 4 5 6 7 8 9 10 11 12 13 14 15 16 17 18 19 20 21 22 23 24 25 26 27 28 29 30 31 32 33 34 35 36 37 38 39 40 41 42 43 44 45 46 47 48 49 50 51 52 53 54 55 56 57 58 59 60 61 62 63 64 65 66 67 68 69 70 71 72 73 74 75;
set K:= 1 2 3 4 5 6 7 8 9 10 11 12 13 14;
param V:= 14;
param cp:= 100;
param dm:= 5.0;
param o:=
0 0
1 18
2 26
3 11
4 30
5 21
6 19
7 15
8 16
9 29
10 26
11 37
12 16
13 12
14 31
15 8
16 19
17 20
18 13
19 15
20 22
21 28
22 12
23 6
24 27
25 14
26 18
27 17
28 29
29 13
30 22
31 25
32 28
33 27
34 19
35 10
36 12
37 14
38 24
39 16
40 33
41 15
42 11
43 18
44 17
45 21
46 27
47 19
48 20
49 5
50 22
51 12
52 19
53 22
54 16
55 7
56 26
57 14
58 21
59 24
60 13
61 15
62 18
63 11
64 28
65 9
66 37
67 30
68 10
69 8
70 11
71 3
72 1
73 6
74 10
75 20
;
param c[*,*]
: 0 1 2 3 4 5 6 7 8 9 10 11 12 13 14 15 16 17 18 19 20 21 22 23 24 25 26 27 28 29 30 31 32 33 34 35 36 37 38 39 40 41 42 43 44 45 46 47 48 49 50 51 52 53 54 55 56 57 58 59 60 61 62 63 64 65 66 67 68 69 70 71 72 73 74 75:=
0 0 7 4 7 4 9 3 4 4188 8 29 10 7 6143 9 7539 9 2234 9 7 13 7539 17 11 12 37 2 18 6701 6 5 21 12 4747 6 5026 9214 8935 29 8 16 20 10051 11 8 4 3 8 22 11 9 4 5 6143 30 15 11 31 6 13 13 9493 25 6143 48 11 10 3 2 13 11 10889 5584 7 6 1 
1 7 0 5 8305 12 9 9 11 14443 17 13 15 35 15 15 11 5 7 14 13123 12 6 2 11 18 15165 8376 16 5 11 7 13 14 2234 11915 13 7550 8438 22 9 8097 5 3 1332 9388 12 51 6217 15 6499 25 20 12638 17 22 18 4 19 19 35 9992 7 9 2 4 12 21 8376 7 8 11 9 36 6 5026 26 
2 4 5 0 9 4333 6 2 7539 12 9493 9 24 6980 10 22 29 6499 10 12 19 8935 5 4467 14 11915 13 6 7222 11 23 2 14 8 2792 14 8376 8 9 9104 8 7 9 27 7 38 5055 8 19 7 19 11 4 8 13 49 18 8376 10471 15 13960 20 22 2 9 32 10214 13960 5026 2 7 38 8655 30 3 2 4 
3 7 8305 9 0 10 15 7 10 12277 10 10110 28 22 17 15 66 6 4333 5777 30 24 14 12 8 6 7 7222 12638 11554 12999 10 23 12 23 42 25 17332 22 15 7 4 13 45 9388 1083 12 14 59 16 4 4333 7 11915 16 16609 39 36 21 17 38 43 14804 9388 6 16 17 18 9 14 18 84 25 9 8 45 7 
4 4 12 4333 10 0 8 4 5416 6 43 8 14 5026 7 39 9 35 8 14804 9 10471 16 10471 12 17 18 3071 3611 7583 3972 3 9548 12 7 2528 6 12 9 6883 6439 23 13360 13 24 10 3 4 14 20 24 13 4467 3 17 9 20 14 15 22 13721 12999 12 15 9 15165 7772 17 2 2 11 12277 13 6 8 6 6 
5 9 9 6 15 8 0 7259 13 36 43 10658 11 10051 7 10 2 13360 9 14 7 2665 3630 6439 20 38 14 16 6 22 9 3630 17 41 8376 14 7 9 2 10 12 10889 38 8882 17 20 4 9 2 1954 21 12 11 8 10 8666 30 10880 4333 37 10 8 6 28 8 9 11 11546 8 6 4 4 4 10 10 5 6143 
6 3 9 2 7 4 7259 0 7 13 28 8935 11 19 9 10331 8 5 6 18 18 12 8 7 6143 11 11 5 8 6 5584 3350 12 6 2234 10 9 9 9214 12 15 9 8 7259 6 6 9 6 6980 5305 7583 7818 1675 7 17 11 15 7818 18 9 16 13 8 5 4 38 10889 12285 5 6 11 13 10610 8 4 5 4 
7 4 11 7539 10 5416 13 7 0 2528 9027 16 17 5 9 4 6217 12 10 15 3 8660 41 12285 12285 17 14 3 23 41 11 6980 7 40 35 4 6 8882 7994 7 5 5584 17 16 14 10471 9 3 7772 32 56 25 6422 17 9 6860 32 14 9749 3 7 10658 14 10 11 15915 4441 6422 3 11 10214 20 10 3997 19 8655 4 
8 4188 14443 12 12277 6 36 13 2528 0 23 6 7 11 5 9 8 13 8 21 10 12 13 31 16971 19 61 16 4 13 7 7944 10 11915 24 10 7 16 14 5 6439 14 23 36 33 15 22 2 10832 9027 17 30 7259 2528 4 9 23 18776 14 5 9 14804 17 51 55 40 22 12 6 22 15 13721 18 7 25 12 9 
9 8 17 9493 10 43 43 28 9027 23 0 4 13 4 16 12999 22 33 4467 8 13360 17 17 16609 15 9 5 5305 14 15 15165 13 3775 2528 34 22 12 16 12213 4885 888 2513 64 18 19 4333 13360 11 12 24 9027 8 11 14 42 18 9 18 23 4 15887 18 15 22 42 25 5773 24 6980 31 27 14 14 1998 39 46 7 
10 29 13 9 10110 8 10658 8935 16 6 4 0 4 4188 8 6 21 16 8 14 6217 26 24 11991 10436 14443 10 6 10 11102 36 36 4 4885 35 7 6 13 48 1554 2443 6 25 25 12 19 8 6 14 11 16 12 8097 28 3775 32 8 11769 10214 1 8 29 53 10 9104 16 2220 4 8 9 13767 13989 13989 6 9548 20 32 
11 10 15 24 28 14 11 11 17 7 13 4 0 8 14 3 9 15887 9 16609 20 11546 16 16473 32 19 17 6 14 58 16 11168 12 51 12844 9027 4188 14 14 2 22 16 22 22 34 55 12638 10 11 14 72 15 10051 19 2 9 65 70 14082 4 4 54 17 18 17 20 6 4 9 10051 13545 12879 53 6 13681 16 17 
12 7 35 6980 22 5026 10051 19 5 11 4 4188 8 0 9 30 42 29 4 7259 15 15 44 12 10 10471 6143 4 7259 10 8376 7 9 5 13 20 11 13 12 11 3 2 46 47 10331 6 14 5 10889 10 10 6 7 7 5584 9214 8655 13 42 3 41 31 16 10 28 14 8 17 7 6 13681 18 14240 3 31 17 16 
13 6143 15 10 17 7 7 9 9 5 16 8 14 9 0 7944 3972 14804 9 41 19 15 20 30 18 20 38 6422 2528 48 5 8 11324 17 16 6 7 19 29 15 10 9772 38 23 69 62 19 5 8 27 18 37 10 3 9 2528 22387 20220 3 8 10832 12 13721 51 15165 22 8 13360 5026 7 12 9749 12 32 26 9 6 
14 9 15 22 15 39 10 10331 4 9 12999 6 3 30 7944 0 7328 66 11 19137 3 12 13123 15636 20 81 16 6 9 55 12 11 7994 58 12564 7222 10 10436 9 4 9 9 22 70 66 59 10471 6499 10 13 21 34 13 14 4 5777 24 22 43 4885 3 47 15915 17 17 78 5 4188 7 12 48 22 13 6 13 24 8097 
15 7539 11 29 66 9 2 8 6217 8 22 21 9 42 3972 7328 0 19 12 27 5 2220 7 10 23 42 13 8376 4 10 4 5305 15 10880 20 7222 5773 4 2 10 43 14 11102 43 10214 68 4694 30 3331 4 74 12435 20 12 9 7 15 14 1444 9 9 18 8655 36 12 12 42 13 7 8 6 3553 4 12 39 7 7 
16 9 5 6499 6 35 13360 5 12 13 33 16 15887 29 14804 66 19 0 5055 33 15165 18 11554 10 5 5 40 8 12277 9 12 8666 59 25 12 10471 52 30 32 56 10 6 8 10 6138 5 42 22 16 10832 6 7222 12 11915 56 17 25 6 64 43 22 38 15 8 4 22 32 18054 8666 8 16 38 18 9749 19 17 14 
17 2234 7 10 4333 8 9 6 10 8 4467 8 9 4 9 11 12 5055 0 7259 10 14 10 35 8 9388 6980 2 7 16 9 6 18 4 5 6 6143 14 11 7259 4 2 12 9493 8 5 7 20 18 8 30 5863 2 12 28 38 19 9214 11 9 13 28 13 13 5305 47 17 10 4 3 15 15 12844 9 7 8 3 
18 9 14 12 5777 14804 14 18 15 21 8 14 16609 7259 41 19137 27 33 7259 0 77 15543 15 17 10110 19 4 9 18 52 75 12564 6439 5 17 32 21 57 16 11 5 23 14082 15 15 5055 17332 18 51 18 6 4 29 22 33 21303 6 11 22748 14 22 16654 31 23 10110 18 9548 23 11 13 14655 16 20 6 10 13123 10051 
19 7 13123 19 30 9 7 18 3 10 13360 6217 20 15 19 3 5 15165 10 77 0 9 44 16 15 19859 34 12 5416 13 17 9 9 16 22 6 2 8 8 20 9 36 18 16 15 14804 9 5 31 34 20 19 11 5 12 6 40 16752 8 5551 6 20 27 13 50 20 6 6701 5026 10 20 10 38 13 15 20 7 
20 13 12 8935 24 10471 2665 12 8660 12 17 26 11546 15 15 12 2220 18 14 15543 9 0 25 10 12435 29 15543 11168 7944 35 13 8 32 12879 23 43 8 3 5 49 13 56 24 11 11102 25 9 22 4 7 21 18 14 9 9770 12 35 15 19 13 11 9 8655 40 11 23 26 13 20 10 5 1332 2443 24 11168 7 9 
21 7539 6 5 14 16 3630 8 41 13 17 24 16 44 20 13123 7 11554 10 15 44 25 0 6 13 19 32 37 33 3 5 4 16 13 6701 9749 10610 3 5 11769 10880 12 9 9 8 19 8 42 3 4 18 28 8376 9 25 14 18 10889 9 42 16 7 3 4 8097 9 16 67 10 22 3 25 4747 13 6 9 27 
22 17 2 4467 12 10471 6439 7 12285 31 16609 11991 16473 12 30 15636 10 10 35 17 16 10 6 0 4663 14 18 10 12638 3 21 5863 28 58 6 52 16 8 30 14 13 41 3 5 5 16 21 17 21 6422 11 16 29 13 29 18 27 5107 15 14 75 8660 3350 2 3997 12 13545 23 12 7 7 10 29 21 3 5 7539 
23 11 11 14 8 12 20 6143 12285 16971 15 10436 32 10 18 20 23 5 8 10110 15 12435 13 4663 0 5 26 11 15887 9 14804 8935 11546 19 5 58 13681 13 14 23 8 9 10 12 4 32 14082 15165 9104 41 3611 40 5863 64 14519 26 15 1 22 9548 39 26 12 6 1998 5107 13 70 13 7539 9992 52 11769 18 5 10 17 
24 12 18 11915 6 17 38 11 17 19 9 14443 19 10471 20 81 42 5 9388 19 19859 29 19 14 5 0 9 25 17332 13721 22 14 18 8 10 16 17332 41 43 16609 20 35 12 43 36 6 32 15887 74 18 2528 5416 16 16971 23 24 12 6 43 17 24 31 21 23 6499 13721 23 26 27 13 26 31 92 11554 12 14 24 
25 37 15165 13 7 18 14 11 14 61 5 10 17 6143 38 16 13 40 6980 4 34 15543 32 18 26 9 0 8 19 16 18415 13 8 5 20 14443 29 18 14433 8 3 5305 34 20 18 7 21 14 15 14798 9388 3 30 16248 27 40 13 58 22 20 24 17 21 12564 12277 21303 15 14443 12 41 60 33 16 16 11 55 9772 
26 2 8376 6 7222 3071 16 5 3 16 5305 6 6 4 6422 6 8376 8 2 9 12 11168 37 10 11 25 8 0 6 8376 25 5584 11 6 12 3 16 13 40 22 19 3071 14 23 10051 7222 5026 6 8935 14 11 7539 4 8 19 7259 14 11168 8376 3909 11 26 14 16 7 54 28 17 6 3630 11727 25 12285 5 7 9 2513 
27 18 16 7222 12638 3611 6 8 23 4 14 10 14 7259 2528 9 4 12277 7 18 5416 7944 33 12638 15887 17332 19 6 0 9388 2889 6 10658 17 13 2528 12 8666 6860 7 32 8 18 18 19 26 2166 6 6860 20 31 20 9 1 8305 19 41 18 5 13 15 11 15 40 12638 18 8 14 3350 5 11 10 13 7 13 14 8 
28 6701 5 11 11554 7583 22 6 41 13 15 11102 58 10 48 55 10 9 16 52 13 35 3 3 9 13721 16 8376 9388 0 27 7 13323 12 5 11 44 5 8 14 12 11 7 6 7 12277 29 10832 8 15 11 49 6422 10471 16 14 18 8376 11193 12 18 9 2792 2 7 7 25 17 7539 4747 5 18 8 20 12 2 6 
29 6 11 23 12999 3972 9 5584 11 7 15165 36 16 8376 5 12 4 12 9 75 17 13 5 21 14804 22 18415 25 2889 27 0 13 12 29 10 20 8666 6 5 9 10 18 59 17 52 15 1444 6 16 2 59 68 29 4333 14 30 21665 17 5 10 15 36 10 32 23 30 10 33 5 17 32 10 32 34 18 6 4467 
30 5 7 2 10 3 3630 3350 6980 7944 13 36 11168 7 8 11 5305 8666 6 12564 9 8 4 5863 8935 14 13 5584 6 7 13 0 11 38 5 22 29 21 11 18 32 8 10 17 8 45 4 7 7 8 15 23 6 12 18 20 19 41 32 30 12844 10 7 8 6422 9772 20 13402 9 2234 13 9 7259 7550 9 7 3071 
31 21 13 14 23 9548 17 12 7 10 3775 4 12 9 11324 7994 15 59 18 6439 9 32 16 28 11546 18 8 11 10658 13323 12 11 0 11 42 10 31 19 17 16 4 7259 27 18 52 13 14 10 56 13 17 11 10 39 6661 11 4663 50 26 4 18 19 15543 14 10436 64 8 5773 20 12006 16 34 17 3553 23 14 11168 
32 12 14 8 12 12 41 6 40 11915 2528 4885 51 5 17 58 10880 25 4 5 16 12879 13 58 19 8 5 6 17 12 29 38 11 0 7 22 12 13 15 6 2220 9 13 18 12277 4 16 11193 10436 11448 7 3 5 25 24 66 14 12 18 8 22 14211 27 9214 8305 69 14 14 6980 7 50 17 27 6 10 13 13 
33 4747 2234 2792 23 7 8376 2234 35 24 34 35 12844 13 16 12564 20 12 5 17 22 23 6701 6 5 10 20 12 13 5 10 5 42 7 0 10 10 9214 10051 10 14 5863 5026 5026 4 8 35 11 8 6 6 8097 3 10 45 15 14 5584 56 9 15636 13 8 5 3 7259 21 18 6 13 12 25 11168 14 1396 4 6 
34 6 11915 14 42 2528 14 10 4 10 22 7 9027 20 6 7222 7222 10471 6 32 6 43 9749 52 58 16 14443 3 2528 11 20 22 10 22 10 0 5 14 10 23 25 6 32 62 56 22 7 3 9027 27 13721 13721 23 2 6138 7 36 21 9 6 12 13721 13 10110 45 17693 27 11554 1396 3630 16 51 12999 22 20 7944 11 
35 5026 13 8376 25 6 7 9 6 7 12 6 4188 11 7 10 5773 52 6143 21 2 8 10610 16 13681 17332 29 16 12 44 8666 29 31 12 10 5 0 36 16 4 5773 28 60 18 13681 12 7 3 10 16 16 29 8 5 4 5416 71 17 18 4 22 10 16 11 14 19 5 6 4 7 11 11 11 10 13 9214 5 
36 9214 7550 8 17332 12 9 9 8882 16 16 13 14 13 19 10436 4 30 14 57 8 3 3 8 13 41 18 13 8666 5 6 21 19 13 9214 14 36 0 2 12435 49 13 12 9 35 18 7222 13 1332 3350 18054 17 42 13 21 48 16 11 29 11324 12 2443 5 29 8660 10 15 28 12 8 1554 5 3 24 8376 5 34 
37 8935 8438 9 22 9 2 9214 7994 14 12213 48 14 12 29 9 2 32 11 16 8 5 5 30 14 43 14433 40 6860 8 5 11 17 15 10051 10 16 2 0 11546 15 26 13 11 11 74 26 40 2 3630 19137 13 14 33 10 9388 21 48 9 14 22 2443 14 8376 9326 11 12213 25 10 7818 3 2 2220 23 9493 5584 9 
38 29 22 9104 15 6883 10 12 7 5 4885 1554 2 11 15 4 10 56 7259 11 20 49 11769 14 23 16609 8 22 7 14 9 18 16 6 10 23 4 12435 11546 0 5 6422 15 13545 12435 45 7994 7 23 11 15887 29 8935 12 2665 9 9 14 9326 2 6 57 15 10880 10 19 1 2 7 38 14 14 13767 2887 11 10 10 
39 8 9 8 7 6439 12 15 5 6439 888 2443 22 3 10 9 43 10 4 5 9 13 10880 13 8 20 3 19 32 12 10 32 4 2220 14 25 5773 49 15 5 0 3 20 10658 11 22 7994 7 12 9326 11 3331 23 7106 11 9 5 12 10658 4 36 58 15 36 14 25 10 6439 7 9 52 14 15 4 10 36 14 
40 16 8097 7 4 23 10889 9 5584 14 2513 6 16 2 9772 9 14 6 2 23 36 56 12 41 9 35 5305 3071 8 11 18 8 7259 9 5863 6 28 13 26 6422 3 0 10331 14 19 4 31 6143 45 9 7583 4467 3071 8 8 12 9 9493 23 8 11727 32 14 9 8 26 9 9 4747 5026 56 15356 30 6 29 17 9 
41 20 5 9 13 13360 38 8 17 23 64 25 22 46 38 22 11102 8 12 14082 18 24 9 3 10 12 34 14 18 7 59 10 27 13 5026 32 60 12 13 15 20 10331 0 1 1 23 14 18 8438 40 9 28 15 33 16 87 38 2 24 11 23 11769 9 10 3331 3 29 22 23 17 9 24 11 11 9 16 9 
42 10051 3 27 45 13 8882 7259 16 36 18 25 22 47 23 70 43 10 9493 15 16 11 9 5 12 43 20 23 18 6 17 17 18 18 5026 62 18 9 11 13545 10658 14 1 0 1 14 14 16248 16 9214 8666 17 7818 16248 18 21 40 4 18415 11546 26 11102 12 9 3553 4 15 79 46 16 8 11324 9770 14 17 7 37 
43 11 1332 7 9388 24 17 6 14 33 19 12 34 10331 69 66 10214 6138 8 15 15 11102 8 5 4 36 18 10051 19 7 52 8 52 12277 4 56 13681 35 11 12435 11 19 1 1 0 13 12638 15 8 8935 7 13 6422 17 30 25 18415 5 20 10436 20 11102 7 4 3 4 15 37 21 7259 8 13 20 9992 7 7 8376 
44 8 9388 38 1083 10 20 6 10471 15 4333 19 55 6 62 59 68 5 5 5055 14804 25 19 16 32 6 7 7222 26 12277 15 45 13 4 8 22 12 18 74 45 22 4 23 14 13 0 12 11 31 17 4694 4 4333 14 13 16609 35 12 69 7944 74 28 15887 13 6499 31 14 15526 8666 9 21 43 82 7 9 24 15 
45 4 12 5055 12 3 4 9 9 22 13360 8 12638 14 19 10471 4694 42 7 17332 9 9 8 21 14082 32 21 5026 2166 29 1444 4 14 16 35 7 7 7222 26 7994 7994 31 14 14 12638 12 0 17 5 4 13721 17 8 3 39 8 20220 32 22 6883 14082 12 9749 32 22 16 10 19 7 13 12 9749 12 15 8 10 4 
46 3 51 8 14 4 9 6 3 2 11 6 10 5 5 6499 30 22 20 18 5 22 42 17 15165 15887 14 6 6 10832 6 7 10 11193 11 3 3 13 40 7 7 6143 18 16248 15 11 17 0 9749 30 56 27 6143 7 7 12 71 35 7222 4663 10 14 18 11 12 18415 6 43 7 5 15 13360 15 5329 10832 10 4 
47 8 6217 19 59 14 2 6980 7772 10832 12 14 11 10889 8 10 3331 16 18 51 31 4 3 21 9104 74 15 8935 6860 8 16 7 56 10436 8 9027 10 1332 2 23 12 45 8438 16 8 31 5 9749 0 2 15887 47 8655 8 9 11193 30 10 6860 10214 12 3775 4467 22 29 9 15 12657 7539 5863 2443 4 2887 10 7 3071 6701 
48 22 15 7 16 20 1954 5305 32 9027 24 11 14 10 27 13 4 10832 8 18 34 7 4 6422 41 18 14798 14 20 15 2 8 13 11448 6 27 16 3350 3630 11 9326 9 40 9214 8935 17 4 30 2 0 28 13402 7259 8 10051 10 19 15 8 35 17 6 5305 5026 10 40 10880 28 7 8 19 6 7 9 7 2234 9 
49 11 6499 19 4 24 21 7583 56 17 9027 16 72 10 18 21 74 6 30 6 20 21 18 11 3611 2528 9388 11 31 11 59 15 17 7 6 13721 16 18054 19137 15887 11 7583 9 8666 7 4694 13721 56 15887 28 0 6499 6138 30 16971 22 11554 5 78 12638 45 28 14443 18 16 11915 35 20 48 12 18054 22026 82 11193 14 11915 13 
50 9 25 11 4333 13 12 7818 25 30 8 12 15 6 37 34 12435 7222 5863 4 19 18 28 16 40 5416 3 7539 20 49 68 23 11 3 8097 13721 29 17 13 29 3331 4467 28 17 13 4 17 27 47 13402 6499 0 25 15 18 19 5 46 21 5551 79 18 17 14 10 37 10 16 9214 8935 55 17 19 6 38 13 17 
51 4 20 4 7 4467 11 1675 6422 7259 11 8097 10051 7 10 13 20 12 2 29 11 14 8376 29 5863 16 30 4 9 6422 29 6 10 5 3 23 8 42 14 8935 23 3071 15 7818 6422 4333 8 6143 8655 7259 6138 25 0 14 11 21 20 8 10 7 54 14 9214 21 3350 10051 41 12 4 11 11168 15 25 7 5 6 4 
52 5 12638 8 11915 3 8 7 17 2528 14 28 19 7 3 14 12 11915 12 22 5 9 9 13 64 16971 16248 8 1 10471 4333 12 39 25 10 2 5 13 33 12 7106 8 33 16248 17 14 3 7 8 8 30 15 14 0 6860 9 24 20 5416 5773 12 12638 13 12 15 18 8 25 10 5 25 11554 15 6 22 9 3909 
53 6143 17 13 16 17 10 17 9 4 42 3775 2 5584 9 4 9 56 28 33 12 9770 25 29 14519 23 27 19 8305 16 14 18 6661 24 45 6138 4 21 10 2665 11 8 16 18 30 13 39 7 9 10051 16971 18 11 6860 0 14 21 20 11193 3 9 12 30 12285 12285 18149 6 5 20 8 47 14 23 4441 13 10889 6980 
54 30 22 49 16609 9 8666 11 6860 9 18 32 9 9214 2528 5777 7 17 38 21303 6 12 14 18 26 24 40 7259 19 14 30 20 11 66 15 7 5416 48 9388 9 9 12 87 21 25 16609 8 12 11193 10 22 19 21 9 14 0 23 23 10 29 8 17 18 61 19 22748 29 46 6143 17 18 13 13 8 17 14 9 
55 15 18 18 39 20 30 15 32 23 9 8 65 8655 22387 24 15 25 19 6 40 35 18 27 15 12 13 14 41 18 21665 19 4663 14 14 36 71 16 21 9 5 9 38 40 18415 35 20220 71 30 19 11554 5 20 24 21 23 0 16 24914 6883 24 21 39 15 30 23470 8882 19 12 51 21 37 72 7 14 32 12285 
56 11 4 8376 36 14 10880 7818 14 18776 18 11769 70 13 20220 22 14 6 9214 11 16752 15 10889 5107 1 6 58 11168 18 8376 17 41 50 12 5584 21 17 11 48 14 12 9493 2 4 5 12 32 35 10 15 5 46 8 20 20 23 16 0 43 10658 41 13545 10 6701 3109 5 14 19 47 9 43 17 16 12 23 12 10 
57 31 19 10471 21 15 4333 18 9749 14 23 10214 14082 42 3 43 1444 64 11 22748 8 19 9 15 22 43 22 8376 5 11193 5 32 26 18 56 9 18 29 9 9326 10658 23 24 18415 20 69 22 7222 6860 8 78 21 10 5416 11193 10 24914 43 0 10 17 8 12638 14 65 22 10 16248 7 30 9749 27 9 20 15 9 7259 
58 6 19 15 17 22 37 9 3 5 4 1 4 3 8 4885 9 43 9 14 5551 13 42 14 9548 17 20 3909 13 12 10 30 4 8 9 6 4 11324 14 2 4 8 11 11546 10436 7944 6883 4663 10214 35 12638 5551 7 5773 3 29 6883 10658 10 0 7 15 11991 9104 32 27 4 4441 5 15 50 26 13 4 8438 10 13 
59 13 35 13960 38 13721 10 16 7 9 15887 8 4 41 10832 3 9 22 13 22 6 11 16 75 39 24 24 11 15 18 15 12844 18 22 15636 12 22 12 22 6 36 11727 23 26 20 74 14082 10 12 17 45 79 54 12 9 8 24 41 17 7 0 53 21 16473 16752 22337 6 4188 9 14 14 12435 17 9 32 14798 22 
60 13 9992 20 43 12999 8 13 10658 14804 18 29 54 31 12 47 18 38 28 16654 20 9 7 8660 26 31 17 26 11 9 36 10 19 14211 13 13721 10 2443 2443 57 58 32 11769 11102 11102 28 12 14 3775 6 28 18 14 12638 12 17 21 13545 8 15 53 0 10 10331 13 14 60 17 11727 10610 4 888 1110 56 15 16 12 
61 9493 7 22 14804 12 6 8 14 17 15 53 17 16 13721 15915 8655 15 13 31 27 8655 3 3350 12 21 21 14 15 2792 10 7 15543 27 8 13 16 5 14 15 15 14 9 12 7 15887 9749 18 4467 5305 14443 17 9214 13 30 18 39 10 12638 11991 21 10 0 5 7818 23 14 19 10331 9 16 8376 7 13 22 4 8655 
62 25 9 2 9388 15 28 5 10 51 22 10 18 10 51 17 36 8 13 23 13 40 4 2 6 23 12564 16 40 2 32 8 14 9214 5 10110 11 29 8376 10880 36 9 10 9 4 13 32 11 22 5026 18 14 21 12 12285 61 15 6701 14 9104 16473 10331 5 0 4 7 47 16194 9 17 8 13 18 10 1 3 21 
63 6143 2 9 6 9 8 4 11 55 42 9104 17 28 15165 17 12 4 5305 10110 50 11 8097 3997 1998 6499 12277 7 12638 7 23 6422 10436 8305 3 45 14 8660 9326 10 14 8 3331 3553 3 6499 22 12 29 10 16 10 3350 15 12285 19 30 3109 65 32 16752 13 7818 4 0 6 44 15356 8 5 8660 14 13 15 2513 8 7 
64 48 4 32 16 15165 9 38 15915 40 25 16 20 14 22 78 12 22 47 18 20 23 9 12 5107 13721 21303 54 18 7 30 9772 64 69 7259 17693 19 10 11 19 25 26 3 4 4 31 16 18415 9 40 11915 37 10051 18 18149 22748 23470 5 22 27 22337 14 23 7 6 0 18 28 16 40 16 45 9770 26 8 8097 11168 
65 11 12 10214 17 7772 11 10889 4441 22 5773 2220 6 8 8 5 42 32 17 9548 6 26 16 13545 13 23 15 28 8 25 10 20 8 14 21 27 5 15 12213 1 10 9 29 15 15 14 10 6 15 10880 35 10 41 8 6 29 8882 14 10 4 6 60 14 47 44 18 0 2 7818 13 59 14211 58 16 11324 14 38 
66 10 21 13960 18 17 11546 12285 6422 12 24 4 4 17 13360 4188 13 18054 10 23 6701 13 67 23 70 26 14443 17 14 17 33 13402 5773 14 18 11554 6 28 25 2 6439 9 22 79 37 15526 19 43 12657 28 20 16 12 25 5 46 19 19 16248 4441 4188 17 19 16194 15356 28 2 0 10 12 30 28 15 5551 31 15077 10610 
67 3 8376 5026 9 2 8 5 3 6 6980 8 9 7 5026 7 7 8666 4 11 5026 20 10 12 13 27 12 6 3350 7539 5 9 20 6980 6 1396 4 12 10 7 7 4747 23 46 21 8666 7 7 7539 7 48 9214 4 10 20 6143 12 47 7 5 9 11727 10331 9 8 16 7818 10 0 3 10610 10889 22 6 6980 8 4 
68 2 7 2 14 2 6 6 11 22 31 9 10051 6 7 12 8 8 3 13 10 10 22 7 7539 13 41 3630 5 4747 17 2234 12006 7 13 3630 7 8 7818 38 9 5026 17 16 7259 9 13 5 5863 8 12 8935 11 5 8 17 51 9 30 15 14 10610 9 17 5 40 13 12 3 0 9 11 11 7539 3909 3630 1 
69 13 8 7 18 11 4 11 10214 15 27 13767 13545 13681 12 48 6 16 15 14655 20 5 3 7 9992 26 60 11727 11 5 32 13 16 50 12 16 11 1554 3 14 52 56 9 8 8 21 12 15 2443 19 18054 55 11168 25 47 18 21 43 9749 50 14 4 16 8 8660 16 59 30 10610 9 0 14 1998 51 34 6 19 
70 11 11 38 84 12277 4 13 20 13721 14 13989 12879 18 9749 22 3553 38 15 16 10 1332 25 10 52 31 33 25 10 18 10 9 34 17 25 51 11 5 2 14 14 15356 24 11324 13 43 9749 13360 4 6 22026 17 15 11554 14 13 37 17 27 26 12435 888 8376 13 14 45 14211 28 10889 11 14 0 2 53 12 31 13 
71 10889 9 8655 25 13 4 10610 10 18 14 13989 53 14240 12 13 4 18 12844 20 38 2443 4747 29 11769 92 16 12285 13 8 32 7259 17 27 11168 12999 11 3 2220 13767 15 30 11 9770 20 82 12 15 2887 7 82 19 25 15 23 13 72 16 9 13 17 1110 7 18 13 9770 58 15 22 11 1998 2 0 13 10 8 13 
72 5584 36 30 9 6 10 8 3997 7 1998 6 6 3 32 6 12 9749 9 6 13 24 13 21 18 11554 16 5 7 20 34 7550 3553 6 14 22 10 24 23 2887 4 6 11 14 9992 7 15 5329 10 9 11193 6 7 6 4441 8 7 12 20 4 9 56 13 10 15 26 16 5551 6 7539 51 53 13 0 7994 9 26 
73 7 6 3 8 8 10 4 19 25 39 9548 13681 31 26 13 39 19 7 10 15 11168 6 3 5 12 11 7 13 12 18 9 23 10 1396 20 13 8376 9493 11 10 29 9 17 7 9 8 10832 7 7 14 38 5 22 13 17 14 23 15 8438 32 15 22 1 2513 8 11324 31 6980 3909 34 12 10 7994 0 15 5026 
74 6 5026 2 45 6 5 5 8655 12 46 20 16 17 9 24 7 17 8 13123 20 7 9 5 10 14 55 9 14 2 6 7 14 13 4 7944 9214 5 5584 10 36 17 16 7 7 24 10 10 3071 2234 11915 13 6 9 10889 14 32 12 9 10 14798 16 4 3 8 8097 14 15077 8 3630 6 31 8 9 15 0 5 
75 1 26 4 7 6 6143 4 4 9 7 32 17 16 6 8097 7 14 3 10051 7 9 27 7539 17 24 9772 2513 8 6 4467 3071 11168 13 6 11 5 34 9 10 14 9 9 37 8376 15 4 4 6701 9 13 17 4 3909 6980 9 12285 10 7259 13 22 12 8655 21 7 11168 38 10610 4 1 19 13 13 26 5026 5 0 

;param cto[*,*]
: 0 1 2 3 4 5 6 7 8 9 10 11 12 13 14 15 16 17 18 19 20 21 22 23 24 25 26 27 28 29 30 31 32 33 34 35 36 37 38 39 40 41 42 43 44 45 46 47 48 49 50 51 52 53 54 55 56 57 58 59 60 61 62 63 64 65 66 67 68 69 70 71 72 73 74 75:=
0 0 46 44 45 39 42 43 44 40 42 42 43 40 42 43 43 41 39 48 42 44 43 43 43 48 44 39 41 42 41 40 44 42 41 40 41 44 44 42 42 40 44 44 43 41 40 44 42 41 43 43 40 40 42 43 45 44 43 45 45 46 44 42 42 46 43 48 39 39 44 49 45 41 41 41 38 
1 46 0 40 42 42 44 41 49 45 44 46 51 43 49 51 45 44 46 44 46 46 46 43 40 42 45 43 44 40 47 42 47 43 39 44 46 44 45 47 45 43 40 40 39 42 43 44 43 42 41 44 41 44 46 46 50 41 46 45 49 46 42 39 43 45 51 49 43 41 44 46 49 45 39 41 42 
2 44 40 0 46 40 41 43 43 42 44 49 46 42 46 45 42 41 41 45 44 44 40 41 42 44 45 45 41 40 41 43 47 47 40 41 43 42 42 45 44 46 42 42 42 42 40 45 41 40 42 44 40 45 44 44 47 43 43 44 47 44 41 43 41 43 46 47 41 39 46 44 43 44 39 39 40 
3 45 42 46 0 42 49 41 47 44 40 43 45 40 45 49 46 39 40 41 45 47 49 47 41 40 45 41 44 44 44 47 44 39 41 43 44 46 47 44 41 40 43 43 42 38 47 43 45 44 44 40 40 44 44 46 43 42 46 42 47 48 45 42 40 45 45 46 46 41 51 48 48 41 42 43 45 
4 39 42 40 42 0 41 40 40 40 43 43 43 41 41 43 41 42 40 45 42 43 42 43 48 45 45 40 40 42 40 43 46 43 45 39 45 42 46 43 43 42 44 48 44 46 39 39 41 40 44 48 41 43 42 42 47 49 42 42 45 44 43 42 46 45 44 45 39 43 47 44 44 46 42 40 39 
5 42 44 41 49 41 0 42 43 42 46 46 46 44 41 44 39 44 47 48 43 40 40 43 46 47 48 43 40 41 39 40 49 46 43 41 43 40 43 50 46 45 46 45 45 46 44 42 39 39 46 51 44 41 44 42 50 47 40 45 50 41 46 42 48 49 51 47 42 45 44 41 40 49 43 40 42 
6 43 41 43 41 40 42 0 42 42 42 44 48 41 43 44 47 40 40 44 44 45 42 42 42 43 44 40 42 41 41 40 49 45 39 41 43 47 44 44 42 41 46 42 46 45 41 41 42 41 42 43 39 42 43 44 45 43 44 42 46 46 47 40 44 44 45 46 40 39 44 45 45 42 40 40 39 
7 44 49 43 47 40 43 42 0 39 42 41 40 40 41 40 43 47 41 49 44 45 44 46 46 46 44 43 41 44 42 42 47 43 43 40 39 45 44 41 46 41 47 47 46 43 41 39 44 43 45 44 42 40 39 41 46 51 43 40 46 46 46 48 44 48 41 42 39 41 46 46 50 41 44 43 44 
8 40 45 42 44 40 42 42 39 0 44 42 45 41 40 40 46 48 42 46 39 47 44 46 46 46 45 40 44 48 45 42 45 44 44 39 39 44 43 46 43 42 47 47 46 44 40 42 43 42 46 45 42 39 44 40 47 47 41 42 46 45 46 44 45 48 42 43 40 41 49 45 45 42 44 43 41 
9 42 44 44 40 43 46 42 42 44 0 40 43 40 49 44 47 42 41 41 44 49 47 46 44 46 40 41 48 46 45 44 41 39 43 43 43 48 48 42 38 39 46 46 45 40 44 47 47 46 42 40 41 44 43 46 41 45 47 40 46 50 51 45 43 48 42 44 42 43 49 53 53 39 44 45 46 
10 42 46 49 43 43 46 44 41 42 40 0 40 40 48 42 46 44 42 44 43 48 47 47 46 45 42 41 44 47 45 45 40 42 45 43 42 52 47 39 40 41 48 48 51 42 48 42 47 46 45 42 43 43 41 44 43 47 46 43 43 50 49 50 45 49 40 45 42 48 49 49 49 39 46 46 43 
11 43 51 46 45 43 46 48 40 45 43 40 0 42 43 40 49 46 43 46 41 47 47 48 48 51 45 46 43 47 45 45 42 44 46 42 40 48 47 39 42 43 49 49 49 45 44 42 51 46 47 49 44 43 39 46 46 49 45 40 44 49 53 47 47 55 39 39 42 44 49 48 49 41 47 46 43 
12 40 43 42 40 41 44 41 40 41 40 40 42 0 47 43 45 41 39 42 43 46 45 45 44 43 42 39 42 48 43 46 42 40 42 41 41 50 49 41 43 39 45 45 44 40 42 45 45 44 42 45 40 42 41 44 43 45 45 43 44 48 46 43 42 51 42 43 40 41 47 47 47 43 43 43 40 
13 42 49 46 45 41 41 43 41 40 49 48 43 47 0 42 40 45 43 48 40 42 43 45 51 51 47 42 39 44 44 45 47 46 44 40 41 42 41 44 45 44 47 47 46 46 40 40 46 41 51 47 44 39 42 39 49 48 39 44 43 43 45 44 45 48 48 44 41 46 48 43 43 44 44 46 46 
14 43 51 45 49 43 44 44 40 40 44 42 40 43 42 0 44 46 43 47 43 46 46 48 48 48 50 46 46 47 47 44 44 45 46 41 39 46 49 41 44 47 49 49 48 45 43 41 49 45 47 46 44 41 39 41 47 49 43 42 40 47 48 46 47 50 41 40 42 44 47 47 47 46 50 46 43 
15 43 45 42 46 41 39 47 43 46 47 46 49 45 40 44 0 45 44 49 46 40 42 44 47 48 52 43 44 43 40 41 49 47 44 41 42 44 39 49 46 45 47 46 46 46 40 42 40 44 47 48 44 41 44 41 54 48 38 49 49 41 43 44 45 47 46 46 46 42 42 41 45 46 44 42 46 
16 41 44 41 39 42 44 40 47 48 42 44 46 41 45 46 45 0 40 42 45 51 44 42 40 44 43 46 44 46 47 42 45 41 39 43 44 45 46 45 42 41 42 42 41 40 43 43 44 43 39 41 39 44 45 50 44 45 46 43 48 47 44 41 39 43 46 47 42 41 49 47 50 43 40 42 41 
17 39 46 41 40 40 47 40 41 42 41 42 43 39 43 43 44 40 0 42 43 46 44 43 43 42 42 43 42 43 42 45 44 44 41 41 42 45 49 42 44 43 44 44 47 40 42 41 44 43 42 42 39 42 42 44 44 44 44 41 45 47 45 42 41 45 43 48 40 44 46 46 46 41 41 42 43 
18 48 44 45 41 45 48 44 49 46 41 44 46 42 48 47 49 42 42 0 47 50 51 50 43 40 44 48 51 46 47 46 43 44 43 46 46 49 49 45 42 42 45 49 44 40 46 46 48 47 45 39 42 46 46 48 40 47 49 43 53 51 48 45 43 51 46 47 48 44 50 55 51 42 48 46 44 
19 42 46 44 45 42 43 44 44 39 44 43 41 43 40 43 46 45 43 47 0 44 45 47 51 48 46 42 40 45 42 43 49 45 45 40 43 48 44 42 44 44 48 52 51 45 42 40 44 43 47 46 44 40 40 39 48 49 45 42 41 46 47 45 46 49 46 42 41 43 46 45 46 43 45 44 46 
20 44 46 44 47 43 40 45 45 47 49 48 47 46 42 46 40 51 46 50 44 0 42 45 48 49 50 45 42 43 41 42 51 48 45 43 48 40 39 48 52 47 47 51 47 48 42 43 44 41 52 50 46 46 46 43 52 49 40 47 51 40 43 44 50 47 48 52 44 44 41 39 40 48 45 46 48 
21 43 46 40 49 42 40 42 44 44 47 47 47 45 43 46 42 44 44 51 45 42 0 41 44 46 48 44 42 43 44 40 49 50 42 43 45 40 41 47 47 45 47 43 47 45 41 43 39 39 45 47 43 46 46 44 53 45 46 46 52 42 40 44 43 43 48 49 43 41 40 42 41 46 41 39 42 
22 43 43 41 47 43 43 42 46 46 46 47 48 45 45 48 44 42 43 50 47 45 41 0 42 44 51 48 44 39 43 42 49 45 41 44 46 43 44 48 46 44 44 40 40 44 43 45 42 42 43 49 42 48 47 50 48 42 49 47 50 45 40 39 41 40 49 50 44 42 42 45 44 46 40 40 43 
23 43 40 42 41 48 46 42 46 46 44 46 48 44 51 48 47 40 43 43 51 48 44 42 0 44 44 44 46 42 45 44 47 43 40 45 47 46 47 47 48 43 40 40 40 42 45 45 45 44 40 43 42 46 47 48 49 42 47 46 50 48 44 45 39 42 52 49 44 43 46 48 47 45 41 43 43 
24 48 42 44 40 45 47 43 46 46 46 45 51 43 51 48 48 44 42 40 48 49 46 44 44 0 42 44 46 45 46 49 45 41 42 49 46 48 48 46 43 42 42 43 42 40 46 46 47 46 39 40 42 46 47 49 43 45 49 44 53 50 46 44 41 45 47 48 45 44 48 50 49 44 43 49 44 
25 44 45 45 45 45 48 44 44 45 40 42 45 42 47 50 52 43 42 44 46 50 48 51 44 42 0 47 46 47 47 50 41 40 44 45 45 49 49 43 44 41 46 47 46 41 46 49 48 47 42 39 43 46 45 48 39 45 52 42 47 55 49 46 44 48 44 45 44 44 50 51 55 41 49 47 44 
26 39 43 45 41 40 43 40 43 40 41 41 46 39 42 46 43 46 43 48 42 45 44 48 44 44 47 0 41 43 42 41 43 41 42 43 40 45 44 41 41 40 45 45 44 41 41 40 44 42 47 43 40 40 41 42 45 45 43 40 44 46 45 43 46 46 42 43 39 40 45 46 46 40 46 42 39 
27 41 44 41 44 40 40 42 41 44 48 44 43 42 39 46 44 44 42 51 40 42 42 44 46 46 46 41 0 42 39 40 46 45 43 39 41 42 41 47 44 47 46 46 45 44 39 39 41 40 46 46 42 42 42 40 48 50 40 43 44 47 44 43 44 50 48 48 40 45 47 47 43 47 43 41 40 
28 42 40 40 44 42 41 41 44 48 46 47 47 48 44 47 43 46 43 46 45 43 43 39 42 45 47 43 42 0 41 40 49 45 40 43 45 45 42 47 46 44 42 41 41 44 41 43 40 40 47 46 42 43 46 49 48 43 43 46 48 47 40 39 41 42 48 52 43 41 45 44 42 46 40 43 45 
29 41 47 41 44 40 39 41 42 45 45 45 45 43 44 47 40 47 42 47 42 41 44 43 45 46 47 42 39 41 0 39 51 45 42 40 42 41 40 49 45 44 45 45 44 45 38 44 40 43 45 46 42 40 43 42 49 50 44 44 49 42 42 42 44 45 49 46 41 40 42 42 42 45 42 40 41 
30 40 42 43 47 43 40 40 42 42 44 45 45 46 45 44 41 42 45 46 43 42 40 42 44 49 50 41 40 40 39 0 51 44 45 40 42 41 41 45 44 43 44 43 43 43 39 41 40 39 44 45 41 41 44 43 48 44 42 44 46 43 42 40 42 44 46 46 41 39 42 43 42 44 41 39 40 
31 44 47 47 44 46 49 49 47 45 41 40 42 42 47 44 49 45 44 43 49 51 49 49 47 45 41 43 46 49 51 51 0 42 46 45 44 50 50 41 41 42 49 49 48 43 47 45 49 52 45 42 48 46 43 51 42 48 48 41 45 52 50 48 46 51 41 42 44 46 55 51 55 41 47 48 45 
32 42 43 47 39 43 46 45 43 44 39 42 44 40 46 45 47 41 44 44 45 48 50 45 43 41 40 41 45 45 45 44 42 0 46 43 48 47 47 47 40 39 48 45 44 39 44 43 46 45 41 39 40 44 44 46 41 47 51 41 47 49 47 44 42 46 44 49 42 46 48 49 49 40 43 44 42 
33 41 39 40 41 45 43 39 43 44 43 45 46 42 44 46 44 39 41 43 45 45 42 41 40 42 44 42 43 40 42 45 46 46 0 42 48 44 44 45 43 42 41 41 44 41 42 43 46 46 41 43 40 47 45 49 46 41 45 44 48 50 42 39 39 42 46 47 46 40 44 46 45 44 39 44 41 
34 40 44 41 43 39 41 41 40 39 43 43 42 41 40 41 41 43 41 46 40 43 43 44 45 49 45 43 39 43 40 40 45 43 42 0 40 43 42 42 43 46 46 46 45 43 40 38 42 41 45 45 42 38 41 41 47 46 41 42 43 45 48 43 43 47 43 44 39 40 44 44 44 42 43 42 40 
35 41 46 43 44 45 43 43 39 39 43 42 40 41 41 39 42 44 42 46 43 48 45 46 47 46 45 40 41 45 42 42 44 48 48 40 0 45 44 45 42 42 47 47 47 48 45 43 44 43 49 45 47 40 39 40 47 48 42 41 41 50 46 49 45 49 41 46 40 46 46 46 46 42 45 44 45 
36 44 44 42 46 42 40 47 45 44 48 52 48 50 42 46 44 45 45 49 48 40 40 43 46 48 49 45 42 45 41 41 50 47 44 43 45 0 39 48 48 50 45 49 45 51 41 44 39 40 47 49 45 43 46 44 55 51 41 47 52 40 45 42 45 45 49 49 44 47 39 40 39 47 43 45 43 
37 44 45 42 47 46 43 44 44 43 48 47 47 49 41 49 39 46 49 49 44 39 41 44 47 48 49 44 41 42 40 41 50 47 44 42 44 39 0 47 47 46 46 46 46 47 41 43 40 40 47 52 45 42 45 42 51 47 40 47 47 40 42 43 45 46 48 48 43 43 44 39 40 47 44 41 43 
38 42 47 45 44 43 50 44 41 46 42 39 39 41 44 41 49 45 42 45 42 48 47 48 47 46 43 41 47 47 49 45 41 47 45 42 45 48 47 0 41 42 49 49 48 43 44 42 47 46 46 44 44 43 40 44 44 48 45 39 42 49 49 47 50 50 39 44 46 44 53 53 49 40 46 50 43 
39 42 45 44 41 43 46 42 46 43 38 40 42 43 45 44 46 42 44 42 44 52 47 46 48 43 44 41 44 46 45 44 41 40 43 43 42 48 47 41 0 43 46 46 46 40 44 43 47 45 43 40 42 44 42 49 46 45 46 40 45 49 47 45 43 48 42 43 42 43 48 53 49 39 44 45 42 
40 40 43 46 40 42 45 41 41 42 39 41 43 39 44 47 45 41 43 42 44 47 45 44 43 42 41 40 47 44 44 43 42 39 42 46 42 50 46 42 43 0 44 45 44 39 43 42 45 48 42 41 40 42 42 45 43 44 45 40 45 48 46 43 42 46 43 48 41 41 47 48 47 40 42 43 41 
41 44 40 42 43 44 46 46 47 47 46 48 49 45 47 49 47 42 44 45 48 47 47 44 40 42 46 45 46 42 45 44 49 48 41 46 47 45 46 49 46 44 0 42 38 44 49 46 45 44 42 45 43 46 52 49 47 40 47 51 51 47 42 41 40 44 49 51 45 43 49 47 50 50 41 43 48 
42 44 40 42 43 48 45 42 47 47 46 48 49 45 47 49 46 42 44 49 52 51 43 40 40 43 47 45 46 41 45 43 49 45 41 46 47 49 46 49 46 45 42 0 42 44 48 46 44 44 42 45 43 46 48 52 48 40 47 47 51 47 42 41 41 39 53 51 45 43 48 47 46 47 40 46 44 
43 43 39 42 42 44 45 46 46 46 45 51 49 44 46 48 46 41 47 44 51 47 47 40 40 42 46 44 45 41 44 43 48 44 44 45 47 45 46 48 46 44 38 42 0 43 44 49 48 44 45 48 42 45 47 48 47 40 47 46 54 47 42 44 40 40 49 50 44 42 48 47 46 46 40 42 43 
44 41 42 42 38 46 46 45 43 44 40 42 45 40 46 45 46 40 40 40 45 48 45 44 42 40 41 41 44 44 45 43 43 39 41 43 48 51 47 43 40 39 44 44 43 0 48 47 46 45 40 43 40 44 48 46 42 43 46 42 47 49 46 43 41 46 44 46 42 42 47 49 48 41 46 44 42 
45 40 43 40 47 39 44 41 41 40 44 48 44 42 40 43 40 43 42 46 42 42 41 43 45 46 46 41 39 41 38 39 47 44 42 40 45 41 41 44 44 43 49 48 44 48 0 40 44 39 45 46 42 39 43 41 48 46 40 43 45 43 43 42 43 49 45 45 40 40 42 43 42 44 46 40 40 
46 44 44 45 43 39 42 41 39 42 47 42 42 45 40 41 42 43 41 46 40 43 43 45 45 46 49 40 39 43 44 41 45 43 43 38 43 44 43 42 43 42 46 46 49 47 40 0 43 42 45 45 42 39 40 41 47 46 41 42 47 49 45 47 48 47 47 43 39 40 45 44 44 42 43 42 40 
47 42 43 41 45 41 39 42 44 43 47 47 51 45 46 49 40 44 44 48 44 44 39 42 45 47 48 44 41 40 40 40 49 46 46 42 44 39 40 47 47 45 45 44 48 46 44 43 0 39 46 47 43 46 49 43 50 50 41 46 51 41 41 41 44 44 48 48 43 42 40 41 40 50 42 40 42 
48 41 42 40 44 40 39 41 43 42 46 46 46 44 41 45 44 43 43 47 43 41 39 42 44 46 47 42 40 40 43 39 52 45 46 41 43 40 40 46 45 48 44 44 44 45 39 42 39 0 45 46 42 41 44 46 49 45 41 45 46 46 41 41 43 44 47 47 42 40 41 46 41 49 42 39 41 
49 43 41 42 44 44 46 42 45 46 42 45 47 42 51 47 47 39 42 45 47 52 45 43 40 39 42 47 46 47 45 44 45 41 41 45 49 47 47 46 43 42 42 42 45 40 45 45 46 45 0 41 41 45 46 48 44 44 47 44 49 49 45 42 40 44 47 52 44 42 47 49 48 43 41 44 43 
50 43 44 44 40 48 51 43 44 45 40 42 49 45 47 46 48 41 42 39 46 50 47 49 43 40 39 43 46 46 46 45 42 39 43 45 45 49 52 44 40 41 45 45 48 43 46 45 47 46 41 0 42 49 45 51 44 44 52 42 48 51 47 45 42 47 44 49 44 44 49 50 50 41 44 46 43 
51 40 41 40 40 41 44 39 42 42 41 43 44 40 44 44 44 39 39 42 44 46 43 42 42 42 43 40 42 42 42 41 48 40 40 42 47 45 45 44 42 40 43 43 42 40 42 42 43 42 41 42 0 42 43 45 44 42 48 42 46 50 44 41 40 44 44 49 44 40 45 46 46 42 40 45 40 
52 40 44 45 44 43 41 42 40 39 44 43 43 42 39 41 41 44 42 46 40 46 46 48 46 46 46 40 42 43 40 41 46 44 47 38 40 43 42 43 44 42 46 46 45 44 39 39 46 41 45 49 42 0 41 40 47 47 40 42 43 44 48 43 44 51 44 44 39 41 44 44 44 47 43 42 40 
53 42 46 44 44 42 44 43 39 44 43 41 39 41 42 39 44 45 42 46 40 46 46 47 47 47 45 41 42 46 43 44 43 44 45 41 39 46 45 40 42 42 52 48 47 48 43 40 49 44 46 45 43 41 0 41 46 48 43 44 41 51 47 46 46 49 40 40 41 47 47 47 47 41 46 45 42 
54 43 46 44 46 42 42 44 41 40 46 44 46 44 39 41 41 50 44 48 39 43 44 50 48 49 48 42 40 49 42 43 51 46 49 41 40 44 42 44 49 45 49 52 48 46 41 41 43 46 48 51 45 40 41 0 53 53 40 44 46 44 46 45 46 49 44 44 42 43 45 44 48 48 46 44 43 
55 45 50 47 43 47 50 45 46 47 41 43 46 43 49 47 54 44 44 40 48 52 53 48 49 43 39 45 48 48 49 48 42 41 46 47 47 55 51 44 46 43 47 48 47 42 48 47 50 49 44 44 44 47 46 53 0 50 50 43 49 53 50 51 45 49 45 46 49 46 52 53 52 42 50 48 46 
56 44 41 43 42 49 47 43 51 47 45 47 49 45 48 49 48 45 44 47 49 49 45 42 42 45 45 45 50 43 50 44 48 47 41 46 48 51 47 48 45 44 40 40 40 43 46 46 50 45 44 44 42 47 48 53 50 0 48 46 51 49 48 42 40 42 53 54 45 47 46 49 48 46 42 44 48 
57 43 46 43 46 42 40 44 43 41 47 46 45 45 39 43 38 46 44 49 45 40 46 49 47 49 52 43 40 43 44 42 48 51 45 41 42 41 40 45 46 45 47 47 47 46 40 41 41 41 47 52 48 40 43 40 50 48 0 45 44 46 44 44 46 47 50 46 46 43 43 41 42 46 45 46 42 
58 45 45 44 42 42 45 42 40 42 40 43 40 43 44 42 49 43 41 43 42 47 46 47 46 44 42 40 43 46 44 44 41 41 44 42 41 47 47 39 40 40 51 47 46 42 43 42 46 45 44 42 42 42 44 44 43 46 45 0 47 49 47 45 44 49 40 41 45 43 48 48 52 39 45 45 42 
59 45 49 47 47 45 50 46 46 46 46 43 44 44 43 40 49 48 45 53 41 51 52 50 50 53 47 44 44 48 49 46 45 47 48 43 41 52 47 42 45 45 51 51 54 47 45 47 51 46 49 48 46 43 41 46 49 51 44 47 0 49 50 48 49 52 41 40 48 46 53 48 49 44 48 47 45 
60 46 46 44 48 44 41 46 46 45 50 50 49 48 43 47 41 47 47 51 46 40 42 45 48 50 55 46 47 47 42 43 52 49 50 45 50 40 40 49 49 48 47 47 47 49 43 49 41 46 49 51 50 44 51 44 53 49 46 49 49 0 43 44 47 47 50 50 45 45 40 38 39 49 45 43 45 
61 44 42 41 45 43 46 47 46 46 51 49 53 46 45 48 43 44 45 48 47 43 40 40 44 46 49 45 44 40 42 42 50 47 42 48 46 45 42 49 47 46 42 42 42 46 43 45 41 41 45 47 44 48 47 46 50 48 44 47 50 43 0 40 43 42 53 54 44 43 40 43 42 47 41 40 43 
62 42 39 43 42 42 42 40 48 44 45 50 47 43 44 46 44 41 42 45 45 44 44 39 45 44 46 43 43 39 42 40 48 44 39 43 49 42 43 47 45 43 41 41 44 43 42 47 41 41 42 45 41 43 46 45 51 42 44 45 48 44 40 0 44 42 47 48 42 40 42 44 44 45 42 43 41 
63 42 43 41 40 46 48 44 44 45 43 45 47 42 45 47 45 39 41 43 46 50 43 41 39 41 44 46 44 41 44 42 46 42 39 43 45 45 45 50 43 42 40 41 40 41 43 48 44 43 40 42 40 44 46 46 45 40 46 44 49 47 43 44 0 46 47 48 46 45 45 47 46 44 39 42 42 
64 46 45 43 45 45 49 44 48 48 48 49 55 51 48 50 47 43 45 51 49 47 43 40 42 45 48 46 50 42 45 44 51 46 42 47 49 45 46 50 48 46 44 39 40 46 49 47 44 44 44 47 44 51 49 49 49 42 47 49 52 47 42 42 46 0 51 52 46 44 44 47 46 48 42 43 45 
65 43 51 46 45 44 51 45 41 42 42 40 39 42 48 41 46 46 43 46 46 48 48 49 52 47 44 42 48 48 49 46 41 44 46 43 41 49 48 39 42 43 49 53 49 44 45 47 48 47 47 44 44 44 40 44 45 53 50 40 41 50 53 47 47 51 0 39 43 45 50 49 49 41 47 47 44 
66 48 49 47 46 45 47 46 42 43 44 45 39 43 44 40 46 47 48 47 42 52 49 50 49 48 45 43 48 52 46 46 42 49 47 44 46 49 48 44 43 48 51 51 50 46 45 43 48 47 52 49 49 44 40 44 46 54 46 41 40 50 54 48 48 52 39 0 44 49 50 49 54 42 48 47 45 
67 39 43 41 46 39 42 40 39 40 42 42 42 40 41 42 46 42 40 48 41 44 43 44 44 45 44 39 40 43 41 41 44 42 46 39 40 44 43 46 42 41 45 45 44 42 40 39 43 42 44 44 44 39 41 42 49 45 46 45 48 45 44 42 46 46 43 44 0 40 45 45 45 45 42 42 39 
68 39 41 39 41 43 45 39 41 41 43 48 44 41 46 44 42 41 44 44 43 44 41 42 43 44 44 40 45 41 40 39 46 46 40 40 46 47 43 44 43 41 43 43 42 42 40 40 42 40 42 44 40 41 47 43 46 47 43 43 46 45 43 40 45 44 45 49 40 0 47 44 44 43 40 40 38 
69 44 44 46 51 47 44 44 46 49 49 49 49 47 48 47 42 49 46 50 46 41 40 42 46 48 50 45 47 45 42 42 55 48 44 44 46 39 44 53 48 47 49 48 48 47 42 45 40 41 47 49 45 44 47 45 52 46 43 48 53 40 40 42 45 44 50 50 45 47 0 41 39 48 43 41 44 
70 49 46 44 48 44 41 45 46 45 53 49 48 47 43 47 41 47 46 55 45 39 42 45 48 50 51 46 47 44 42 43 51 49 46 44 46 40 39 53 53 48 47 47 47 49 43 44 41 46 49 50 46 44 47 44 53 49 41 48 48 38 43 44 47 47 49 49 45 44 41 0 43 49 49 43 45 
71 45 49 43 48 44 40 45 50 45 53 49 49 47 43 47 45 50 46 51 46 40 41 44 47 49 55 46 43 42 42 42 55 49 45 44 46 39 40 49 49 47 50 46 46 48 42 44 40 41 48 50 46 44 47 48 52 48 42 52 49 39 42 44 46 46 49 54 45 44 39 43 0 52 48 42 44 
72 41 45 44 41 46 49 42 41 42 39 39 41 43 44 46 46 43 41 42 43 48 46 46 45 44 41 40 47 46 45 44 41 40 44 42 42 47 47 40 39 40 50 47 46 41 44 42 50 49 43 41 42 47 41 48 42 46 46 39 44 49 47 45 44 48 41 42 45 43 48 49 52 0 44 49 42 
73 41 39 39 42 42 43 40 44 44 44 46 47 43 44 50 44 40 41 48 45 45 41 40 41 43 49 46 43 40 42 41 47 43 39 43 45 43 44 46 44 42 41 40 40 46 46 43 42 42 41 44 40 43 46 46 50 42 45 45 48 45 41 42 39 42 47 48 42 40 43 49 48 44 0 40 41 
74 41 41 39 43 40 40 40 43 43 45 46 46 43 46 46 42 42 42 46 44 46 39 40 43 49 47 42 41 43 40 39 48 44 44 42 44 45 41 50 45 43 43 46 42 44 40 42 40 39 44 46 45 42 45 44 48 44 46 45 47 43 40 43 42 43 47 47 42 40 41 43 42 49 40 0 45 
75 38 42 40 45 39 42 39 44 41 46 43 43 40 46 43 46 41 43 44 46 48 42 43 43 44 44 39 40 45 41 40 45 42 41 40 45 43 43 43 42 41 48 44 43 42 40 40 42 41 43 43 40 40 42 43 46 48 42 42 45 45 43 41 42 45 44 45 39 38 44 45 44 42 41 45 0 

;param d[*,*]
: 0 1 2 3 4 5 6 7 8 9 10 11 12 13 14 15 16 17 18 19 20 21 22 23 24 25 26 27 28 29 30 31 32 33 34 35 36 37 38 39 40 41 42 43 44 45 46 47 48 49 50 51 52 53 54 55 56 57 58 59 60 61 62 63 64 65 66 67 68 69 70 71 72 73 74 75:=
0 0.0 0 0 0 0.27 0.42 0 0 1.41 0.38 1.6 0.48 0.47 2.07 0.45 2.54 0.74 0.75 0 0 0.6 2.54 1.17 0.52 0 2.03 0 0.99 2.26 0 0.23 1.45 0.86 1.6 0.39 1.69 3.11 3.01 1.6 0.37 0.86 1.41 3.39 0.52 0.33 0 0 0 1.23 0.47 0 0.18 0.23 2.07 1.66 0.7 0 1.72 0 0.63 0 3.2 1.36 2.07 2.65 0.52 0 0.2 0.12 0.62 0 3.67 1.88 0.33 0 0 
1 0 0.0 0.23 2.91 1.02 0 0.63 0 5.07 1.45 0 0 1.91 0 0 0 0 0 0.6 4.42 0 0 0 0.47 1.54 5.32 2.82 1.37 0.23 0 0 0 1.21 0.75 4.18 0 2.09 2.34 0.83 0 2.73 0.18 0 0.37 3.29 0.48 3.29 1.72 1.02 2.28 2.09 1.11 4.43 0.8 1.88 0 0 1.68 0.7 2.46 2.77 0.35 0.49 0 0 0 1.02 2.82 0.32 0 0 0 1.56 0.31 1.69 1.42 
2 0 0.23 0.0 0 1.52 0 0 2.54 1.02 3.2 0 1.68 2.35 0 1.56 1.6 2.28 0.7 0 1.33 3.01 0.25 1.51 0.98 4.18 0 0 2.53 0.62 1.51 0 0 0 0.94 1.17 2.82 0.4 0.43 2.53 0 0 0.42 1.48 0 2.45 1.77 0 1.05 0.51 1.6 0 0 0 0.6 3.2 0.85 2.82 3.67 0.57 4.71 1.37 1.23 0 0.63 1.79 2.83 4.71 1.69 0.12 0 2.09 2.92 1.33 0.15 0 0.18 
3 0 2.91 0 0.0 0.43 0 0.63 0 4.31 0.86 3.55 2.4 1.41 0.7 0 4.33 0.55 1.52 2.03 2.53 2.11 0 0 0.32 0.55 0 2.53 4.43 4.05 4.56 0 1.97 0.75 1.51 2.73 2.09 6.08 1.92 1.29 0.28 0.17 1.13 2.92 3.29 0.38 0 1.17 3.86 1.41 0 1.52 0.62 4.18 1.41 5.83 2.54 2.35 1.84 1.48 3.2 3.63 5.19 3.29 0.25 0.67 1.49 0.75 0 1.23 0 5.46 2.15 0.78 0.35 2.92 0 
4 0.27 1.02 1.52 0.43 0.0 0.7 0.2 1.9 0.23 2.82 0 1.21 1.69 0.28 2.54 0.78 2.26 0.59 5.19 0.82 3.67 1.36 3.67 0 1.49 1.56 1.04 1.27 2.66 1.39 0 2.65 0.48 0 0.89 0 1.02 0 1.91 1.79 1.29 4.69 0 2.03 0 0.12 0.15 1.23 1.32 2.03 0 1.51 0 1.48 0.37 0.82 0 1.29 0.98 4.81 4.56 0.5 1.29 0 5.32 2.16 1.49 0.12 0 0 4.31 0.55 0 0.35 0.25 0.31 
5 0.42 0 0 0 0.7 0.0 2.45 0.5 2.35 1.88 2.96 0 3.39 0.63 0 0 4.69 0 0 0 0.74 1.22 1.79 0.73 3.26 0 1.13 0.23 1.23 0.56 1.22 0 1.8 2.82 1.23 0 0.39 0 0 0 3.67 1.68 2.46 0.65 1.72 0 0.37 0 0.66 1.8 0 0.53 0.7 0 3.04 1.12 3.02 1.52 1.64 0 0.3 0 1.54 0 0 0 3.2 0.4 0 0 0 0 0 0.47 0 2.07 
6 0 0.63 0 0.63 0.2 2.45 0.0 0 0.94 1.54 3.01 0 1.05 0 3.48 0 0.47 0.39 1.25 1.25 0 0.38 0 2.07 0.45 0 0.23 0.37 0.3 1.88 1.13 0 0 0.75 0.7 0.45 0 3.11 0.57 1.02 0.63 0 2.45 0 0 0.66 0 2.35 1.79 2.66 2.63 0.56 0 1.21 0 0.7 2.63 1.25 0.43 0.78 0 0 0.23 0 2.09 3.67 4.14 0.23 0.31 0 0 3.58 0 0.18 0 0.27 
7 0 0 2.54 0 1.9 0.5 0 0.0 0.89 3.17 0.7 0.92 0 0.74 0 1.72 0 0.7 0 0 2.4 2.28 4.14 4.14 0.72 0.58 0 1.51 2.28 0.94 2.35 0 2.63 1.91 0.17 0.31 2.46 2.22 0.27 0 1.88 0.83 0 0 3.67 0.78 0.13 2.16 1.79 3.67 2.16 2.16 1.13 0.49 2.41 2.71 0 3.42 0 0 2.96 0 0 0 5.36 1.23 2.16 0.15 0.78 2.83 0.73 0 1.11 1.33 2.92 0 
8 1.41 5.07 1.02 4.31 0.23 2.35 0.94 0.89 0.0 1.97 0 0 0.78 0.47 0.8 0 0 0.37 1.84 0.66 0 0.55 2.65 5.95 0.8 3.95 0.86 0 0 0 2.79 0 4.18 2.03 0.66 0.47 1.37 1.17 0 1.79 0.98 1.99 3.08 2.83 1.33 1.41 0 3.8 3.17 0.72 2.53 2.45 0.89 0 0.74 1.99 6.59 1.23 0 0 5.19 0.72 3.29 3.58 3.45 0.98 1.06 0.39 1.23 0 4.81 1.56 0 2.16 0.48 0.66 
9 0.38 1.45 3.2 0.86 2.82 1.88 1.54 3.17 1.97 0.0 0 1.13 0 0 4.56 0.83 2.16 1.51 0.66 4.69 0 0.82 5.83 1.33 0 0.39 1.79 0 0.72 5.32 0.62 1.05 0.89 1.85 1.85 0.5 0 3.39 1.36 0.25 0.85 4.14 0.77 1.6 1.52 4.69 0 0 1.68 3.17 0.68 0.78 0.58 2.73 0.73 0.74 1.52 1.96 0 5.57 0 0 1.52 2.73 2.15 1.6 2.03 2.35 1.72 1.0 0 0 0.55 2.16 2.53 0 
10 1.6 0 0 3.55 0 2.96 3.01 0.7 0 0 0.0 0 1.41 0 0 0.78 1.37 0.38 0.53 1.72 0.97 0.89 3.33 2.9 5.07 0.38 0 0 3.08 1.6 1.56 0 1.36 1.52 0 0 0 2.11 0.43 0.68 0 0.94 0.95 0 1.6 0 0 0 0 0.65 0.43 2.73 1.21 1.05 1.41 0 3.26 2.83 0 0 1.1 2.35 0 2.53 0 0.62 0 0.4 0 3.82 3.88 3.88 0.27 2.65 0.77 1.79 
11 0.48 0 1.68 2.4 1.21 0 0 0.92 0 1.13 0 0.0 0.4 1.17 0.17 0 5.57 0 5.83 1.11 3.2 0 5.55 2.23 0 1.49 0 1.21 3.2 0.65 3.76 0.43 3.29 4.33 3.17 1.41 0 0 0 0.98 1.13 1.07 1.07 2.35 3.58 4.43 0.9 0 0 4.71 0 3.39 1.66 0 0 4.23 3.88 4.94 0 0 2.39 0 0.85 0.82 0 0.27 0.27 0.42 3.39 3.76 3.57 2.35 0 4.61 0.78 1.21 
12 0.47 1.91 2.35 1.41 1.69 3.39 1.05 0 0.78 0 1.41 0.4 0.0 0 1.66 2.34 1.88 0.27 2.45 1.06 0 2.4 0 0 3.67 2.07 0.27 2.45 0 2.82 0 0.42 0.22 0.9 1.11 0.78 0 0 0.74 0 0 2.53 2.59 3.48 0.55 0.98 0 3.67 0 0.43 0 0.51 0 1.88 3.11 2.92 0.63 2.34 0 2.28 2.15 0.75 0 1.54 0 0.4 1.17 0.51 0 4.61 0.89 4.8 0 1.72 1.21 0.86 
13 2.07 0 0 0.7 0.28 0.63 0 0.74 0.47 0 0 1.17 0 0.0 2.79 1.39 5.19 0 3.51 1.22 1.29 1.72 2.59 0 0 3.26 2.16 0.89 3.11 0 0 3.14 0.72 1.41 0.51 0.63 1.6 1.88 0.57 0 3.29 3.26 1.99 4.52 4.05 1.22 0.22 0 1.79 0 3.14 0 0.13 0.38 0.89 7.86 7.1 0.13 0 3.8 0.52 4.81 3.29 5.32 0.92 0 4.69 1.69 0 0 3.42 0.5 1.41 2.22 0 0 
14 0.45 0 1.56 0 2.54 0 3.48 0 0.8 4.56 0 0.17 1.66 2.79 0.0 2.03 4.33 0.52 6.72 0 0 4.42 5.27 0.97 5.27 0 0 0 3.02 0 0 2.22 3.76 4.23 2.53 0.55 2.9 0 0 0 0 1.07 3.88 3.63 3.86 3.67 2.28 0 0.63 0.89 2.9 0.62 1.23 0.27 2.03 2.07 1.07 2.82 1.36 0 2.07 5.36 0.8 0.82 4.31 0 1.41 0 0.55 2.11 0.82 0 0 0 1.68 2.73 
15 2.54 0 1.6 4.33 0.78 0 0 1.72 0 0.83 0.78 0 2.34 1.39 2.03 0.0 1.64 0.58 1.02 0 0.62 0 0 0.85 3.57 0 2.82 0 0.47 0.17 1.79 0 3.02 1.41 2.53 1.6 0 0 0 1.88 0.68 3.08 1.88 2.83 4.42 1.65 1.98 0.92 0 4.8 3.45 1.41 0.99 0 0.28 0 0 0.51 0 0 0.78 2.92 1.97 0 0 1.84 0 0 0 0 0.99 0 0 2.16 0 0 
16 0.74 0 2.28 0.55 2.26 4.69 0.47 0 0 2.16 1.37 5.57 1.88 5.19 4.33 1.64 0.0 1.77 2.16 5.32 0 4.05 0.9 0.2 0 2.63 0 4.31 0 0 3.04 3.86 1.6 0.75 3.67 3.39 2.59 2.71 3.67 0.42 0.27 0.35 0.86 2.15 0.2 2.73 1.85 1.37 3.8 0.55 2.53 0.75 4.18 3.67 0 2.16 0 4.14 2.82 0.94 3.26 1.29 0.7 0.37 1.91 2.71 6.33 3.04 0.66 0 3.26 0 3.42 1.22 1.48 1.17 
17 0.75 0 0.7 1.52 0.59 0 0.39 0.7 0.37 1.51 0.38 0 0.27 0 0.52 0.58 1.77 0.0 2.45 0.48 0 0 1.91 0 3.29 2.35 0 0 1.09 0.43 0 1.25 0 0 0.28 2.07 0.65 0 2.45 0 0 0.57 3.2 0 0.2 0 1.11 1.29 0 1.98 1.98 0.1 0.82 1.54 2.09 1.33 3.11 0 0.66 0 1.96 0.63 0.94 1.79 2.59 1.21 0 0.2 0 0.72 0 4.33 0.63 0.33 0 0 
18 0 0.6 0 2.03 5.19 0 1.25 0 1.84 0.66 0.53 5.83 2.45 3.51 6.72 1.02 2.16 2.45 0.0 4.99 4.31 0 0 3.55 1.22 0 0 0 2.9 4.89 4.23 1.79 0 1.21 2.71 1.8 2.5 0 0 0 1.29 4.94 0 0.62 1.77 6.08 0.73 2.23 0.87 0 0.37 1.6 1.88 2.83 7.48 0.55 0 7.98 0.52 0 4.62 2.19 1.6 3.55 0 2.65 1.96 0 0.62 4.07 0 0 0 0 4.42 3.39 
19 0 4.42 1.33 2.53 0.82 0 1.25 0 0.66 4.69 1.72 1.11 1.06 1.22 0 0 5.32 0.48 4.99 0.0 0 2.4 0 0 6.97 2.9 0.82 1.9 0 1.48 0 0 0.67 1.56 0.23 0 0 0 0.9 0 1.97 0 0 0 5.19 0.82 0.47 1.37 1.85 0.83 0.78 0 0.2 0.68 0.49 3.45 5.65 0 1.54 0.28 0.73 1.92 0 2.77 0 0 2.26 1.69 0.47 0.75 0 1.68 0.48 0.7 1.37 0 
20 0.6 0 3.01 2.11 3.67 0.74 0 2.4 0 0 0.97 3.2 0 1.29 0 0.62 0 0 4.31 0 0.0 1.36 0 3.45 2.54 4.31 3.76 2.79 1.91 1.11 0 1.19 3.57 1.64 2.82 0 0 0.23 2.15 0 3.08 0.9 0 3.08 2.19 0.37 1.91 0 0.32 0 0 0 0 2.71 1.06 1.32 0 1.22 0 0 0.39 2.92 2.22 0 0.85 0.97 0 1.37 0 0 0.37 0.68 0.92 3.76 0 0 
21 2.54 0 0.25 0 1.36 1.22 0.38 2.28 0.55 0.82 0.89 0 2.4 1.72 4.42 0 4.05 0 0 2.4 1.36 0.0 0.3 0.6 0.78 2.23 2.03 2.16 0 0 0 0 0 2.26 3.42 3.58 0.17 0 3.26 3.02 0 0 0 0 1.6 0.7 2.73 0.23 0.31 1.56 1.99 2.82 0 1.76 0.6 0 3.67 0 1.84 0 0 0 0 2.73 0 0 3.7 0.48 1.23 0 1.36 1.6 0 0 0.49 1.48 
22 1.17 0 1.51 0 3.67 1.79 0 4.14 2.65 5.83 3.33 5.55 0 2.59 5.27 0 0.9 1.91 0 0 0 0.3 0.0 1.29 0.58 0 0 4.43 0 1.79 1.98 1.05 3.76 0.27 3.39 0.78 0 1.33 0 0 2.28 0 0.18 0.18 1.37 1.79 1.49 0.94 2.16 0.47 0 1.6 0 2.03 0 2.31 1.42 0 0 4.13 2.4 1.13 0 1.11 0.51 3.76 1.1 0.57 0 0 0 1.29 0.78 0 0 2.54 
23 0.52 0.47 0.98 0.32 0 0.73 2.07 4.14 5.95 1.33 2.9 2.23 0 0 0.97 0.85 0.2 0 3.55 0 3.45 0.6 1.29 0.0 0 2.22 0 5.57 0.43 5.19 3.01 3.2 1.66 0 3.76 4.61 0 0 0.87 0 0 0.43 0.55 0.17 2.07 4.94 5.32 2.53 2.28 1.27 2.63 1.98 4.14 4.89 2.23 0 0 0.9 2.65 2.7 0.97 0.55 0 0.55 1.42 0 3.88 0.6 2.54 2.77 2.27 3.26 0.67 0 0.5 1.17 
24 0 1.54 4.18 0.55 1.49 3.26 0.45 0.72 0.8 0 5.07 0 3.67 0 5.27 3.57 0 3.29 1.22 6.97 2.54 0.78 0.58 0 0.0 0.38 2.09 6.08 4.81 1.88 0 1.56 0.7 0.9 0 6.08 3.51 3.63 5.83 1.72 2.26 1.02 2.82 2.35 0.23 2.71 5.57 4.8 0.77 0.89 1.9 1.36 5.95 1.96 1.0 1.06 0 3.7 1.45 0 2.7 1.84 1.97 2.28 4.81 1.96 2.23 2.34 0.53 2.27 2.66 6.02 4.05 1.06 0 2.03 
25 2.03 5.32 0 0 1.56 0 0 0.58 3.95 0.39 0.38 1.49 2.07 3.26 0 0 2.63 2.35 0 2.9 4.31 2.23 0 2.22 0.38 0.0 0 0.8 0 6.46 0 0.3 0.47 1.41 5.07 2.46 0 4.0 0 0 1.79 2.9 0.83 0.75 0.63 1.84 0 0 4.99 3.29 0.13 1.66 5.7 2.34 3.39 0.85 3.76 0 0.9 2.07 0 1.02 4.23 4.31 7.48 0.55 5.07 0.58 2.28 2.66 1.24 0 0.7 0 3.02 3.29 
26 0 2.82 0 2.53 1.04 1.13 0.23 0 0.86 1.79 0 0 0.27 2.16 0 2.82 0 0 0 0.82 3.76 2.03 0 0 2.09 0 0.0 0.3 2.82 1.36 1.88 0.52 0 0.86 0 0.86 0.63 2.22 1.23 1.05 1.04 0.68 1.6 3.39 2.53 1.69 0.39 3.01 0.98 0 2.54 0 0.59 1.05 2.45 0.65 3.76 2.82 1.32 0 1.84 0.67 1.09 0 2.96 1.54 1.17 0.31 1.22 3.95 1.76 4.14 0.25 0 0.43 0.85 
27 0.99 1.37 2.53 4.43 1.27 0.23 0.37 1.51 0 0 0 1.21 2.45 0.89 0 0 4.31 0 0 1.9 2.79 2.16 4.43 5.57 6.08 0.8 0.3 0.0 3.29 1.01 0.55 2.96 1.49 1.13 0.89 0.99 3.04 2.41 0 1.41 0 0.77 0.73 1.6 2.22 0.76 0.49 2.41 1.32 2.65 1.76 0.43 0 2.91 1.22 3.51 0 0.2 0.5 1.29 0 1.29 2.63 4.43 0 0 0 1.13 0 0 0 1.13 0 1.13 1.23 0.59 
28 2.26 0.23 0.62 4.05 2.66 1.23 0.3 2.28 0 0.72 3.08 3.2 0 3.11 3.02 0.47 0 1.09 2.9 0 1.91 0 0 0.43 4.81 0 2.82 3.29 0.0 1.79 0.47 3.7 0 0.25 0.47 2.4 0 0 0 0 0 0 0 0.32 4.31 1.88 3.8 0.59 0.8 0 2.71 2.16 3.67 0.75 0 0 2.82 3.93 0 0 0 0.94 0.1 0.33 0 0.94 0 2.54 1.6 0 1.25 0 0.73 0.68 0 0 
29 0 0 1.51 4.56 1.39 0.56 1.88 0.94 0 5.32 1.6 0.65 2.82 0 0 0.17 0 0.43 4.89 1.48 1.11 0 1.79 5.19 1.88 6.46 1.36 1.01 1.79 0.0 0.85 0 2.46 0.43 1.32 3.04 0.27 0.22 0 0 1.25 3.86 1.49 3.39 0.63 0.51 0 1.04 0 3.86 4.42 1.6 1.52 1.21 1.98 7.6 0 0 0 0 2.35 0.42 2.07 1.97 2.59 0 2.83 0 0.92 2.07 0.86 2.07 1.49 1.54 0.51 1.51 
30 0.23 0 0 0 0 1.22 1.13 2.35 2.79 0.62 1.56 3.76 0 0 0 1.79 3.04 0 4.23 0 0 0 1.98 3.01 0 0 1.88 0.55 0.47 0.85 0.0 0 2.09 0 1.41 1.6 1.17 0.78 0.67 1.41 0 0 1.17 0 2.92 0.31 0.28 0.51 0.43 1.29 1.6 0 0.99 1.29 1.72 0.92 2.28 2.07 1.33 4.33 0.5 0 0.55 2.16 3.29 0.73 4.52 0.63 0.75 0.9 0 2.45 2.09 0.63 0.37 1.04 
31 1.45 0 0 1.97 2.65 0 0 0 0 1.05 0 0.43 0.42 3.14 2.22 0 3.86 1.25 1.79 0 1.19 0 1.05 3.2 1.56 0.3 0.52 2.96 3.7 0 0 0.0 0.4 1.84 0 1.37 0 0 0.7 0 2.45 1.02 0 2.27 1.13 0 0 2.46 0 0.7 0.42 0 1.72 1.85 0 1.29 2.19 0.99 0 0.67 0 4.31 0 2.9 2.82 0.32 1.6 1.41 4.05 0 1.27 0 0.99 0.87 0 3.76 
32 0.86 1.21 0 0.75 0.48 1.8 0 2.63 4.18 0.89 1.36 3.29 0.22 0.72 3.76 3.02 1.6 0 0 0.67 3.57 0 3.76 1.66 0.7 0.47 0 1.49 0 2.46 2.09 0.4 0.0 0 1.85 0 0 0 0 0.62 0.49 0 1.52 4.31 0.31 1.41 3.93 2.9 3.86 0.3 0.12 0.25 2.16 2.03 4.33 1.23 0 0 0.32 1.92 3.94 1.92 3.11 2.91 4.52 0.53 0 2.35 0 2.19 0 1.0 0.23 0.48 0.62 0.94 
33 1.6 0.75 0.94 1.51 0 2.82 0.75 1.91 2.03 1.85 1.52 4.33 0.9 1.41 4.23 1.41 0.75 0 1.21 1.56 1.64 2.26 0.27 0 0.9 1.41 0.86 1.13 0.25 0.43 0 1.84 0 0.0 0.43 0 3.11 3.39 0 0.52 1.98 1.69 1.69 0 0.32 2.26 0.47 0 0 0.27 2.73 0 0 2.46 0 0 1.88 3.67 0 5.27 0 0 0.35 0.23 2.45 0.78 0.89 0 0.74 0.57 1.76 3.76 0.53 0.47 0 0.27 
34 0.39 4.18 1.17 2.73 0.89 1.23 0.7 0.17 0.66 1.85 0 3.17 1.11 0.51 2.53 2.53 3.67 0.28 2.71 0.23 2.82 3.42 3.39 3.76 0 5.07 0 0.89 0.47 1.32 1.41 0 1.85 0.43 0.0 0.43 1.17 0.43 1.02 1.09 0 2.71 4.05 3.67 1.85 0.62 0.19 3.17 1.79 4.81 4.81 1.29 0.07 2.15 0.28 3.08 1.8 0.74 0 0.52 4.81 0 3.55 2.92 6.21 1.17 4.05 0.47 1.22 1.41 3.29 4.56 0.98 1.72 2.79 0.62 
35 1.69 0 2.82 2.09 0 0 0.45 0.31 0.47 0.5 0 1.41 0.78 0.63 0.55 1.6 3.39 2.07 1.8 0 0 3.58 0.78 4.61 6.08 2.46 0.86 0.99 2.4 3.04 1.6 1.37 0 0 0.43 0.0 1.56 0.58 0 1.6 1.54 3.33 0.89 4.61 0 0 0 0 1.13 0 2.46 0 0.47 0.27 1.9 4.61 0 1.54 0 1.23 0 0.78 0 0.67 0 0 0 0.2 0 0 0 0 0.37 0.63 3.11 0 
36 3.11 2.09 0.4 6.08 1.02 0.39 0 2.46 1.37 0 0 0 0 1.6 2.9 0 2.59 0.65 2.5 0 0 0.17 0 0 3.51 0 0.63 3.04 0 0.27 1.17 0 0 3.11 1.17 1.56 0.0 0 3.45 2.15 0 0 0 1.52 0 2.53 0.53 0.37 1.13 6.33 0 2.34 1.09 0.78 3.11 0 0 1.88 3.14 0 0.68 0 1.6 2.4 0 0 1.04 0.55 0 0.43 0.2 0.12 0.89 2.82 0 1.85 
37 3.01 2.34 0.43 1.92 0 0 3.11 2.22 1.17 3.39 2.11 0 0 1.88 0 0 2.71 0 0 0 0.23 0 1.33 0 3.63 4.0 2.22 2.41 0 0.22 0.78 0 0 3.39 0.43 0.58 0 0.0 3.2 0 1.8 0 0 0 4.8 1.69 2.63 0 1.22 6.72 0 0.65 2.16 0 3.29 0 2.11 0.8 0 0.83 0.68 0.98 2.82 2.59 0 3.39 0.95 0.5 2.63 0 0 0.62 0.85 3.2 1.88 0 
38 1.6 0.83 2.53 1.29 1.91 0 0.57 0.27 0 1.36 0.43 0 0.74 0.57 0 0 3.67 2.45 0 0.9 2.15 3.26 0 0.87 5.83 0 1.23 0 0 0 0.67 0.7 0 0 1.02 0 3.45 3.2 0.0 0 2.16 0 3.76 3.45 2.92 2.22 0 0.85 0 5.57 1.29 3.01 0.47 0.74 0 0 0 2.59 0 0 2.5 0 3.02 0 0 0 0 0 2.09 0 0 3.82 0.8 0 0 0.48 
39 0.37 0 0 0.28 1.79 0 1.02 0 1.79 0.25 0.68 0.98 0 0 0 1.88 0.42 0 0 0 0 3.02 0 0 1.72 0 1.05 1.41 0 0 1.41 0 0.62 0.52 1.09 1.6 2.15 0 0 0.0 0 0.77 2.96 0 1.41 2.22 0 0 2.59 0.47 0.92 1.29 1.97 0.42 0 0 0 2.96 0.17 1.56 2.54 0 1.56 0.52 0.95 0.37 1.79 0 0 2.31 0 0 0.2 0 1.6 0.98 
40 0.86 2.73 0 0.17 1.29 3.67 0.63 1.88 0.98 0.85 0 1.13 0 3.29 0 0.68 0.27 0 1.29 1.97 3.08 0 2.28 0 2.26 1.79 1.04 0 0 1.25 0 2.45 0.49 1.98 0 1.54 0 1.8 2.16 0 0.0 3.48 0.65 1.33 0.35 1.72 2.07 2.46 0 2.66 1.51 1.04 0 0 0 0 3.2 1.6 0.55 3.95 2.23 0 0 0.37 1.84 0 0 1.6 1.69 3.08 5.18 2.07 0.43 1.6 1.21 0.63 
41 1.41 0.18 0.42 1.13 4.69 1.68 0 0.83 1.99 4.14 0.94 1.07 2.53 3.26 1.07 3.08 0.35 0.57 4.94 0 0.9 0 0 0.43 1.02 2.9 0.68 0.77 0 3.86 0 1.02 0 1.69 2.71 3.33 0 0 0 0.77 3.48 0.0 0 0 1.97 0 0.77 2.34 2.22 0.82 2.4 1.06 2.83 0 5.65 3.26 0 2.07 0 0 3.26 0.43 0.7 0.92 0 1.09 0 1.6 1.17 0 0.9 0 0 0.63 1.09 0 
42 3.39 0 1.48 2.92 0 2.46 2.45 0 3.08 0.77 0.95 1.07 2.59 1.99 3.88 1.88 0.86 3.2 0 0 0 0 0.18 0.55 2.82 0.83 1.6 0.73 0 1.49 1.17 0 1.52 1.69 4.05 0.89 0 0 3.76 2.96 0.65 0 0.0 0 0.57 0 5.7 0.58 3.11 3.04 0.7 2.63 5.7 0 0 3.45 0 6.46 3.2 1.24 3.08 0.86 0.63 0.99 0.15 0 4.37 2.53 1.13 0 3.14 2.71 0 0.92 0 2.03 
43 0.52 0.37 0 3.29 2.03 0.65 0 0 2.83 1.6 0 2.35 3.48 4.52 3.63 2.83 2.15 0 0.62 0 3.08 0 0.18 0.17 2.35 0.75 3.39 1.6 0.32 3.39 0 2.27 4.31 0 3.67 4.61 1.52 0 3.45 0 1.33 0 0 0.0 1.13 4.43 0 0 3.01 0 0 2.16 0.7 2.11 2.15 6.46 0.18 0.82 2.9 0 3.08 0 0 0 0 0 2.62 1.45 2.45 0 0 0.75 2.77 0.47 0 2.82 
44 0.33 3.29 2.45 0.38 0 1.72 0 3.67 1.33 1.52 1.6 3.58 0.55 4.05 3.86 4.42 0.2 0.2 1.77 5.19 2.19 1.6 1.37 2.07 0.23 0.63 2.53 2.22 4.31 0.63 2.92 1.13 0.31 0.32 1.85 0 0 4.8 2.92 1.41 0.35 1.97 0.57 1.13 0.0 0 0 2.65 1.49 1.65 0 1.52 0.57 0 5.83 2.26 1.06 4.52 2.79 4.8 2.39 5.57 1.13 2.28 2.65 0.6 5.45 3.04 0.37 0.87 3.7 5.36 0.3 0 2.03 1.29 
45 0 0.48 1.77 0 0.12 0 0.66 0.78 1.41 4.69 0 4.43 0.98 1.22 3.67 1.65 2.73 0 6.08 0.82 0.37 0.7 1.79 4.94 2.71 1.84 1.69 0.76 1.88 0.51 0.31 0 1.41 2.26 0.62 0 2.53 1.69 2.22 2.22 1.72 0 0 4.43 0 0.0 1.13 0 0.35 4.81 0.72 0.37 0.13 2.54 0.33 7.1 2.71 1.41 1.91 4.94 0.48 3.42 2.07 1.85 0 0 1.64 0.51 0.74 1.02 3.42 1.02 0.55 0 0.86 0.2 
46 0 3.29 0 1.17 0.15 0.37 0 0.13 0 0 0 0.9 0 0.22 2.28 1.98 1.85 1.11 0.73 0.47 1.91 2.73 1.49 5.32 5.57 0 0.39 0.49 3.8 0 0.28 0 3.93 0.47 0.19 0 0.53 2.63 0 0 2.07 0.77 5.7 0 0 1.13 0.0 3.42 1.98 3.67 2.34 2.07 0.47 0.59 0.99 4.61 2.96 2.53 1.29 0 0 1.52 0 0 6.46 0 2.82 0.37 0 0.63 4.69 0.62 1.48 3.8 0.4 0.2 
47 0 1.72 1.05 3.86 1.23 0 2.35 2.16 3.8 0 0 0 3.67 0 0 0.92 1.37 1.29 2.23 1.37 0 0.23 0.94 2.53 4.8 0 3.01 2.41 0.59 1.04 0.51 2.46 2.9 0 3.17 0 0.37 0 0.85 0 2.46 2.34 0.58 0 2.65 0 3.42 0.0 0 5.57 2.07 2.92 0 0 3.93 1.14 0 2.41 2.83 0 1.05 1.51 1.23 1.29 0 0 3.51 2.54 1.98 0.68 0 0.8 0 0 1.04 2.26 
48 1.23 1.02 0.51 1.41 1.32 0.66 1.79 1.79 3.17 1.68 0 0 0 1.79 0.63 0 3.8 0 0.87 1.85 0.32 0.31 2.16 2.28 0.77 4.99 0.98 1.32 0.8 0 0.43 0 3.86 0 1.79 1.13 1.13 1.22 0 2.59 0 2.22 3.11 3.01 1.49 0.35 1.98 0 0.0 2.4 4.52 2.45 0.7 3.39 0 0 0.7 0.7 1.52 0.8 0 1.79 1.69 0.48 2.22 3.02 1.99 0 0.59 1.05 0 0.32 0 0 0.75 0.66 
49 0.47 2.28 1.6 0 2.03 1.8 2.66 3.67 0.72 3.17 0.65 4.71 0.43 0 0.89 4.8 0.55 1.98 0 0.83 0 1.56 0.47 1.27 0.89 3.29 0 2.65 0 3.86 1.29 0.7 0.3 0.27 4.81 0 6.33 6.72 5.57 0.47 2.66 0.82 3.04 0 1.65 4.81 3.67 5.57 2.4 0.0 2.28 2.15 2.59 5.95 0.92 4.05 0 5.08 4.43 3.88 2.42 5.07 1.54 1.04 4.18 3.02 0 3.11 1.02 6.33 7.73 5.36 3.93 1.23 4.18 1.09 
50 0 2.09 0 1.52 0 0 2.63 2.16 2.53 0.68 0.43 0 0 3.14 2.9 3.45 2.53 1.98 0.37 0.78 0 1.99 0 2.63 1.9 0.13 2.54 1.76 2.71 4.42 1.6 0.42 0.12 2.73 4.81 2.46 0 0 1.29 0.92 1.51 2.4 0.7 0 0 0.72 2.34 2.07 4.52 2.28 0.0 1.36 0 1.56 0 0 3.01 0 1.54 5.18 0 0 0.65 0.43 3.14 0 0 3.11 3.01 2.42 0 0 0 2.09 0 1.21 
51 0.18 1.11 0 0.62 1.51 0.53 0.56 2.16 2.45 0.78 2.73 3.39 0.51 0 0.62 1.41 0.75 0.1 1.6 0 0 2.82 1.6 1.98 1.36 1.66 0 0.43 2.16 1.6 0 0 0.25 0 1.29 0 2.34 0.65 3.01 1.29 1.04 1.06 2.63 2.16 1.52 0.37 2.07 2.92 2.45 2.15 1.36 0.0 0.98 0.52 1.49 1.41 0 0 0 2.96 0 3.11 1.17 1.13 3.39 2.28 0 0 0.62 3.76 0 1.76 0 0.25 0 0.18 
52 0.23 4.43 0 4.18 0 0.7 0 1.13 0.89 0.58 1.21 1.66 0 0.13 1.23 0.99 4.18 0.82 1.88 0.2 0 0 0 4.14 5.95 5.7 0.59 0 3.67 1.52 0.99 1.72 2.16 0 0.07 0.47 1.09 2.16 0.47 1.97 0 2.83 5.7 0.7 0.57 0.13 0.47 0 0.7 2.59 0 0.98 0.0 2.41 0.8 2.11 0.82 1.9 1.6 0.5 4.43 0 0.5 1.33 0 0 2.09 0.55 0 2.09 4.05 1.29 0 1.85 0.37 1.32 
53 2.07 0.8 0.6 1.41 1.48 0 1.21 0.49 0 2.73 1.05 0 1.88 0.38 0.27 0 3.67 1.54 2.83 0.68 2.71 1.76 2.03 4.89 1.96 2.34 1.05 2.91 0.75 1.21 1.29 1.85 2.03 2.46 2.15 0.27 0.78 0 0.74 0.42 0 0 0 2.11 0 2.54 0.59 0 3.39 5.95 1.56 0.52 2.41 0.0 1.23 1.8 0.97 3.93 0 0.63 0 2.11 4.14 4.14 6.12 0.22 0 1.11 0 2.07 0 0.87 1.23 0 3.67 2.35 
54 1.66 1.88 3.2 5.83 0.37 3.04 0 2.41 0.74 0.73 1.41 0 3.11 0.89 2.03 0.28 0 2.09 7.48 0.49 1.06 0.6 0 2.23 1.0 3.39 2.45 1.22 0 1.98 1.72 0 4.33 0 0.28 1.9 3.11 3.29 0 0 0 5.65 0 2.15 5.83 0.33 0.99 3.93 0 0.92 0 1.49 0.8 1.23 0.0 0 0 0.86 1.29 0 1.45 0.77 3.95 0.8 7.98 1.29 3.01 2.07 1.17 1.56 0.55 0 0 0.72 0.57 0.45 
55 0.7 0 0.85 2.54 0.82 1.12 0.7 2.71 1.99 0.74 0 4.23 2.92 7.86 2.07 0 2.16 1.33 0.55 3.45 1.32 0 2.31 0 1.06 0.85 0.65 3.51 0 7.6 0.92 1.29 1.23 0 3.08 4.61 0 0 0 0 0 3.26 3.45 6.46 2.26 7.1 4.61 1.14 0 4.05 0 1.41 2.11 1.8 0 0.0 0 8.74 1.91 1.0 0 2.7 0 2.53 8.24 2.46 0.78 0 2.83 0 1.39 3.17 0 0 2.27 4.14 
56 0 0 2.82 2.35 0 3.02 2.63 0 6.59 1.52 3.26 3.88 0.63 7.1 1.07 0 0 3.11 0 5.65 0 3.67 1.42 0 0 3.76 3.76 0 2.82 0 2.28 2.19 0 1.88 1.8 0 0 2.11 0 0 3.2 0 0 0.18 1.06 2.71 2.96 0 0.7 0 3.01 0 0.82 0.97 0 0 0.0 3.63 2.96 2.89 3.76 0 2.26 0.86 0 0 0 2.59 0 1.88 0 0 0 1.29 0.57 0 
57 1.72 1.68 3.67 1.84 1.29 1.52 1.25 3.42 1.23 1.96 2.83 4.94 2.34 0.13 2.82 0.51 4.14 0 7.98 0 1.22 0 0 0.9 3.7 0 2.82 0.2 3.93 0 2.07 0.99 0 3.67 0.74 1.54 1.88 0.8 2.59 2.96 1.6 2.07 6.46 0.82 4.52 1.41 2.53 2.41 0.7 5.08 0 0 1.9 3.93 0.86 8.74 3.63 0.0 0 1.45 0 4.43 0.58 4.23 0.9 0 5.7 0 1.66 3.42 1.79 0.37 0.73 0.63 0 2.45 
58 0 0.7 0.57 1.48 0.98 1.64 0.43 0 0 0 0 0 0 0 1.36 0 2.82 0.66 0.52 1.54 0 1.84 0 2.65 1.45 0.9 1.32 0.5 0 0 1.33 0 0.32 0 0 0 3.14 0 0 0.17 0.55 0 3.2 2.9 2.79 1.91 1.29 2.83 1.52 4.43 1.54 0 1.6 0 1.29 1.91 2.96 0 0.0 0 0 3.33 2.53 1.41 1.0 0 1.23 0 1.06 2.19 0.97 0 0.2 2.34 0 0.9 
59 0.63 2.46 4.71 3.2 4.81 0 0.78 0 0 5.57 0 0 2.28 3.8 0 0 0.94 0 0 0.28 0 0 4.13 2.7 0 2.07 0 1.29 0 0 4.33 0.67 1.92 5.27 0.52 1.23 0 0.83 0 1.56 3.95 0 1.24 0 4.8 4.94 0 0 0.8 3.88 5.18 2.96 0.5 0.63 0 1.0 2.89 1.45 0 0.0 2.35 0 5.55 5.65 7.53 0 1.41 0 0 0 3.45 0 0 2.27 4.99 1.56 
60 0 2.77 1.37 3.63 4.56 0.3 0 2.96 5.19 0 1.1 2.39 2.15 0.52 2.07 0.78 3.26 1.96 4.62 0.73 0.39 0 2.4 0.97 2.7 0 1.84 0 0 2.35 0.5 0 3.94 0 4.81 0 0.68 0.68 2.5 2.54 2.23 3.26 3.08 3.08 2.39 0.48 0 1.05 0 2.42 0 0 4.43 0 1.45 0 3.76 0 0 2.35 0.0 0.47 3.48 0 0 2.62 0 3.95 3.58 0 0.25 0.31 2.46 0.7 1.09 0 
61 3.2 0.35 1.23 5.19 0.5 0 0 0 0.72 0 2.35 0 0.75 4.81 5.36 2.92 1.29 0.63 2.19 1.92 2.92 0 1.13 0.55 1.84 1.02 0.67 1.29 0.94 0.42 0 4.31 1.92 0 0 0.78 0 0.98 0 0 0 0.43 0.86 0 5.57 3.42 1.52 1.51 1.79 5.07 0 3.11 0 2.11 0.77 2.7 0 4.43 3.33 0 0.47 0.0 0.25 2.63 1.29 0 0 3.48 0.45 0.86 2.82 0 0 1.23 0 2.92 
62 1.36 0.49 0 3.29 1.29 1.54 0.23 0 3.29 1.52 0 0.85 0 3.29 0.8 1.97 0.7 0.94 1.6 0 2.22 0 0 0 1.97 4.23 1.09 2.63 0.1 2.07 0.55 0 3.11 0.35 3.55 0 1.6 2.82 3.02 1.56 0 0.7 0.63 0 1.13 2.07 0 1.23 1.69 1.54 0.65 1.17 0.5 4.14 3.95 0 2.26 0.58 2.53 5.55 3.48 0.25 0.0 0 0.35 2.07 5.46 0.43 0.92 0 0.62 1.25 0 0 0 1.17 
63 2.07 0 0.63 0.25 0 0 0 0 3.58 2.73 2.53 0.82 1.54 5.32 0.82 0 0.37 1.79 3.55 2.77 0 2.73 1.11 0.55 2.28 4.31 0 4.43 0.33 1.97 2.16 2.9 2.91 0.23 2.92 0.67 2.4 2.59 0 0.52 0.37 0.92 0.99 0 2.28 1.85 0 1.29 0.48 1.04 0.43 1.13 1.33 4.14 0.8 2.53 0.86 4.23 1.41 5.65 0 2.63 0 0.0 0 1.96 5.18 0 0 2.4 0 0 0.55 0.85 0.37 0.35 
64 2.65 0 1.79 0.67 5.32 0 2.09 5.36 3.45 2.15 0 0 0 0.92 4.31 0 1.91 2.59 0 0 0.85 0 0.51 1.42 4.81 7.48 2.96 0 0 2.59 3.29 2.82 4.52 2.45 6.21 0 0 0 0 0.95 1.84 0 0.15 0 2.65 0 6.46 0 2.22 4.18 3.14 3.39 0 6.12 7.98 8.24 0 0.9 1.0 7.53 0 1.29 0.35 0 0.0 0 1.32 0.78 2.22 0.58 1.99 2.71 0.97 0.37 2.73 3.76 
65 0.52 0 2.83 1.49 2.16 0 3.67 1.23 0.98 1.6 0.62 0.27 0.4 0 0 1.84 2.71 1.21 2.65 0 0.97 0 3.76 0 1.96 0.55 1.54 0 0.94 0 0.73 0.32 0.53 0.78 1.17 0 0 3.39 0 0.37 0 1.09 0 0 0.6 0 0 0 3.02 3.02 0 2.28 0 0.22 1.29 2.46 0 0 0 0 2.62 0 2.07 1.96 0 0.0 0 2.63 0.63 2.58 3.94 2.54 0.7 3.14 0 2.09 
66 0 1.02 4.71 0.75 1.49 3.2 4.14 2.16 1.06 2.03 0 0.27 1.17 4.69 1.41 0 6.33 0 1.96 2.26 0 3.7 1.1 3.88 2.23 5.07 1.17 0 0 2.83 4.52 1.6 0 0.89 4.05 0 1.04 0.95 0 1.79 0 0 4.37 2.62 5.45 1.64 2.82 3.51 1.99 0 0 0 2.09 0 3.01 0.78 0 5.7 1.23 1.41 0 0 5.46 5.18 1.32 0 0.0 0 0 1.14 1.07 0 1.54 2.19 5.08 3.58 
67 0.2 2.82 1.69 0 0.12 0.4 0.23 0.15 0.39 2.35 0.4 0.42 0.51 1.69 0 0 3.04 0.2 0 1.69 1.37 0.48 0.57 0.6 2.34 0.58 0.31 1.13 2.54 0 0.63 1.41 2.35 0 0.47 0.2 0.55 0.5 0 0 1.6 1.6 2.53 1.45 3.04 0.51 0.37 2.54 0 3.11 3.11 0 0.55 1.11 2.07 0 2.59 0 0 0 3.95 3.48 0.43 0 0.78 2.63 0 0.0 0 3.58 3.67 1.52 0 2.35 0.37 0.27 
68 0.12 0.32 0.12 1.23 0 0 0.31 0.78 1.23 1.72 0 3.39 0 0 0.55 0 0.66 0 0.62 0.47 0 1.23 0 2.54 0.53 2.28 1.22 0 1.6 0.92 0.75 4.05 0 0.74 1.22 0 0 2.63 2.09 0 1.69 1.17 1.13 2.45 0.37 0.74 0 1.98 0.59 1.02 3.01 0.62 0 0 1.17 2.83 0 1.66 1.06 0 3.58 0.45 0.92 0 2.22 0.63 0 0 0.0 0 0 0 2.54 1.32 1.22 0.07 
69 0.62 0 0 0 0 0 0 2.83 0 1.0 3.82 3.76 4.61 0 2.11 0 0 0.72 4.07 0.75 0 0 0 2.77 2.27 2.66 3.95 0 0 2.07 0.9 0 2.19 0.57 1.41 0 0.43 0 0 2.31 3.08 0 0 0 0.87 1.02 0.63 0.68 1.05 6.33 2.42 3.76 2.09 2.07 1.56 0 1.88 3.42 2.19 0 0 0.86 0 2.4 0.58 2.58 1.14 3.58 0 0.0 0.63 0.55 2.23 1.85 0 1.33 
70 0 0 2.09 5.46 4.31 0 0 0.73 4.81 0 3.88 3.57 0.89 3.42 0.82 0.99 3.26 0 0 0 0.37 1.36 0 2.27 2.66 1.24 1.76 0 1.25 0.86 0 1.27 0 1.76 3.29 0 0.2 0 0 0 5.18 0.9 3.14 0 3.7 3.42 4.69 0 0 7.73 0 0 4.05 0 0.55 1.39 0 1.79 0.97 3.45 0.25 2.82 0.62 0 1.99 3.94 1.07 3.67 0 0.63 0.0 0 2.35 0 1.72 0.63 
71 3.67 0 2.92 2.15 0.55 0 3.58 0 1.56 0 3.88 2.35 4.8 0.5 0 0 0 4.33 0 1.68 0.68 1.6 1.29 3.26 6.02 0 4.14 1.13 0 2.07 2.45 0 1.0 3.76 4.56 0 0.12 0.62 3.82 0 2.07 0 2.71 0.75 5.36 1.02 0.62 0.8 0.32 5.36 0 1.76 1.29 0.87 0 3.17 0 0.37 0 0 0.31 0 1.25 0 2.71 2.54 0 1.52 0 0.55 0 0.0 0 0 0.4 0.62 
72 1.88 1.56 1.33 0.78 0 0 0 1.11 0 0.55 0.27 0 0 1.41 0 0 3.42 0.63 0 0.48 0.92 0 0.78 0.67 4.05 0.7 0.25 0 0.73 1.49 2.09 0.99 0.23 0.53 0.98 0.37 0.89 0.85 0.8 0.2 0.43 0 0 2.77 0.3 0.55 1.48 0 0 3.93 0 0 0 1.23 0 0 0 0.73 0.2 0 2.46 0 0 0.55 0.97 0.7 1.54 0 2.54 2.23 2.35 0 0.0 2.22 0 1.42 
73 0.33 0.31 0.15 0.35 0.35 0.47 0.18 1.33 2.16 2.16 2.65 4.61 1.72 2.22 0 2.16 1.22 0.33 0 0.7 3.76 0 0 0 1.06 0 0 1.13 0.68 1.54 0.63 0.87 0.48 0.47 1.72 0.63 2.82 3.2 0 0 1.6 0.63 0.92 0.47 0 0 3.8 0 0 1.23 2.09 0.25 1.85 0 0.72 0 1.29 0.63 2.34 2.27 0.7 1.23 0 0.85 0.37 3.14 2.19 2.35 1.32 1.85 0 0 2.22 0.0 0.8 1.69 
74 0 1.69 0 2.92 0.25 0 0 2.92 0.48 2.53 0.77 0.78 1.21 0 1.68 0 1.48 0 4.42 1.37 0 0.49 0 0.5 0 3.02 0.43 1.23 0 0.51 0.37 0 0.62 0 2.79 3.11 0 1.88 0 1.6 1.21 1.09 0 0 2.03 0.86 0.4 1.04 0.75 4.18 0 0 0.37 3.67 0.57 2.27 0.57 0 0 4.99 1.09 0 0 0.37 2.73 0 5.08 0.37 1.22 0 1.72 0.4 0 0.8 0.0 0 
75 0 1.42 0.18 0 0.31 2.07 0.27 0 0.66 0 1.79 1.21 0.86 0 2.73 0 1.17 0 3.39 0 0 1.48 2.54 1.17 2.03 3.29 0.85 0.59 0 1.51 1.04 3.76 0.94 0.27 0.62 0 1.85 0 0.48 0.98 0.63 0 2.03 2.82 1.29 0.2 0.2 2.26 0.66 1.09 1.21 0.18 1.32 2.35 0.45 4.14 0 2.45 0.9 1.56 0 2.92 1.17 0.35 3.76 2.09 3.58 0.27 0.07 1.33 0.63 0.62 1.42 1.69 0 0.0 

;