set O:= 0;
set N:= 1 2 3 4 5 6 7 8 9 10 11 12 13 14 15 16 17 18 19 20 21 22 23 24 25 26 27 28 29 30 31 32 33 34 35 36 37 38 39 40 41 42 43 44 45 46 47 48 49 50 51 52 53 54 55 56 57 58 59 60 61 62 63 64 65 66 67 68 69 70 71 72 73 74 75;
set K:= 1 2 3 4 5 6 7 8 9 10 11 12 13 14;
param V:= 14;
param cp:= 100;
param dm:= 2.0;
param o:=
0 0
1 18
2 26
3 11
4 30
5 21
6 19
7 15
8 16
9 29
10 26
11 37
12 16
13 12
14 31
15 8
16 19
17 20
18 13
19 15
20 22
21 28
22 12
23 6
24 27
25 14
26 18
27 17
28 29
29 13
30 22
31 25
32 28
33 27
34 19
35 10
36 12
37 14
38 24
39 16
40 33
41 15
42 11
43 18
44 17
45 21
46 27
47 19
48 20
49 5
50 22
51 12
52 19
53 22
54 16
55 7
56 26
57 14
58 21
59 24
60 13
61 15
62 18
63 11
64 28
65 9
66 37
67 30
68 10
69 8
70 11
71 3
72 1
73 6
74 10
75 20
;
param c[*,*]
: 0 1 2 3 4 5 6 7 8 9 10 11 12 13 14 15 16 17 18 19 20 21 22 23 24 25 26 27 28 29 30 31 32 33 34 35 36 37 38 39 40 41 42 43 44 45 46 47 48 49 50 51 52 53 54 55 56 57 58 59 60 61 62 63 64 65 66 67 68 69 70 71 72 73 74 75:=
0 0 7 4 5 4 9 3 4 4188 8 29 10 7 6143 9 7539 7 2234 12 7 13 7539 17 11 9 48 2 18 6701 6 5 21 12 4747 6 5026 9214 8935 29 8 16 20 10051 11 6 4 3 8 22 9 12 4 5 6143 30 19 11 31 6 13 13 9493 25 6143 48 11 10 3 2 13 11 10889 5584 7 6 1 
1 7 0 6 5107 9 15 9 9 8882 17 21 15 45 9 15 18 3 7 14 10436 20 8 3 17 11 15165 8376 10 6 11 8 22 9 2889 7328 11 12277 13721 28 15 10471 8 5 2166 5773 9 31 10110 19 3997 25 20 7772 17 13 18 6 19 30 35 16248 9 12 3 6 15 21 8376 7 13 18 14 58 7 6499 26 
2 4 6 0 5 3350 8 2 9749 12 12277 14 31 9027 10 29 38 3997 10 16 25 11554 7 5777 18 7328 17 6 7222 14 23 3 23 7 3611 14 10832 11 12 14804 14 9 11 35 8 23 3909 8 25 9 12 14 4 8 16 49 23 10832 10471 25 18054 25 29 3 12 42 16609 18054 5026 2 9 49 11193 49 4 3 4 
3 5 5107 5 0 8 9 6 6 7550 6 6217 17 13 10 9 41 4 3350 5777 18 15 9 7 5 4 7 5584 7772 7106 7994 6 14 7 14 26 15 10658 14 9 4 2 8 28 5773 666 9 8 36 10 2 4333 6 7328 10 10214 39 22 13 11 23 26 9104 5773 4 10 11 11 7 11 11 52 15 6 5 28 6 
4 4 9 3350 8 0 6 4 4188 4 34 10 11 5026 5 30 7 27 8 14804 7 8097 12 8097 9 13 18 3071 2792 5863 3071 3 12006 9 5 1954 5 9 7 8655 8097 23 10331 10 18 8 2 3 11 16 18 13 4467 3 13 7 20 11 12 28 10610 10051 9 12 7 11727 9772 13 2 2 9 9493 10 7 7 5 6 
5 9 15 8 9 6 0 7259 13 22 54 13402 14 10051 4 13 2 8216 9 23 7 3350 4694 10471 32 24 23 16 3 29 9 4694 21 41 10832 9 7 11 2 13 15 10889 62 14443 28 12 3 5 3 2528 13 19 11 5 13 5329 48 17693 3350 47 13 10 8 36 13 15 14 14519 8 6 4 6 5 12 13 6 6143 
6 3 9 2 6 4 7259 0 7 13 28 8935 11 19 9 10331 8 4 6 23 18 12 8 7 6143 8 14 5 8 6 5584 3350 12 6 2234 10 9 9 9214 12 15 9 8 7259 6 5 9 6 6980 5305 5863 10110 1675 7 17 11 19 7818 18 9 16 13 8 5 4 38 10889 12285 5 6 11 13 10610 8 4 5 4 
7 4 9 9749 6 4188 13 7 0 1554 5551 16 17 4 5 4 6217 7 10 15 3 8660 53 9770 9770 11 14 3 14 53 11 9027 7 25 28 2 4 8882 7994 9 5 4441 14 12 11 6439 7 2 12638 42 35 25 6422 11 9 4219 32 11 5995 3 7 10658 18 8 9 12657 5584 6422 3 11 10214 20 10 3997 15 11193 4 
8 4188 8882 12 7550 4 22 13 1554 0 14 6 6 9 3 7 5 8 8 21 6 7 13 19 10436 12 61 16 2 13 7 7944 10 7328 15 6 4 10 8 6 6439 11 14 22 20 9 17 1 10832 9027 11 30 7259 1554 3 5 23 11546 9 5 7 9104 17 31 34 25 28 9 6 22 9 8438 11 7 16 12 9 
9 8 17 12277 6 34 54 28 5551 14 0 4 10 3 10 10051 28 20 4467 8 8216 21 22 16609 15 5 5 5305 8 19 15165 17 3775 1554 43 13 7 20 15356 6143 888 1998 64 18 19 2665 10331 7 20 31 5551 8 11 9 32 11 9 18 17 4 12285 23 19 28 42 25 7259 18 6980 31 34 18 18 1998 51 59 7 
10 29 21 14 6217 10 13402 8935 16 6 4 0 5 3331 8 8 26 10 8 23 6217 32 38 19498 16971 8882 17 6 10 18054 59 58 4 4885 56 7 6 16 60 1954 2443 4 40 41 19 12 10 6 23 18 10 19 8097 28 4747 32 14 19137 12844 1 10 37 87 17 14804 26 2792 5 8 9 17311 17590 17590 6 15526 33 32 
11 10 15 31 17 11 14 11 17 6 10 5 0 8 10 3 11 9770 9 16609 20 14519 21 16473 32 12 17 6 11 75 16 14443 15 31 12844 6980 4188 17 17 3 28 16 22 22 34 34 9772 8 18 18 44 15 10051 15 2 7 65 70 10889 5 4 68 22 18 17 20 8 4 9 10051 17032 16194 67 7 13681 21 17 
12 7 45 9027 13 5026 10051 19 4 9 3 3331 8 0 7 30 42 18 4 9388 12 15 56 16 13 6439 7944 4 5773 13 10832 9 7 4 17 16 9 13 12 11 2 1 59 61 13360 4 14 4 14082 13 6 7 7 6 5584 7328 11193 17 42 2 41 31 20 12 36 18 8 17 7 6 13681 18 14240 2 40 22 16 
13 6143 9 10 10 5 4 9 5 3 10 8 10 7 0 6143 2443 9104 9 41 12 9 20 19 11 12 38 6422 1554 48 5 8 11324 11 10 4 4 12 18 19 10 7772 24 14 43 38 15 3 8 27 11 37 10 2 7 1554 22387 12435 2 8 8376 8 13721 31 9326 14 10 10331 5026 7 7 5995 7 32 16 9 6 
14 9 15 29 9 30 13 10331 4 7 10051 8 3 30 6143 0 9214 41 11 19137 3 15 16971 15636 20 50 16 6 7 71 12 14 10051 36 12564 5584 10 13123 12 5 11 9 22 70 66 36 8097 5026 16 17 13 34 13 11 4 4467 24 22 34 6143 3 59 20581 17 17 78 6 4188 7 12 60 27 16 8 13 31 8097 
15 7539 18 38 41 7 2 8 6217 5 28 26 11 42 2443 9214 0 12 12 44 5 2792 8 17 37 26 22 8376 3 13 4 6860 19 10880 26 4441 5773 4 3 12 54 14 18054 69 16609 42 3630 19 5416 5 45 20220 20 7 12 4 25 22 1117 12 11 22 11193 46 19 20 52 17 7 8 7 4467 5 16 51 9 7 
16 7 3 3997 4 27 8216 4 7 8 20 10 9770 18 9104 41 12 0 3909 33 9326 11 7106 6 3 3 40 6 7550 5 7 5329 36 15 7 6439 32 19 20 35 6 4 5 6 3775 3 32 13 10 6661 4 7222 9 7328 35 10 25 4 39 27 14 24 9 5 3 14 20 11102 6701 6 10 24 11 5995 12 11 11 
17 2234 7 10 3350 8 9 6 10 8 4467 8 9 4 9 11 12 3909 0 9388 10 14 10 35 8 7259 9027 2 7 16 9 6 18 4 5 6 6143 14 11 7259 4 2 12 9493 8 4 7 20 18 8 23 7583 2 12 28 38 25 9214 11 9 13 28 13 13 5305 47 17 10 4 3 15 15 12844 9 7 8 3 
18 12 14 16 5777 14804 23 23 15 21 8 23 16609 9388 41 19137 44 33 9388 0 77 25275 20 17 10110 19 4 12 18 68 75 16248 10471 5 22 32 21 92 26 18 8 30 14082 15 15 5055 17332 18 82 23 6 4 38 22 33 21303 6 11 22748 22 22 27081 40 30 10110 18 15526 23 14 17 23831 27 32 10 13 16971 12999 
19 7 10436 25 18 7 7 18 3 6 8216 6217 20 12 12 3 5 9326 10 77 0 9 56 12 12 12213 34 12 3331 16 17 12 9 10 18 3 2 8 8 26 9 28 14 13 12 9104 7 3 51 43 12 19 11 3 12 4 40 13323 5 5551 6 20 35 10 40 16 7 6701 5026 10 20 10 38 13 12 25 7 
20 13 20 11554 15 8097 3350 12 8660 7 21 32 14519 15 9 15 2792 11 14 25275 9 0 32 16 20220 18 25275 11168 4885 45 13 10 40 12879 30 27 8 4 7 61 16 56 39 18 18054 16 7 14 6 9 13 30 14 6 12285 7 57 24 15 16 14 11 11193 52 17 37 32 16 20 10 6 1675 3071 31 14443 9 9 
21 7539 8 7 9 12 4694 8 53 13 22 38 21 56 20 16971 8 7106 10 20 56 32 0 8 16 12 41 37 33 3 5 5 26 10 8666 9749 13721 5 6 19137 17693 16 12 12 10 11 6 42 4 6 11 37 8376 9 32 14 24 14082 9 68 21 8 4 5 10471 12 26 87 10 22 4 32 6138 21 8 12 27 
22 17 3 5777 7 8097 10471 7 9770 19 16609 19498 16473 16 19 15636 17 6 35 17 12 16 8 0 7583 9 18 10 7772 4 21 7583 45 36 7 32 13 13 49 18 21 53 5 8 8 10 16 11 35 8305 7 16 29 8 29 11 27 8305 15 22 75 14082 4333 3 6499 19 17032 23 12 7 11 16 48 34 4 6 7539 
23 11 17 18 5 9 32 6143 9770 10436 15 16971 32 13 11 20 37 3 8 10110 12 20220 16 7583 0 3 26 11 9770 12 14804 11554 18776 12 6 36 10880 21 23 29 13 12 16 20 7 20 10889 9326 14804 53 2220 40 5863 39 14519 16 15 2 22 15526 39 42 15 7 3250 8305 16 70 13 7539 16248 84 19137 29 6 14 17 
24 9 11 7328 4 13 24 8 11 12 5 8882 12 6439 12 50 26 3 7259 19 12213 18 12 9 3 0 9 19 10658 8438 13 9 11 5 6 10 10658 25 26 10214 12 21 7 27 22 3 25 9770 45 11 1554 5416 12 10436 14 15 12 4 27 10 15 19 13 14 3997 8438 14 16 21 10 16 19 57 7106 7 9 18 
25 48 15165 17 7 18 23 14 14 61 5 17 17 7944 38 16 22 40 9027 4 34 25275 41 18 26 9 0 11 19 20 18415 17 13 5 26 14443 29 29 23470 14 5 6860 34 20 18 7 21 14 24 19137 9388 3 39 16248 27 40 13 58 22 33 24 27 28 16248 12277 21303 24 14443 16 53 98 53 26 26 15 71 12638 
26 2 8376 6 5584 3071 16 5 3 16 5305 6 6 4 6422 6 8376 6 2 12 12 11168 37 10 11 19 11 0 6 8376 25 5584 11 6 12 3 16 13 40 22 19 3071 14 23 10051 5584 5026 6 8935 14 8 9749 4 8 19 7259 18 11168 8376 3909 11 26 14 16 7 54 28 17 6 3630 11727 25 12285 5 7 9 2513 
27 18 10 7222 7772 2792 3 8 14 2 8 10 11 5773 1554 7 3 7550 7 18 3331 4885 33 7772 9770 10658 19 6 0 9388 2889 6 10658 11 8 1554 7 5329 4219 9 32 6 11 11 11 16 1675 4 6860 20 19 20 9 1 6422 12 41 11 3 13 12 7 15 25 7772 11 10 11 3350 5 7 6 8 7 8 14 8 
28 6701 6 14 7106 5863 29 6 53 13 19 18054 75 13 48 71 13 5 16 68 16 45 3 4 12 8438 20 8376 9388 0 27 9 21665 10 7 11 56 7 10 23 20 14 9 8 9 7550 22 10832 11 19 7 64 6422 10471 20 14 24 10832 11193 20 24 11 3611 3 9 9 40 22 7539 4747 7 23 10 32 16 2 6 
29 6 11 23 7994 3071 9 5584 11 7 15165 59 16 10832 5 12 4 7 9 75 17 13 5 21 14804 13 18415 25 2889 27 0 13 19 18 10 20 8666 6 5 14 16 23 59 17 52 9 1117 6 16 2 36 68 29 4333 14 30 21665 17 5 16 15 36 10 32 23 30 16 33 5 17 32 10 32 55 18 6 4467 
30 5 8 3 6 3 4694 3350 9027 7944 17 58 14443 9 8 14 6860 5329 6 16248 12 10 5 7583 11554 9 17 5584 6 9 13 0 18 30 6 22 38 27 14 29 52 11 13 22 11 28 3 7 9 10 9 30 6 12 24 20 25 53 32 49 16609 14 8 10 8305 12638 32 17332 9 2234 17 12 9388 12277 12 9 3071 
31 21 22 23 14 12006 21 12 7 10 3775 4 15 7 11324 10051 19 36 18 10471 9 40 26 45 18776 11 13 11 10658 21665 19 18 0 11 68 10 31 24 21 20 4 5773 44 29 84 8 17 10 91 21 10 18 10 39 8376 11 7583 81 33 4 22 25 25275 22 16971 104 11 7259 20 12006 21 42 21 3553 38 22 11168 
32 12 9 7 7 9 41 6 25 7328 1554 4885 31 4 11 36 10880 15 4 5 10 12879 10 36 12 5 5 6 11 10 18 30 11 0 5 13 7 13 15 6 2220 7 8 11 7550 2 13 6883 10436 9104 4 3 5 16 15 41 14 7 11 8 14 14211 22 7328 5107 43 14 9 6980 7 50 17 27 6 8 10 13 
33 4747 2889 3611 14 5 10832 2234 28 15 43 56 12844 17 10 12564 26 7 5 22 18 30 8666 7 6 6 26 12 8 7 10 6 68 5 0 6 8 11915 12999 13 22 7583 6499 6499 5 5 27 7 10 8 4 10471 3 6 45 9 18 7222 56 15 15636 16 10 6 4 9388 26 18 6 13 15 32 14443 23 1805 6 6 
34 6 7328 14 26 1954 9 10 2 6 13 7 6980 16 4 5584 4441 6439 6 32 3 27 9749 32 36 10 14443 3 1554 11 20 22 10 13 6 0 3 8 6 29 25 5 20 38 35 13 6 2 9027 27 8438 13721 23 1 4747 4 36 13 5 6 10 8438 13 6217 28 10880 34 8935 1396 3630 10 31 7994 22 12 7944 11 
35 5026 11 10832 15 5 7 9 4 4 7 6 4188 9 4 10 5773 32 6143 21 2 8 13721 13 10880 10658 29 16 7 56 8666 38 31 7 8 3 0 36 16 5 5773 22 48 15 10880 8 6 2 16 21 10 29 8 3 4 3331 71 14 11 4 22 10 21 9 11 15 6 6 4 7 11 11 11 10 11 11915 5 
36 9214 12277 11 10658 9 11 9 8882 10 20 16 17 13 12 13123 4 19 14 92 8 4 5 13 21 25 29 13 5329 7 6 27 24 13 11915 8 36 0 2 15636 61 13 19 14 56 11 5584 8 2166 4333 11102 27 42 8 26 29 27 18 22 14240 16 3071 6 38 14082 16 19 35 12 8 1954 7 4 30 10832 6 34 
37 8935 13721 12 14 7 2 9214 7994 8 15356 60 17 12 18 12 3 20 11 26 8 7 6 49 23 26 23470 40 4219 10 5 14 21 15 12999 6 16 2 0 14519 19 26 22 18 18 45 20 25 4 4694 11769 22 14 20 13 5773 33 78 7 17 28 3071 18 10832 15165 18 15356 32 10 7818 4 3 2792 28 12277 7222 9 
38 29 28 14804 9 8655 13 12 9 6 6143 1954 3 11 19 5 12 35 7259 18 26 61 19137 18 29 10214 14 22 9 23 14 29 20 6 13 29 5 15636 14519 0 6 6422 19 17032 15636 28 10051 8 37 18 9770 48 8935 16 3350 11 15 18 11727 3 7 71 24 13681 13 24 2 3 7 38 17 17 17311 3630 14 17 10 
39 8 15 14 4 8097 15 15 5 6439 888 2443 28 2 10 11 54 6 4 8 9 16 17693 21 13 12 5 19 32 20 16 52 4 2220 22 25 5773 61 19 6 0 2 33 17332 17 13 10051 7 20 15165 7 5416 23 7106 14 9 8 19 13402 4 45 73 24 58 22 41 12 8097 7 9 66 18 19 4 16 59 14 
40 16 10471 9 2 23 10889 9 4441 11 1998 4 16 1 7772 9 14 4 2 30 28 56 16 53 12 21 6860 3071 6 14 23 11 5773 7 7583 5 22 13 26 6422 2 0 13360 18 25 2 31 4885 58 12 4663 5777 3071 6 8 9 11 12277 23 6 11727 32 18 12 10 34 9 9 4747 5026 56 15356 30 5 38 22 9 
41 20 8 11 8 10331 62 8 14 14 64 40 22 59 24 22 18054 5 12 14082 14 39 12 5 16 7 34 14 11 9 59 13 44 8 6499 20 48 19 22 19 33 13360 0 1 2 14 11 11 13721 52 6 28 15 20 16 53 38 4 24 18 23 19137 12 13 5416 4 36 22 23 17 14 39 17 17 12 20 9 
42 10051 5 35 28 10 14443 7259 12 22 18 41 22 61 14 70 69 6 9493 15 13 18 12 8 20 27 20 23 11 8 17 22 29 11 6499 38 15 14 18 17032 17332 18 1 0 2 8 11 9992 25 11915 5329 17 7818 9992 18 13 40 6 18415 18776 26 18054 16 12 5777 6 18 79 46 16 13 18415 15887 23 22 9 37 
43 11 2166 8 5773 18 28 6 11 20 19 19 34 13360 43 66 16609 3775 8 15 12 18054 10 8 7 22 18 10051 11 9 52 11 84 7550 5 35 10880 56 18 15636 17 25 2 2 0 8 9772 9 12 11554 4 13 6422 10 30 15 18415 8 20 16971 20 18054 9 5 5 6 19 37 21 7259 13 20 32 16248 9 10 8376 
44 6 5773 23 666 8 12 5 6439 9 2665 12 34 4 38 36 42 3 4 5055 9104 16 11 10 20 3 7 5584 16 7550 9 28 8 2 5 13 8 11 45 28 13 2 14 8 8 0 9 7 19 11 2887 4 3350 8 8 10214 35 7 43 4885 45 17 9770 8 3997 19 9 9548 6701 7 13 27 51 4 5 15 12 
45 4 9 3909 9 2 3 9 7 17 10331 10 9772 14 15 8097 3630 32 7 17332 7 7 6 16 10889 25 21 5026 1675 22 1117 3 17 13 27 6 6 5584 20 10051 10051 31 11 11 9772 9 0 13 4 3 10610 17 8 2 30 6 20220 25 17 8655 10889 9 7539 25 17 12 12 15 7 13 9 7539 9 18 6 8 4 
46 3 31 8 8 3 5 6 2 1 7 6 8 4 3 5026 19 13 20 18 3 14 42 11 9326 9770 14 6 4 10832 6 7 10 6883 7 2 2 8 25 8 7 4885 11 9992 9 7 13 0 9749 30 35 27 6143 4 5 7 71 21 4441 4663 8 9 18 7 7 11324 8 34 7 5 9 8216 9 5329 6661 10 4 
47 8 10110 25 36 11 3 6980 12638 10832 20 23 18 14082 8 16 5416 10 18 82 51 6 4 35 14804 45 24 8935 6860 11 16 9 91 10436 10 9027 16 2166 4 37 20 58 13721 25 12 19 4 9749 0 2 9770 77 8655 8 15 11193 49 16 6860 16609 19 6138 5777 29 48 14 25 20581 7539 5863 3972 7 4694 17 10 3972 6701 
48 22 19 9 10 16 2528 5305 42 9027 31 18 18 13 27 17 5 6661 8 23 43 9 6 8305 53 11 19137 14 20 19 2 10 21 9104 8 27 21 4333 4694 18 15165 12 52 11915 11554 11 3 30 2 0 17 17332 7259 8 12999 10 25 19 8 56 22 8 6860 6499 13 52 17693 37 7 8 25 8 9 15 8 2889 9 
49 9 3997 12 2 18 13 5863 35 11 5551 10 44 6 11 13 45 4 23 6 12 13 11 7 2220 1554 9388 8 19 7 36 9 10 4 4 8438 10 11102 11769 9770 7 4663 6 5329 4 2887 10610 35 9770 17 0 6499 4747 19 10436 14 11554 3 48 7772 28 17 8882 11 10 7328 22 12 37 9 11102 13545 51 6883 9 7328 10 
50 12 25 14 4333 13 19 10110 25 30 8 19 15 7 37 34 20220 7222 7583 4 19 30 37 16 40 5416 3 9749 20 64 68 30 18 3 10471 13721 29 27 22 48 5416 5777 28 17 13 4 17 27 77 17332 6499 0 32 15 18 19 5 46 21 9027 79 28 22 18 10 37 17 16 11915 11554 90 28 30 9 49 17 22 
51 4 20 4 6 4467 11 1675 6422 7259 11 8097 10051 7 10 13 20 9 2 38 11 14 8376 29 5863 12 39 4 9 6422 29 6 10 5 3 23 8 42 14 8935 23 3071 15 7818 6422 3350 8 6143 8655 7259 4747 32 0 14 11 21 26 8 10 7 54 14 9214 21 3350 10051 41 12 4 11 11168 15 25 7 5 6 4 
52 5 7772 8 7328 3 5 7 11 1554 9 28 15 6 2 11 7 7328 12 22 3 6 9 8 39 10436 16248 8 1 10471 4333 12 39 16 6 1 3 8 20 16 7106 6 20 9992 10 8 2 4 8 8 19 15 14 0 5305 6 24 12 3331 5773 9 7772 13 7 9 11 10 19 10 5 15 7106 9 6 13 9 3909 
53 6143 17 16 10 13 13 17 9 3 32 4747 2 5584 7 4 12 35 28 33 12 12285 32 29 14519 14 27 19 6422 20 14 24 8376 15 45 4747 4 26 13 3350 14 8 16 18 30 8 30 5 15 12999 10436 18 11 5305 0 11 21 20 8655 4 9 15 39 12285 12285 18149 7 5 20 8 59 17 29 5584 13 14082 6980 
54 30 13 49 10214 7 5329 11 4219 5 11 32 7 7328 1554 4467 4 10 38 21303 4 7 14 11 16 15 40 7259 12 14 30 20 11 41 9 4 3331 29 5773 11 9 9 53 13 15 10214 6 7 11193 10 14 19 21 6 11 0 23 14 6 29 6 10 18 37 12 13989 37 36 6143 17 11 8 8 8 11 14 9 
55 19 18 23 39 20 48 19 32 23 9 14 65 11193 22387 24 25 25 25 6 40 57 24 27 15 12 13 18 41 24 21665 25 7583 14 18 36 71 27 33 15 8 11 38 40 18415 35 20220 71 49 25 11554 5 26 24 21 23 0 16 24914 11193 24 34 50 19 30 23470 14443 19 16 66 35 60 117 12 18 42 15887 
56 11 6 10832 22 11 17693 7818 11 11546 18 19137 70 17 12435 22 22 4 9214 11 13323 24 14082 8305 2 4 58 11168 11 10832 17 53 81 7 7222 13 14 18 78 18 19 12277 4 6 8 7 25 21 16 19 3 46 8 12 20 14 16 0 43 17332 41 22026 13 8666 5055 8 17 19 47 9 69 28 25 20 30 15 10 
57 31 19 10471 13 12 3350 18 5995 9 17 12844 10889 42 2 34 1117 39 11 22748 5 15 9 15 22 27 22 8376 3 11193 5 32 33 11 56 5 11 22 7 11727 13402 23 24 18415 20 43 17 4441 6860 8 48 21 10 3331 8655 6 24914 43 0 13 13 6 12638 14 65 22 13 12564 7 30 7539 21 7 25 15 9 7259 
58 6 30 25 11 28 47 9 3 5 4 1 5 2 8 6143 12 27 9 22 5551 16 68 22 15526 10 33 3909 13 20 16 49 4 8 15 6 4 14240 17 3 4 6 18 18776 16971 4885 8655 4663 16609 56 7772 9027 7 5773 4 29 11193 17332 13 0 8 19 19498 14804 52 43 5 5584 5 15 63 32 16 4 13721 16 13 
59 13 35 18054 23 10610 13 16 7 7 12285 10 4 41 8376 3 11 14 13 22 6 14 21 75 39 15 24 11 12 24 15 16609 22 14 15636 10 22 16 28 7 45 11727 23 26 20 45 10889 8 19 22 28 79 54 9 9 6 24 41 13 8 0 67 27 16473 16752 22337 7 4188 9 14 18 15636 21 11 32 19137 22 
60 13 16248 25 26 10051 10 13 10658 9104 23 37 68 31 8 59 22 24 28 27081 20 11 8 14082 42 19 27 26 7 11 36 14 25 14211 16 8438 10 3071 3071 71 73 32 19137 18054 18054 17 9 9 6138 8 17 28 14 7772 15 10 34 22026 6 19 67 0 13 13360 20 22 75 21 11727 10610 5 1117 1396 70 19 20 12 
61 9493 9 29 9104 9 8 8 18 17 19 87 22 20 13721 20581 11193 9 13 40 35 11193 4 4333 15 13 28 14 15 3611 10 8 25275 22 10 13 21 6 18 24 24 18 12 16 9 9770 7539 18 5777 6860 8882 22 9214 13 39 18 50 13 12638 19498 27 13 0 7 10110 30 23 25 10331 9 20 10832 9 22 29 6 8655 
62 25 12 3 5773 12 36 5 8 31 28 17 18 12 31 17 46 5 13 30 10 52 5 3 7 14 16248 16 25 3 32 10 22 7328 6 6217 9 38 10832 13681 58 12 13 12 5 8 25 7 29 6499 11 18 21 7 12285 37 19 8666 14 14804 16473 13360 7 0 5 9 59 16194 9 17 10 17 23 16 2 4 21 
63 6143 3 12 4 7 13 4 9 34 42 14804 17 36 9326 17 19 3 5305 10110 40 17 10471 6499 3250 3997 12277 7 7772 9 23 8305 16971 5107 4 28 11 14082 15165 13 22 10 5416 5777 5 3997 17 7 48 13 10 10 3350 9 12285 12 30 5055 65 52 16752 20 10110 5 0 9 56 15356 8 5 14082 23 21 24 3250 10 7 
64 48 6 42 10 11727 15 38 12657 25 25 26 20 18 14 78 20 14 47 18 16 37 12 19 8305 8438 21303 54 11 9 30 12638 104 43 9388 10880 15 16 18 24 41 34 4 6 6 19 12 11324 14 52 7328 37 10051 11 18149 13989 23470 8 22 43 22337 22 30 9 9 0 23 28 16 40 25 74 15887 42 10 10471 11168 
65 11 15 16609 11 9772 14 10889 5584 28 7259 2792 8 8 10 6 52 20 17 15526 7 32 26 17032 16 14 24 28 10 40 16 32 11 14 26 34 6 19 15356 2 12 9 36 18 19 9 12 8 25 17693 22 17 41 10 7 37 14443 17 13 5 7 75 23 59 56 23 0 2 7818 13 74 17869 73 20 14240 23 38 
66 10 21 18054 11 13 14519 12285 6422 9 18 5 4 17 10331 4188 17 11102 10 23 6701 16 87 23 70 16 14443 17 11 22 33 17332 7259 9 18 8935 6 35 32 3 8097 9 22 79 37 9548 15 34 20581 37 12 16 12 19 5 36 19 19 12564 5584 4188 21 25 16194 15356 28 2 0 10 12 38 36 19 6980 31 19498 10610 
67 3 8376 5026 7 2 8 5 3 6 6980 8 9 7 5026 7 7 6701 4 14 5026 20 10 12 13 21 16 6 3350 7539 5 9 20 6980 6 1396 4 12 10 7 7 4747 23 46 21 6701 7 7 7539 7 37 11915 4 10 20 6143 16 47 7 5 9 11727 10331 9 8 16 7818 10 0 3 10610 10889 22 6 6980 8 4 
68 2 7 2 11 2 6 6 11 22 31 9 10051 6 7 12 8 6 3 17 10 10 22 7 7539 10 53 3630 5 4747 17 2234 12006 7 13 3630 7 8 7818 38 9 5026 17 16 7259 7 13 5 5863 8 9 11554 11 5 8 17 66 9 30 15 14 10610 9 17 5 40 13 12 3 0 9 11 11 7539 3909 3630 1 
69 13 13 9 11 9 4 11 10214 9 34 17311 17032 13681 7 60 7 10 15 23831 20 6 4 11 16248 16 98 11727 7 7 32 17 21 50 15 10 11 1954 4 17 66 56 14 13 13 13 9 9 3972 25 11102 90 11168 15 59 11 35 69 7539 63 18 5 20 10 14082 25 74 38 10610 9 0 18 2513 64 43 7 19 
70 11 18 49 52 9493 6 13 20 8438 18 17590 16194 18 5995 27 4467 24 15 27 10 1675 32 16 84 19 53 25 6 23 10 12 42 17 32 31 11 7 3 17 18 15356 39 18415 20 27 7539 8216 7 8 13545 28 15 7106 17 8 60 28 21 32 15636 1117 10832 17 23 74 17869 36 10889 11 18 0 2 67 15 40 13 
71 10889 14 11193 15 10 5 10610 10 11 18 17590 67 14240 7 16 5 11 12844 32 38 3071 6138 48 19137 57 26 12285 8 10 32 9388 21 27 14443 7994 11 4 2792 17311 19 30 17 15887 32 51 9 9 4694 9 51 30 25 9 29 8 117 25 7 16 21 1396 9 23 21 15887 73 19 22 11 2513 2 0 17 13 11 13 
72 5584 58 49 6 7 12 8 3997 7 1998 6 7 2 32 8 16 5995 9 10 13 31 21 34 29 7106 26 5 7 32 55 12277 3553 6 23 22 10 30 28 3630 4 5 17 23 16248 4 18 5329 17 15 6883 9 7 6 5584 8 12 20 25 4 11 70 22 16 24 42 20 6980 6 7539 64 67 17 0 12999 14 26 
73 7 7 4 5 7 13 4 15 16 51 15526 13681 40 16 13 51 12 7 13 12 14443 8 4 6 7 15 7 8 16 18 12 38 8 1805 12 11 10832 12277 14 16 38 12 22 9 5 6 6661 10 8 9 49 5 13 13 11 18 30 15 13721 32 19 29 2 3250 10 14240 31 6980 3909 43 15 13 12999 0 19 5026 
74 6 6499 3 28 5 6 5 11193 12 59 33 21 22 9 31 9 11 8 16971 25 9 12 6 14 9 71 9 14 2 6 9 22 10 6 7944 11915 6 7222 17 59 22 20 9 10 15 8 10 3972 2889 7328 17 6 9 14082 14 42 15 9 16 19137 20 6 4 10 10471 23 19498 8 3630 7 40 11 14 19 0 5 
75 1 26 4 6 6 6143 4 4 9 7 32 17 16 6 8097 7 11 3 12999 7 9 27 7539 17 18 12638 2513 8 6 4467 3071 11168 13 6 11 5 34 9 10 14 9 9 37 8376 12 4 4 6701 9 10 22 4 3909 6980 9 15887 10 7259 13 22 12 8655 21 7 11168 38 10610 4 1 19 13 13 26 5026 5 0 

;param cto[*,*]
: 0 1 2 3 4 5 6 7 8 9 10 11 12 13 14 15 16 17 18 19 20 21 22 23 24 25 26 27 28 29 30 31 32 33 34 35 36 37 38 39 40 41 42 43 44 45 46 47 48 49 50 51 52 53 54 55 56 57 58 59 60 61 62 63 64 65 66 67 68 69 70 71 72 73 74 75:=
0 0 46 44 45 39 42 43 44 40 42 42 43 40 42 43 43 41 39 48 42 44 43 43 43 48 44 39 41 42 41 40 44 42 41 40 41 44 44 42 42 40 44 44 43 41 40 44 42 41 43 43 40 40 42 43 45 44 43 45 45 46 44 42 42 46 43 48 39 39 44 49 45 41 41 41 38 
1 46 0 40 42 42 44 41 49 45 44 46 51 43 49 51 45 44 46 44 46 46 46 43 40 42 45 43 44 40 47 42 47 43 39 44 46 44 45 47 45 43 40 40 39 42 43 44 43 42 41 44 41 44 46 46 50 41 46 45 49 46 42 39 43 45 51 49 43 41 44 46 49 45 39 41 42 
2 44 40 0 46 40 41 43 43 42 44 49 46 42 46 45 42 41 41 45 44 44 40 41 42 44 45 45 41 40 41 43 47 47 40 41 43 42 42 45 44 46 42 42 42 42 40 45 41 40 42 44 40 45 44 44 47 43 43 44 47 44 41 43 41 43 46 47 41 39 46 44 43 44 39 39 40 
3 45 42 46 0 42 49 41 47 44 40 43 45 40 45 49 46 39 40 41 45 47 49 47 41 40 45 41 44 44 44 47 44 39 41 43 44 46 47 44 41 40 43 43 42 38 47 43 45 44 44 40 40 44 44 46 43 42 46 42 47 48 45 42 40 45 45 46 46 41 51 48 48 41 42 43 45 
4 39 42 40 42 0 41 40 40 40 43 43 43 41 41 43 41 42 40 45 42 43 42 43 48 45 45 40 40 42 40 43 46 43 45 39 45 42 46 43 43 42 44 48 44 46 39 39 41 40 44 48 41 43 42 42 47 49 42 42 45 44 43 42 46 45 44 45 39 43 47 44 44 46 42 40 39 
5 42 44 41 49 41 0 42 43 42 46 46 46 44 41 44 39 44 47 48 43 40 40 43 46 47 48 43 40 41 39 40 49 46 43 41 43 40 43 50 46 45 46 45 45 46 44 42 39 39 46 51 44 41 44 42 50 47 40 45 50 41 46 42 48 49 51 47 42 45 44 41 40 49 43 40 42 
6 43 41 43 41 40 42 0 42 42 42 44 48 41 43 44 47 40 40 44 44 45 42 42 42 43 44 40 42 41 41 40 49 45 39 41 43 47 44 44 42 41 46 42 46 45 41 41 42 41 42 43 39 42 43 44 45 43 44 42 46 46 47 40 44 44 45 46 40 39 44 45 45 42 40 40 39 
7 44 49 43 47 40 43 42 0 39 42 41 40 40 41 40 43 47 41 49 44 45 44 46 46 46 44 43 41 44 42 42 47 43 43 40 39 45 44 41 46 41 47 47 46 43 41 39 44 43 45 44 42 40 39 41 46 51 43 40 46 46 46 48 44 48 41 42 39 41 46 46 50 41 44 43 44 
8 40 45 42 44 40 42 42 39 0 44 42 45 41 40 40 46 48 42 46 39 47 44 46 46 46 45 40 44 48 45 42 45 44 44 39 39 44 43 46 43 42 47 47 46 44 40 42 43 42 46 45 42 39 44 40 47 47 41 42 46 45 46 44 45 48 42 43 40 41 49 45 45 42 44 43 41 
9 42 44 44 40 43 46 42 42 44 0 40 43 40 49 44 47 42 41 41 44 49 47 46 44 46 40 41 48 46 45 44 41 39 43 43 43 48 48 42 38 39 46 46 45 40 44 47 47 46 42 40 41 44 43 46 41 45 47 40 46 50 51 45 43 48 42 44 42 43 49 53 53 39 44 45 46 
10 42 46 49 43 43 46 44 41 42 40 0 40 40 48 42 46 44 42 44 43 48 47 47 46 45 42 41 44 47 45 45 40 42 45 43 42 52 47 39 40 41 48 48 51 42 48 42 47 46 45 42 43 43 41 44 43 47 46 43 43 50 49 50 45 49 40 45 42 48 49 49 49 39 46 46 43 
11 43 51 46 45 43 46 48 40 45 43 40 0 42 43 40 49 46 43 46 41 47 47 48 48 51 45 46 43 47 45 45 42 44 46 42 40 48 47 39 42 43 49 49 49 45 44 42 51 46 47 49 44 43 39 46 46 49 45 40 44 49 53 47 47 55 39 39 42 44 49 48 49 41 47 46 43 
12 40 43 42 40 41 44 41 40 41 40 40 42 0 47 43 45 41 39 42 43 46 45 45 44 43 42 39 42 48 43 46 42 40 42 41 41 50 49 41 43 39 45 45 44 40 42 45 45 44 42 45 40 42 41 44 43 45 45 43 44 48 46 43 42 51 42 43 40 41 47 47 47 43 43 43 40 
13 42 49 46 45 41 41 43 41 40 49 48 43 47 0 42 40 45 43 48 40 42 43 45 51 51 47 42 39 44 44 45 47 46 44 40 41 42 41 44 45 44 47 47 46 46 40 40 46 41 51 47 44 39 42 39 49 48 39 44 43 43 45 44 45 48 48 44 41 46 48 43 43 44 44 46 46 
14 43 51 45 49 43 44 44 40 40 44 42 40 43 42 0 44 46 43 47 43 46 46 48 48 48 50 46 46 47 47 44 44 45 46 41 39 46 49 41 44 47 49 49 48 45 43 41 49 45 47 46 44 41 39 41 47 49 43 42 40 47 48 46 47 50 41 40 42 44 47 47 47 46 50 46 43 
15 43 45 42 46 41 39 47 43 46 47 46 49 45 40 44 0 45 44 49 46 40 42 44 47 48 52 43 44 43 40 41 49 47 44 41 42 44 39 49 46 45 47 46 46 46 40 42 40 44 47 48 44 41 44 41 54 48 38 49 49 41 43 44 45 47 46 46 46 42 42 41 45 46 44 42 46 
16 41 44 41 39 42 44 40 47 48 42 44 46 41 45 46 45 0 40 42 45 51 44 42 40 44 43 46 44 46 47 42 45 41 39 43 44 45 46 45 42 41 42 42 41 40 43 43 44 43 39 41 39 44 45 50 44 45 46 43 48 47 44 41 39 43 46 47 42 41 49 47 50 43 40 42 41 
17 39 46 41 40 40 47 40 41 42 41 42 43 39 43 43 44 40 0 42 43 46 44 43 43 42 42 43 42 43 42 45 44 44 41 41 42 45 49 42 44 43 44 44 47 40 42 41 44 43 42 42 39 42 42 44 44 44 44 41 45 47 45 42 41 45 43 48 40 44 46 46 46 41 41 42 43 
18 48 44 45 41 45 48 44 49 46 41 44 46 42 48 47 49 42 42 0 47 50 51 50 43 40 44 48 51 46 47 46 43 44 43 46 46 49 49 45 42 42 45 49 44 40 46 46 48 47 45 39 42 46 46 48 40 47 49 43 53 51 48 45 43 51 46 47 48 44 50 55 51 42 48 46 44 
19 42 46 44 45 42 43 44 44 39 44 43 41 43 40 43 46 45 43 47 0 44 45 47 51 48 46 42 40 45 42 43 49 45 45 40 43 48 44 42 44 44 48 52 51 45 42 40 44 43 47 46 44 40 40 39 48 49 45 42 41 46 47 45 46 49 46 42 41 43 46 45 46 43 45 44 46 
20 44 46 44 47 43 40 45 45 47 49 48 47 46 42 46 40 51 46 50 44 0 42 45 48 49 50 45 42 43 41 42 51 48 45 43 48 40 39 48 52 47 47 51 47 48 42 43 44 41 52 50 46 46 46 43 52 49 40 47 51 40 43 44 50 47 48 52 44 44 41 39 40 48 45 46 48 
21 43 46 40 49 42 40 42 44 44 47 47 47 45 43 46 42 44 44 51 45 42 0 41 44 46 48 44 42 43 44 40 49 50 42 43 45 40 41 47 47 45 47 43 47 45 41 43 39 39 45 47 43 46 46 44 53 45 46 46 52 42 40 44 43 43 48 49 43 41 40 42 41 46 41 39 42 
22 43 43 41 47 43 43 42 46 46 46 47 48 45 45 48 44 42 43 50 47 45 41 0 42 44 51 48 44 39 43 42 49 45 41 44 46 43 44 48 46 44 44 40 40 44 43 45 42 42 43 49 42 48 47 50 48 42 49 47 50 45 40 39 41 40 49 50 44 42 42 45 44 46 40 40 43 
23 43 40 42 41 48 46 42 46 46 44 46 48 44 51 48 47 40 43 43 51 48 44 42 0 44 44 44 46 42 45 44 47 43 40 45 47 46 47 47 48 43 40 40 40 42 45 45 45 44 40 43 42 46 47 48 49 42 47 46 50 48 44 45 39 42 52 49 44 43 46 48 47 45 41 43 43 
24 48 42 44 40 45 47 43 46 46 46 45 51 43 51 48 48 44 42 40 48 49 46 44 44 0 42 44 46 45 46 49 45 41 42 49 46 48 48 46 43 42 42 43 42 40 46 46 47 46 39 40 42 46 47 49 43 45 49 44 53 50 46 44 41 45 47 48 45 44 48 50 49 44 43 49 44 
25 44 45 45 45 45 48 44 44 45 40 42 45 42 47 50 52 43 42 44 46 50 48 51 44 42 0 47 46 47 47 50 41 40 44 45 45 49 49 43 44 41 46 47 46 41 46 49 48 47 42 39 43 46 45 48 39 45 52 42 47 55 49 46 44 48 44 45 44 44 50 51 55 41 49 47 44 
26 39 43 45 41 40 43 40 43 40 41 41 46 39 42 46 43 46 43 48 42 45 44 48 44 44 47 0 41 43 42 41 43 41 42 43 40 45 44 41 41 40 45 45 44 41 41 40 44 42 47 43 40 40 41 42 45 45 43 40 44 46 45 43 46 46 42 43 39 40 45 46 46 40 46 42 39 
27 41 44 41 44 40 40 42 41 44 48 44 43 42 39 46 44 44 42 51 40 42 42 44 46 46 46 41 0 42 39 40 46 45 43 39 41 42 41 47 44 47 46 46 45 44 39 39 41 40 46 46 42 42 42 40 48 50 40 43 44 47 44 43 44 50 48 48 40 45 47 47 43 47 43 41 40 
28 42 40 40 44 42 41 41 44 48 46 47 47 48 44 47 43 46 43 46 45 43 43 39 42 45 47 43 42 0 41 40 49 45 40 43 45 45 42 47 46 44 42 41 41 44 41 43 40 40 47 46 42 43 46 49 48 43 43 46 48 47 40 39 41 42 48 52 43 41 45 44 42 46 40 43 45 
29 41 47 41 44 40 39 41 42 45 45 45 45 43 44 47 40 47 42 47 42 41 44 43 45 46 47 42 39 41 0 39 51 45 42 40 42 41 40 49 45 44 45 45 44 45 38 44 40 43 45 46 42 40 43 42 49 50 44 44 49 42 42 42 44 45 49 46 41 40 42 42 42 45 42 40 41 
30 40 42 43 47 43 40 40 42 42 44 45 45 46 45 44 41 42 45 46 43 42 40 42 44 49 50 41 40 40 39 0 51 44 45 40 42 41 41 45 44 43 44 43 43 43 39 41 40 39 44 45 41 41 44 43 48 44 42 44 46 43 42 40 42 44 46 46 41 39 42 43 42 44 41 39 40 
31 44 47 47 44 46 49 49 47 45 41 40 42 42 47 44 49 45 44 43 49 51 49 49 47 45 41 43 46 49 51 51 0 42 46 45 44 50 50 41 41 42 49 49 48 43 47 45 49 52 45 42 48 46 43 51 42 48 48 41 45 52 50 48 46 51 41 42 44 46 55 51 55 41 47 48 45 
32 42 43 47 39 43 46 45 43 44 39 42 44 40 46 45 47 41 44 44 45 48 50 45 43 41 40 41 45 45 45 44 42 0 46 43 48 47 47 47 40 39 48 45 44 39 44 43 46 45 41 39 40 44 44 46 41 47 51 41 47 49 47 44 42 46 44 49 42 46 48 49 49 40 43 44 42 
33 41 39 40 41 45 43 39 43 44 43 45 46 42 44 46 44 39 41 43 45 45 42 41 40 42 44 42 43 40 42 45 46 46 0 42 48 44 44 45 43 42 41 41 44 41 42 43 46 46 41 43 40 47 45 49 46 41 45 44 48 50 42 39 39 42 46 47 46 40 44 46 45 44 39 44 41 
34 40 44 41 43 39 41 41 40 39 43 43 42 41 40 41 41 43 41 46 40 43 43 44 45 49 45 43 39 43 40 40 45 43 42 0 40 43 42 42 43 46 46 46 45 43 40 38 42 41 45 45 42 38 41 41 47 46 41 42 43 45 48 43 43 47 43 44 39 40 44 44 44 42 43 42 40 
35 41 46 43 44 45 43 43 39 39 43 42 40 41 41 39 42 44 42 46 43 48 45 46 47 46 45 40 41 45 42 42 44 48 48 40 0 45 44 45 42 42 47 47 47 48 45 43 44 43 49 45 47 40 39 40 47 48 42 41 41 50 46 49 45 49 41 46 40 46 46 46 46 42 45 44 45 
36 44 44 42 46 42 40 47 45 44 48 52 48 50 42 46 44 45 45 49 48 40 40 43 46 48 49 45 42 45 41 41 50 47 44 43 45 0 39 48 48 50 45 49 45 51 41 44 39 40 47 49 45 43 46 44 55 51 41 47 52 40 45 42 45 45 49 49 44 47 39 40 39 47 43 45 43 
37 44 45 42 47 46 43 44 44 43 48 47 47 49 41 49 39 46 49 49 44 39 41 44 47 48 49 44 41 42 40 41 50 47 44 42 44 39 0 47 47 46 46 46 46 47 41 43 40 40 47 52 45 42 45 42 51 47 40 47 47 40 42 43 45 46 48 48 43 43 44 39 40 47 44 41 43 
38 42 47 45 44 43 50 44 41 46 42 39 39 41 44 41 49 45 42 45 42 48 47 48 47 46 43 41 47 47 49 45 41 47 45 42 45 48 47 0 41 42 49 49 48 43 44 42 47 46 46 44 44 43 40 44 44 48 45 39 42 49 49 47 50 50 39 44 46 44 53 53 49 40 46 50 43 
39 42 45 44 41 43 46 42 46 43 38 40 42 43 45 44 46 42 44 42 44 52 47 46 48 43 44 41 44 46 45 44 41 40 43 43 42 48 47 41 0 43 46 46 46 40 44 43 47 45 43 40 42 44 42 49 46 45 46 40 45 49 47 45 43 48 42 43 42 43 48 53 49 39 44 45 42 
40 40 43 46 40 42 45 41 41 42 39 41 43 39 44 47 45 41 43 42 44 47 45 44 43 42 41 40 47 44 44 43 42 39 42 46 42 50 46 42 43 0 44 45 44 39 43 42 45 48 42 41 40 42 42 45 43 44 45 40 45 48 46 43 42 46 43 48 41 41 47 48 47 40 42 43 41 
41 44 40 42 43 44 46 46 47 47 46 48 49 45 47 49 47 42 44 45 48 47 47 44 40 42 46 45 46 42 45 44 49 48 41 46 47 45 46 49 46 44 0 42 38 44 49 46 45 44 42 45 43 46 52 49 47 40 47 51 51 47 42 41 40 44 49 51 45 43 49 47 50 50 41 43 48 
42 44 40 42 43 48 45 42 47 47 46 48 49 45 47 49 46 42 44 49 52 51 43 40 40 43 47 45 46 41 45 43 49 45 41 46 47 49 46 49 46 45 42 0 42 44 48 46 44 44 42 45 43 46 48 52 48 40 47 47 51 47 42 41 41 39 53 51 45 43 48 47 46 47 40 46 44 
43 43 39 42 42 44 45 46 46 46 45 51 49 44 46 48 46 41 47 44 51 47 47 40 40 42 46 44 45 41 44 43 48 44 44 45 47 45 46 48 46 44 38 42 0 43 44 49 48 44 45 48 42 45 47 48 47 40 47 46 54 47 42 44 40 40 49 50 44 42 48 47 46 46 40 42 43 
44 41 42 42 38 46 46 45 43 44 40 42 45 40 46 45 46 40 40 40 45 48 45 44 42 40 41 41 44 44 45 43 43 39 41 43 48 51 47 43 40 39 44 44 43 0 48 47 46 45 40 43 40 44 48 46 42 43 46 42 47 49 46 43 41 46 44 46 42 42 47 49 48 41 46 44 42 
45 40 43 40 47 39 44 41 41 40 44 48 44 42 40 43 40 43 42 46 42 42 41 43 45 46 46 41 39 41 38 39 47 44 42 40 45 41 41 44 44 43 49 48 44 48 0 40 44 39 45 46 42 39 43 41 48 46 40 43 45 43 43 42 43 49 45 45 40 40 42 43 42 44 46 40 40 
46 44 44 45 43 39 42 41 39 42 47 42 42 45 40 41 42 43 41 46 40 43 43 45 45 46 49 40 39 43 44 41 45 43 43 38 43 44 43 42 43 42 46 46 49 47 40 0 43 42 45 45 42 39 40 41 47 46 41 42 47 49 45 47 48 47 47 43 39 40 45 44 44 42 43 42 40 
47 42 43 41 45 41 39 42 44 43 47 47 51 45 46 49 40 44 44 48 44 44 39 42 45 47 48 44 41 40 40 40 49 46 46 42 44 39 40 47 47 45 45 44 48 46 44 43 0 39 46 47 43 46 49 43 50 50 41 46 51 41 41 41 44 44 48 48 43 42 40 41 40 50 42 40 42 
48 41 42 40 44 40 39 41 43 42 46 46 46 44 41 45 44 43 43 47 43 41 39 42 44 46 47 42 40 40 43 39 52 45 46 41 43 40 40 46 45 48 44 44 44 45 39 42 39 0 45 46 42 41 44 46 49 45 41 45 46 46 41 41 43 44 47 47 42 40 41 46 41 49 42 39 41 
49 43 41 42 44 44 46 42 45 46 42 45 47 42 51 47 47 39 42 45 47 52 45 43 40 39 42 47 46 47 45 44 45 41 41 45 49 47 47 46 43 42 42 42 45 40 45 45 46 45 0 41 41 45 46 48 44 44 47 44 49 49 45 42 40 44 47 52 44 42 47 49 48 43 41 44 43 
50 43 44 44 40 48 51 43 44 45 40 42 49 45 47 46 48 41 42 39 46 50 47 49 43 40 39 43 46 46 46 45 42 39 43 45 45 49 52 44 40 41 45 45 48 43 46 45 47 46 41 0 42 49 45 51 44 44 52 42 48 51 47 45 42 47 44 49 44 44 49 50 50 41 44 46 43 
51 40 41 40 40 41 44 39 42 42 41 43 44 40 44 44 44 39 39 42 44 46 43 42 42 42 43 40 42 42 42 41 48 40 40 42 47 45 45 44 42 40 43 43 42 40 42 42 43 42 41 42 0 42 43 45 44 42 48 42 46 50 44 41 40 44 44 49 44 40 45 46 46 42 40 45 40 
52 40 44 45 44 43 41 42 40 39 44 43 43 42 39 41 41 44 42 46 40 46 46 48 46 46 46 40 42 43 40 41 46 44 47 38 40 43 42 43 44 42 46 46 45 44 39 39 46 41 45 49 42 0 41 40 47 47 40 42 43 44 48 43 44 51 44 44 39 41 44 44 44 47 43 42 40 
53 42 46 44 44 42 44 43 39 44 43 41 39 41 42 39 44 45 42 46 40 46 46 47 47 47 45 41 42 46 43 44 43 44 45 41 39 46 45 40 42 42 52 48 47 48 43 40 49 44 46 45 43 41 0 41 46 48 43 44 41 51 47 46 46 49 40 40 41 47 47 47 47 41 46 45 42 
54 43 46 44 46 42 42 44 41 40 46 44 46 44 39 41 41 50 44 48 39 43 44 50 48 49 48 42 40 49 42 43 51 46 49 41 40 44 42 44 49 45 49 52 48 46 41 41 43 46 48 51 45 40 41 0 53 53 40 44 46 44 46 45 46 49 44 44 42 43 45 44 48 48 46 44 43 
55 45 50 47 43 47 50 45 46 47 41 43 46 43 49 47 54 44 44 40 48 52 53 48 49 43 39 45 48 48 49 48 42 41 46 47 47 55 51 44 46 43 47 48 47 42 48 47 50 49 44 44 44 47 46 53 0 50 50 43 49 53 50 51 45 49 45 46 49 46 52 53 52 42 50 48 46 
56 44 41 43 42 49 47 43 51 47 45 47 49 45 48 49 48 45 44 47 49 49 45 42 42 45 45 45 50 43 50 44 48 47 41 46 48 51 47 48 45 44 40 40 40 43 46 46 50 45 44 44 42 47 48 53 50 0 48 46 51 49 48 42 40 42 53 54 45 47 46 49 48 46 42 44 48 
57 43 46 43 46 42 40 44 43 41 47 46 45 45 39 43 38 46 44 49 45 40 46 49 47 49 52 43 40 43 44 42 48 51 45 41 42 41 40 45 46 45 47 47 47 46 40 41 41 41 47 52 48 40 43 40 50 48 0 45 44 46 44 44 46 47 50 46 46 43 43 41 42 46 45 46 42 
58 45 45 44 42 42 45 42 40 42 40 43 40 43 44 42 49 43 41 43 42 47 46 47 46 44 42 40 43 46 44 44 41 41 44 42 41 47 47 39 40 40 51 47 46 42 43 42 46 45 44 42 42 42 44 44 43 46 45 0 47 49 47 45 44 49 40 41 45 43 48 48 52 39 45 45 42 
59 45 49 47 47 45 50 46 46 46 46 43 44 44 43 40 49 48 45 53 41 51 52 50 50 53 47 44 44 48 49 46 45 47 48 43 41 52 47 42 45 45 51 51 54 47 45 47 51 46 49 48 46 43 41 46 49 51 44 47 0 49 50 48 49 52 41 40 48 46 53 48 49 44 48 47 45 
60 46 46 44 48 44 41 46 46 45 50 50 49 48 43 47 41 47 47 51 46 40 42 45 48 50 55 46 47 47 42 43 52 49 50 45 50 40 40 49 49 48 47 47 47 49 43 49 41 46 49 51 50 44 51 44 53 49 46 49 49 0 43 44 47 47 50 50 45 45 40 38 39 49 45 43 45 
61 44 42 41 45 43 46 47 46 46 51 49 53 46 45 48 43 44 45 48 47 43 40 40 44 46 49 45 44 40 42 42 50 47 42 48 46 45 42 49 47 46 42 42 42 46 43 45 41 41 45 47 44 48 47 46 50 48 44 47 50 43 0 40 43 42 53 54 44 43 40 43 42 47 41 40 43 
62 42 39 43 42 42 42 40 48 44 45 50 47 43 44 46 44 41 42 45 45 44 44 39 45 44 46 43 43 39 42 40 48 44 39 43 49 42 43 47 45 43 41 41 44 43 42 47 41 41 42 45 41 43 46 45 51 42 44 45 48 44 40 0 44 42 47 48 42 40 42 44 44 45 42 43 41 
63 42 43 41 40 46 48 44 44 45 43 45 47 42 45 47 45 39 41 43 46 50 43 41 39 41 44 46 44 41 44 42 46 42 39 43 45 45 45 50 43 42 40 41 40 41 43 48 44 43 40 42 40 44 46 46 45 40 46 44 49 47 43 44 0 46 47 48 46 45 45 47 46 44 39 42 42 
64 46 45 43 45 45 49 44 48 48 48 49 55 51 48 50 47 43 45 51 49 47 43 40 42 45 48 46 50 42 45 44 51 46 42 47 49 45 46 50 48 46 44 39 40 46 49 47 44 44 44 47 44 51 49 49 49 42 47 49 52 47 42 42 46 0 51 52 46 44 44 47 46 48 42 43 45 
65 43 51 46 45 44 51 45 41 42 42 40 39 42 48 41 46 46 43 46 46 48 48 49 52 47 44 42 48 48 49 46 41 44 46 43 41 49 48 39 42 43 49 53 49 44 45 47 48 47 47 44 44 44 40 44 45 53 50 40 41 50 53 47 47 51 0 39 43 45 50 49 49 41 47 47 44 
66 48 49 47 46 45 47 46 42 43 44 45 39 43 44 40 46 47 48 47 42 52 49 50 49 48 45 43 48 52 46 46 42 49 47 44 46 49 48 44 43 48 51 51 50 46 45 43 48 47 52 49 49 44 40 44 46 54 46 41 40 50 54 48 48 52 39 0 44 49 50 49 54 42 48 47 45 
67 39 43 41 46 39 42 40 39 40 42 42 42 40 41 42 46 42 40 48 41 44 43 44 44 45 44 39 40 43 41 41 44 42 46 39 40 44 43 46 42 41 45 45 44 42 40 39 43 42 44 44 44 39 41 42 49 45 46 45 48 45 44 42 46 46 43 44 0 40 45 45 45 45 42 42 39 
68 39 41 39 41 43 45 39 41 41 43 48 44 41 46 44 42 41 44 44 43 44 41 42 43 44 44 40 45 41 40 39 46 46 40 40 46 47 43 44 43 41 43 43 42 42 40 40 42 40 42 44 40 41 47 43 46 47 43 43 46 45 43 40 45 44 45 49 40 0 47 44 44 43 40 40 38 
69 44 44 46 51 47 44 44 46 49 49 49 49 47 48 47 42 49 46 50 46 41 40 42 46 48 50 45 47 45 42 42 55 48 44 44 46 39 44 53 48 47 49 48 48 47 42 45 40 41 47 49 45 44 47 45 52 46 43 48 53 40 40 42 45 44 50 50 45 47 0 41 39 48 43 41 44 
70 49 46 44 48 44 41 45 46 45 53 49 48 47 43 47 41 47 46 55 45 39 42 45 48 50 51 46 47 44 42 43 51 49 46 44 46 40 39 53 53 48 47 47 47 49 43 44 41 46 49 50 46 44 47 44 53 49 41 48 48 38 43 44 47 47 49 49 45 44 41 0 43 49 49 43 45 
71 45 49 43 48 44 40 45 50 45 53 49 49 47 43 47 45 50 46 51 46 40 41 44 47 49 55 46 43 42 42 42 55 49 45 44 46 39 40 49 49 47 50 46 46 48 42 44 40 41 48 50 46 44 47 48 52 48 42 52 49 39 42 44 46 46 49 54 45 44 39 43 0 52 48 42 44 
72 41 45 44 41 46 49 42 41 42 39 39 41 43 44 46 46 43 41 42 43 48 46 46 45 44 41 40 47 46 45 44 41 40 44 42 42 47 47 40 39 40 50 47 46 41 44 42 50 49 43 41 42 47 41 48 42 46 46 39 44 49 47 45 44 48 41 42 45 43 48 49 52 0 44 49 42 
73 41 39 39 42 42 43 40 44 44 44 46 47 43 44 50 44 40 41 48 45 45 41 40 41 43 49 46 43 40 42 41 47 43 39 43 45 43 44 46 44 42 41 40 40 46 46 43 42 42 41 44 40 43 46 46 50 42 45 45 48 45 41 42 39 42 47 48 42 40 43 49 48 44 0 40 41 
74 41 41 39 43 40 40 40 43 43 45 46 46 43 46 46 42 42 42 46 44 46 39 40 43 49 47 42 41 43 40 39 48 44 44 42 44 45 41 50 45 43 43 46 42 44 40 42 40 39 44 46 45 42 45 44 48 44 46 45 47 43 40 43 42 43 47 47 42 40 41 43 42 49 40 0 45 
75 38 42 40 45 39 42 39 44 41 46 43 43 40 46 43 46 41 43 44 46 48 42 43 43 44 44 39 40 45 41 40 45 42 41 40 45 43 43 43 42 41 48 44 43 42 40 40 42 41 43 43 40 40 42 43 46 48 42 42 45 45 43 41 42 45 44 45 39 38 44 45 44 42 41 45 0 

;param d[*,*]
: 0 1 2 3 4 5 6 7 8 9 10 11 12 13 14 15 16 17 18 19 20 21 22 23 24 25 26 27 28 29 30 31 32 33 34 35 36 37 38 39 40 41 42 43 44 45 46 47 48 49 50 51 52 53 54 55 56 57 58 59 60 61 62 63 64 65 66 67 68 69 70 71 72 73 74 75:=
0 0.0 0 0 0 0.27 0.42 0 0 1.41 0.38 1.6 0.48 0.47 2.07 0.45 2.54 0.32 0.75 0 0 0.6 2.54 1.17 0.52 0 3.11 0 0.99 2.26 0 0.23 1.45 0.86 1.6 0.39 1.69 3.11 3.01 1.6 0.37 0.86 1.41 3.39 0.52 0 0 0 0 1.23 0 0.48 0.18 0.23 2.07 1.66 1.64 0 1.72 0 0.63 0 3.2 1.36 2.07 2.65 0.52 0 0.2 0.12 0.62 0 3.67 1.88 0.33 0 0 
1 0 0.0 0.55 1.42 0.43 1.29 0.63 0 2.46 1.45 1.84 0 2.92 0 0 1.56 0 0 0.6 2.9 1.72 0 0 1.13 0.42 5.32 2.82 0 0.55 0 0.35 0.9 0 1.01 2.03 0 4.31 4.81 1.96 0.63 3.67 0.68 0.39 0.76 1.6 0 1.37 3.55 1.6 1.11 2.09 1.11 2.16 0.8 0 0 0.27 1.68 2.59 2.46 5.7 0.82 0.75 0 0 0 1.02 2.82 0.32 0.55 0.77 0 3.76 0.47 2.28 1.42 
2 0 0.55 0.0 0 1.13 0.32 0 3.42 1.02 4.31 0 2.65 3.17 0 2.46 2.45 1.11 0.7 0.67 2.09 4.05 0.59 2.03 1.54 2.03 0.7 0 2.53 0.94 1.51 0 1.96 0 1.27 1.17 3.8 0.94 1.02 5.19 0.57 0 0.98 2.26 0.35 1.02 1.32 0 1.6 0.8 0.43 0.6 0 0 1.41 3.2 1.99 3.8 3.67 2.09 6.33 2.16 1.88 0 0.99 2.73 5.83 6.33 1.69 0.12 0 3.2 3.93 3.2 0.35 0.12 0.18 
3 0 1.42 0 0.0 0 0 0.27 0 2.09 0.23 1.72 0.65 0.59 0 0 1.8 0.15 1.13 2.03 0.68 0 0 0 0 0 0 1.88 2.16 1.97 2.22 0 0.53 0.31 0.63 1.13 0.57 2.96 0 0 0 0 0 1.21 1.6 0.18 0 0 1.6 0 0 1.52 0.39 2.03 0 2.83 2.54 0.98 0 0.4 0.87 0.99 2.53 1.6 0 0 0 0 0 0.78 0 2.27 0 0 0 1.21 0 
4 0.27 0.43 1.13 0 0.0 0.3 0.2 1.41 0 1.85 0 0.52 1.69 0 1.66 0.33 1.48 0.59 5.19 0.35 2.73 0.86 2.73 0 0.63 1.56 1.04 0.94 1.98 1.04 0 4.05 0 0 0.66 0 0.43 0 2.92 2.73 1.29 3.48 0 1.29 0 0 0 0.78 0.86 1.29 0 1.51 0 0.94 0 0.82 0 0.82 1.54 3.58 3.39 0 0.82 0 3.95 3.29 0.63 0.12 0 0 3.2 0 0 0 0 0.31 
5 0.42 1.29 0.32 0 0.3 0.0 2.45 0.5 0.98 2.96 4.52 0 3.39 0 0.62 0 2.28 0 0.97 0 1.13 1.65 3.67 2.71 0.89 0.97 1.13 0 1.88 0.56 1.65 1.0 1.8 3.8 0.33 0 0.62 0 0 0 3.67 4.05 5.07 2.4 0 0 0 0.12 0.89 0 0 0.53 0 0.62 1.48 4.13 6.21 1.13 2.59 0 0.7 0 2.35 0 0 0 4.89 0.4 0 0 0.27 0 0 1.09 0.25 2.07 
6 0 0.63 0 0.27 0.2 2.45 0.0 0 0.94 1.54 3.01 0 1.05 0 3.48 0 0.2 0.39 1.97 1.25 0 0.38 0 2.07 0 0.57 0.23 0.37 0.3 1.88 1.13 0 0 0.75 0.7 0.45 0 3.11 0.57 1.02 0.63 0 2.45 0 0 0.66 0 2.35 1.79 1.98 3.55 0.56 0 1.21 0 1.64 2.63 1.25 0.43 0.78 0 0 0.23 0 2.09 3.67 4.14 0.23 0.31 0 0 3.58 0 0.18 0 0.27 
7 0 0 3.42 0 1.41 0.5 0 0.0 0.43 1.54 0.7 0.92 0 0 0 1.72 0 0.7 0 0 2.4 3.48 2.71 2.71 0 0.58 0 0.63 3.48 0.94 3.17 0 1.09 1.21 0 0.2 2.46 2.22 0.63 0 1.23 0 0 0 1.79 0.33 0 4.43 2.73 1.52 2.16 2.16 0.47 0.49 1.17 2.71 0 1.66 0 0 2.96 0.77 0 0 3.51 1.88 2.16 0.15 0.78 2.83 0.73 0 1.11 0.57 3.93 0 
8 1.41 2.46 1.02 2.09 0 0.98 0.94 0.43 0.0 0.53 0 0 0.33 0 0.51 0 0 0.37 1.84 0.27 0 0.55 0.72 2.9 0 3.95 0.86 0 0 0 2.79 0 2.03 0.55 0.27 0.2 0 0 0 1.79 0.42 0 0.83 0.77 0 0.92 0 3.8 3.17 0 2.53 2.45 0.43 0 0.2 1.99 3.2 0.33 0 0 2.53 0.72 1.37 1.49 0.94 1.54 0.45 0.39 1.23 0 2.34 0 0 0.58 0.48 0.66 
9 0.38 1.45 4.31 0.23 1.85 2.96 1.54 1.54 0.53 0.0 0 0.48 0 0 3.39 1.96 0.9 1.51 0.66 2.28 1.0 1.92 5.83 1.33 0 0.39 1.79 0 1.68 5.32 1.45 1.05 0.43 2.82 0.5 0 0.94 5.18 2.07 0.25 0.55 4.14 0.77 1.6 0.74 3.48 0 0.83 2.65 1.54 0.68 0.78 0 1.79 0 0.74 1.52 0.83 0 4.14 1.1 0 2.4 2.73 2.15 2.45 1.29 2.35 1.72 2.35 0 0 0.55 3.29 3.86 0 
10 1.6 1.84 0 1.72 0 4.52 3.01 0.7 0 0 0.0 0 0.92 0 0.38 1.84 0 0.38 1.97 1.72 2.27 3.26 6.84 5.95 2.46 1.42 0 0 6.33 3.86 3.76 0 1.36 3.67 0 0 0 3.33 0.66 0.68 0 3.45 3.51 0 0.43 0 0 1.99 0.75 0 1.6 2.73 1.21 1.6 1.41 1.17 6.72 4.33 0 0.5 2.58 5.65 0 5.19 1.09 0.94 0 0.4 0 5.83 5.93 5.93 0.27 5.45 2.83 1.79 
11 0.48 0 2.65 0.65 0.52 0 0 0.92 0 0.48 0 0.0 0.4 0.5 0.17 0 2.71 0 5.83 1.11 4.89 0.89 5.55 2.23 0 1.49 0 0.52 4.89 0.65 5.07 1.02 1.37 4.33 2.35 1.41 0 0.83 0.13 1.54 1.13 1.07 1.07 2.35 1.49 3.29 0.38 0 0.73 1.96 0 3.39 1.06 0 0 4.23 3.88 3.67 0.25 0 3.76 0 0.85 0.82 0 0.43 0.27 0.42 3.39 5.74 5.46 3.7 0.33 4.61 1.84 1.21 
12 0.47 2.92 3.17 0.59 1.69 3.39 1.05 0 0.33 0 0.92 0.4 0.0 0 1.66 2.34 0.78 0.27 3.29 0.45 0 3.67 0.65 0.55 1.79 2.79 0.27 1.6 0 3.8 0 0 0 1.42 0.7 0.33 0 0 0.74 0 0 3.86 3.95 4.69 0 0.98 0 4.94 0.53 0 0 0.51 0 1.88 2.03 3.93 1.49 2.34 0 2.28 2.15 1.76 0.52 2.35 0 0.4 1.17 0.51 0 4.61 0.89 4.8 0 2.63 1.91 0.86 
13 2.07 0 0 0 0 0 0 0 0 0 0 0.5 0 0.0 2.07 0.68 2.53 0 3.51 0.51 0.35 1.72 0.7 0 0 3.26 2.16 0.43 3.11 0 0 3.14 0 0 0 0 0.43 0.78 1.33 0 2.16 0.89 0 1.88 1.68 0.8 0 0 1.79 0 3.14 0 0 0 0.43 7.86 3.45 0 0 2.82 0 4.81 1.37 2.59 0 0 3.48 1.69 0 0 1.66 0 1.41 0.6 0 0 
14 0.45 0 2.46 0 1.66 0.62 3.48 0 0.51 3.39 0.38 0.17 1.66 2.07 0.0 3.11 1.8 0.52 6.72 0 0.72 5.95 5.27 0.97 2.19 0 0 0 4.61 0 0.6 3.39 1.56 4.23 1.88 0.55 4.42 0 0 0.53 0 1.07 3.88 3.63 1.6 2.73 1.69 0 1.49 0 2.9 0.62 0.78 0.27 1.51 2.07 1.07 1.85 2.07 0 3.26 7.22 0.8 0.82 4.31 0.28 1.41 0 0.55 3.33 1.92 0 0 0 2.65 2.73 
15 2.54 1.56 2.45 1.8 0.33 0 0 1.72 0 1.96 1.84 0 2.34 0.68 3.11 0.0 0 0.58 3.76 0 0.94 0.35 1.45 3.14 0.97 0 2.82 0 1.09 0.17 2.41 0 3.02 2.22 1.23 1.6 0 0.15 0 2.96 0.68 6.33 4.52 5.83 1.84 1.22 0.82 1.9 0 1.99 7.1 1.41 0.27 0.55 0 0 0.94 0.38 0 0 1.23 3.93 3.01 1.64 0.83 2.9 0.8 0 0 0 1.51 0 0.75 3.29 0.37 0 
16 0.32 0 1.11 0.15 1.48 2.28 0.2 0 0 0.9 0 2.71 0.78 2.53 1.8 0 0.0 1.32 2.16 2.59 0 1.97 0 0 0 2.63 0 2.09 0 0 1.48 1.6 0.66 0.31 1.79 1.41 0.7 0.73 1.52 0 0 0 0 1.05 0 1.79 0.5 0 1.85 0.15 2.53 0.49 2.03 1.52 0 2.16 0 1.72 1.17 0 0.89 0 0 0.1 0.52 0.73 3.08 2.26 0.28 0 0.89 0 1.66 0.51 0.4 0.74 
17 0.75 0 0.7 1.13 0.59 0 0.39 0.7 0.37 1.51 0.38 0 0.27 0 0.52 0.58 1.32 0.0 3.29 0.48 0 0 1.91 0 2.45 3.17 0 0 1.09 0.43 0 1.25 0 0 0.28 2.07 0.65 0 2.45 0 0 0.57 3.2 0 0 0 1.11 1.29 0 1.29 2.66 0.1 0.82 1.54 2.09 2.09 3.11 0 0.66 0 1.96 0.63 0.94 1.79 2.59 1.21 0 0.2 0 0.72 0 4.33 0.63 0.33 0 0 
18 0 0.6 0.67 2.03 5.19 0.97 1.97 0 1.84 0.66 1.97 5.83 3.29 3.51 6.72 3.76 2.16 3.29 0.0 4.99 8.87 0 0 3.55 1.22 0 0 0 4.42 4.89 5.7 3.67 0 1.91 2.71 1.8 6.02 1.09 1.52 0.35 1.98 4.94 0 0.62 1.77 6.08 0.73 5.36 2.03 0 0.37 2.45 1.88 2.83 7.48 0.55 0 7.98 1.91 0 9.5 3.45 2.53 3.55 0 5.45 1.96 0 1.45 8.36 0 2.78 0.43 0 5.95 4.56 
19 0 2.9 2.09 0.68 0.35 0 1.25 0 0.27 2.28 1.72 1.11 0.45 0.51 0 0 2.59 0.48 4.99 0.0 0 3.67 0 0 3.39 2.9 0.82 0.92 0.68 1.48 0.48 0 0 0.67 0 0 0 0 1.42 0 1.25 0 0 0 2.53 0.35 0 3.29 2.82 0 0.78 0 0 0.68 0.13 3.45 3.7 0 1.54 0.28 0.73 3.02 0 1.76 0 0 2.26 1.69 0.47 0.75 0 1.68 0.48 0 2.16 0 
20 0.6 1.72 4.05 0 2.73 1.13 0 2.4 0 1.0 2.27 4.89 0 0.35 0.72 0.94 0 0 8.87 0 0.0 2.07 0.67 7.1 0 8.87 3.76 1.36 2.92 1.11 0.42 2.78 3.57 2.59 1.17 0 0 0.37 3.39 0 3.08 3.33 0 6.33 0 0 0.52 0 0.74 0 2.58 0 0 4.14 0 4.87 1.02 0.8 0 0 0.62 3.93 3.39 0 3.14 2.27 0 1.37 0 0.3 0.56 1.04 2.15 5.07 0 0 
21 2.54 0 0.59 0 0.86 1.65 0.38 3.48 0.55 1.92 3.26 0.89 3.67 1.72 5.95 0.35 1.97 0 0 3.67 2.07 0.0 0.7 1.41 0 3.51 2.03 2.16 0 0 0.22 1.07 0 3.04 3.42 4.81 0.39 0.27 6.72 6.21 0.65 0 0.48 0 0 0.3 2.73 0.37 0.49 0 3.14 2.82 0 2.77 0.6 0 4.94 0 4.42 0 0.35 0.17 0 3.67 0.5 2.23 5.65 0.48 1.23 0.17 2.07 2.15 1.84 0.33 0.75 1.48 
22 1.17 0 2.03 0 2.73 3.67 0 2.71 0.72 5.83 6.84 5.55 0.65 0.7 5.27 1.45 0 1.91 0 0 0.67 0.7 0.0 2.66 0 0 0 2.16 0.15 1.79 2.66 3.88 1.56 0.63 1.41 0 1.09 3.2 0 1.84 3.48 0 0.68 0.68 0 1.13 0 2.26 2.91 0 0 1.6 0 2.03 0 2.31 2.91 0 1.92 4.13 4.94 1.52 0.13 2.28 1.22 5.74 1.1 0.57 0 0.98 0.67 3.11 2.9 0.18 0.25 2.54 
23 0.52 1.13 1.54 0 0 2.71 2.07 2.71 2.9 1.33 5.95 2.23 0.55 0 0.97 3.14 0 0 3.55 0 7.1 1.41 2.66 0.0 0 2.22 0 2.71 1.02 5.19 4.05 6.59 0.45 0.25 1.56 3.02 1.8 1.96 2.03 0 0.48 1.04 1.32 0.62 0.86 3.67 2.59 5.19 3.48 0.62 2.63 1.98 1.72 4.89 0 0 0 0.9 5.45 2.7 3.57 1.29 0 1.14 2.91 0 3.88 0.6 2.54 5.7 5.46 6.72 2.46 0.27 1.17 1.17 
24 0 0.42 2.03 0 0.63 0.89 0 0 0 0 2.46 0 1.79 0 2.19 0.97 0 2.45 1.22 3.39 0 0 0 0 0.0 0.38 1.33 2.96 2.34 0 0 0 0 0 0 2.96 0.95 0.99 2.83 0.47 0.94 0 1.17 0.98 0 1.72 2.71 1.99 0 0.43 1.9 0.86 2.9 0 0 1.06 0 1.0 0 0 0 0 0.53 1.11 2.34 0 0 1.49 0 0 0 2.5 1.97 0 0 1.29 
25 3.11 5.32 0.7 0 1.56 0.97 0.57 0.58 3.95 0.39 1.42 1.49 2.79 3.26 0 0 2.63 3.17 0 2.9 8.87 3.51 0 2.22 0.38 0.0 0 0.8 0.85 6.46 0 1.11 0.47 2.22 5.07 2.46 2.54 8.24 1.17 0 2.41 2.9 0.83 0.75 0.63 1.84 0 0.99 6.72 3.29 0.13 2.54 5.7 2.34 3.39 0.85 3.76 0 2.16 2.07 0 2.39 5.7 4.31 7.48 2.03 5.07 1.37 3.48 6.4 4.56 0 1.69 0 4.61 4.43 
26 0 2.82 0 1.88 1.04 1.13 0.23 0 0.86 1.79 0 0 0.27 2.16 0 2.82 0 0 0 0.82 3.76 2.03 0 0 1.33 0 0.0 0.3 2.82 1.36 1.88 0.52 0 0.86 0 0.86 0.63 2.22 1.23 1.05 1.04 0.68 1.6 3.39 1.88 1.69 0.39 3.01 0.98 0 3.42 0 0.59 1.05 2.45 1.52 3.76 2.82 1.32 0 1.84 0.67 1.09 0 2.96 1.54 1.17 0.31 1.22 3.95 1.76 4.14 0.25 0 0.43 0.85 
27 0.99 0 2.53 2.16 0.94 0 0.37 0.63 0 0 0 0.52 1.6 0.43 0 0 2.09 0 0 0.92 1.36 2.16 2.16 2.71 2.96 0.8 0.3 0.0 3.29 1.01 0.55 2.96 0 0 0.43 0.27 1.48 1.17 0 1.41 0 0 0 0 0.6 0.56 0.13 2.41 1.32 0.72 1.76 0.43 0 2.16 0.51 3.51 0 0 0.5 0.55 0 1.29 1.09 2.16 0 0 0 1.13 0 0 0 0 0 0 1.23 0.59 
28 2.26 0.55 0.94 1.97 1.98 1.88 0.3 3.48 0 1.68 6.33 4.89 0 3.11 4.61 1.09 0 1.09 4.42 0.68 2.92 0 0.15 1.02 2.34 0.85 2.82 3.29 0.0 1.79 0.74 7.6 0 0.59 0.47 3.67 0 0.42 1.99 1.72 0.57 0.38 0.33 0.74 2.09 1.23 3.8 0.92 1.22 0 4.14 2.16 3.67 1.76 0 0.99 3.8 3.93 1.72 0.99 0 1.27 0.23 0.78 0.37 3.45 0 2.54 1.6 0 1.97 0.43 2.71 1.04 0 0 
29 0 0 1.51 2.22 1.04 0.56 1.88 0.94 0 5.32 3.86 0.65 3.8 0 0 0.17 0 0.43 4.89 1.48 1.11 0 1.79 5.19 0 6.46 1.36 1.01 1.79 0.0 0.85 0 0.67 0.43 1.32 3.04 0.27 0.22 0 0.67 1.97 3.86 1.49 3.39 0 0.38 0 1.04 0 1.6 4.42 1.6 1.52 1.21 1.98 7.6 0 0 1.41 0 2.35 0.42 2.07 1.97 2.59 0 2.83 0 0.92 2.07 0.86 2.07 3.58 1.54 0.51 1.51 
30 0.23 0.35 0 0 0 1.65 1.13 3.17 2.79 1.45 3.76 5.07 0 0 0.6 2.41 1.48 0 5.7 0.48 0.42 0.22 2.66 4.05 0 0 1.88 0.55 0.74 0.85 0.0 0 1.33 0 1.41 2.45 1.79 1.23 2.46 3.39 0.45 0.53 1.85 0.45 1.21 0.13 0.28 0.8 0.66 0 2.53 0 0.99 2.03 1.72 2.15 3.48 2.07 3.2 5.83 1.17 0.35 0.86 2.91 4.43 2.71 6.08 0.63 0.75 1.42 0.48 3.29 4.31 0.99 0.56 1.04 
31 1.45 0.9 1.96 0.53 4.05 1.0 0 0 0 1.05 0 1.02 0 3.14 3.39 0 1.6 1.25 3.67 0 2.78 1.07 3.88 6.59 0 1.11 0.52 2.96 7.6 0 0 0.0 0.4 4.42 0 1.37 1.15 0 1.11 0 1.6 3.76 2.5 5.46 0 0.82 0 5.93 0 0 1.54 0 1.72 2.82 0 2.66 5.27 2.31 0 1.56 0 8.87 0.94 5.95 6.78 0.74 2.45 1.41 4.05 0 2.97 0 0.99 3.2 0.94 3.76 
32 0.86 0 0 0.31 0 1.8 0 1.09 2.03 0.43 1.36 1.37 0 0 1.56 3.02 0.66 0 0 0 3.57 0 1.56 0.45 0 0.47 0 0 0 0.67 1.33 0.4 0.0 0 0.5 0 0 0 0 0.62 0.31 0 0 2.09 0.08 0.6 1.91 2.9 2.53 0 0.12 0.25 0.58 0.55 1.8 1.23 0 0 0.32 0 3.94 0.82 2.03 1.42 1.88 0.53 0 2.35 0 2.19 0 1.0 0.23 0 0 0.94 
33 1.6 1.01 1.27 0.63 0 3.8 0.75 1.21 0.55 2.82 3.67 4.33 1.42 0 4.23 2.22 0.31 0 1.91 0.67 2.59 3.04 0.63 0.25 0 2.22 0.86 0 0.59 0.43 0 4.42 0 0.0 0 0 4.18 4.56 0 1.91 2.66 2.28 2.28 0 0 1.48 0 0 0 0 3.67 0 0 2.46 0 0.73 2.53 3.67 1.33 5.27 0 0.42 0.55 0.37 3.29 1.84 0.89 0 0.74 1.33 2.77 5.07 1.97 0.63 0 0.27 
34 0.39 2.03 1.17 1.13 0.66 0.33 0.7 0 0.27 0.5 0 2.35 0.7 0 1.88 1.23 1.79 0.28 2.71 0 1.17 3.42 1.41 1.56 0 5.07 0 0.43 0.47 1.32 1.41 0 0.5 0 0.0 0 0 0 1.6 1.09 0 0.73 1.68 1.52 0.5 0.39 0.08 3.17 1.79 2.34 4.81 1.29 0 1.6 0 3.08 0 0 0 0 2.34 0 1.72 1.21 3.02 1.85 3.01 0.47 1.22 0 1.37 2.22 0.98 0.47 2.79 0.62 
35 1.69 0 3.8 0.57 0 0 0.45 0.2 0.2 0 0 1.41 0.33 0 0.55 1.6 1.41 2.07 1.8 0 0 4.81 0 3.02 2.96 2.46 0.86 0.27 3.67 3.04 2.45 1.37 0 0 0 0.0 1.56 0.58 0 1.6 0.98 2.11 0 3.02 0 0 0 1.37 1.79 0 2.46 0 0 0.27 0.92 4.61 0 0.42 0 1.23 0 1.84 0 0 0 0 0 0.2 0 0 0 0 0.37 0 4.18 0 
36 3.11 4.31 0.94 2.96 0.43 0.62 0 2.46 0 0.94 0 0 0 0.43 4.42 0 0.7 0.65 6.02 0 0 0.39 1.09 1.8 0.95 2.54 0.63 1.48 0 0.27 1.79 1.15 0 4.18 0 1.56 0.0 0.12 5.27 3.39 0 1.64 0 3.67 0 1.88 0 0.76 1.52 3.08 2.35 2.34 0 1.84 1.29 0 0 1.23 4.8 0 1.04 0 2.45 4.94 0.65 0 2.42 0.55 0 0.66 0.47 0.27 2.07 3.8 0 1.85 
37 3.01 4.81 1.02 0 0 0 3.11 2.22 0 5.18 3.33 0.83 0 0.78 0 0.15 0.73 0 1.09 0 0.37 0.27 3.2 1.96 0.99 8.24 2.22 1.17 0.42 0.22 1.23 0 0 4.56 0 0.58 0.12 0.0 4.89 0.9 1.8 1.88 0.75 0.73 1.99 1.11 1.09 0.17 1.65 3.26 0 0.65 0.9 0 1.6 2.89 5.08 0.51 0.82 1.96 1.04 1.54 3.8 5.32 0.77 5.18 2.23 0.5 2.63 0 0.15 0.94 1.99 4.31 2.53 0 
38 1.6 1.96 5.19 0 2.92 0 0.57 0.63 0 2.07 0.66 0.13 0.74 1.33 0 0 1.52 2.45 1.52 1.42 3.39 6.72 0 2.03 2.83 1.17 1.23 0 1.99 0 2.46 1.11 0 0 1.6 0 5.27 4.89 0.0 0.3 2.16 0 5.74 5.27 1.21 3.39 0.4 3.14 0.75 2.71 3.11 3.01 1.09 1.13 0.53 0.62 0 3.95 0 0 3.94 1.02 4.61 0 1.14 0 0 0 2.09 0 0 5.83 1.22 0 0 0.48 
39 0.37 0.63 0.57 0 2.73 0 1.02 0 1.79 0.25 0.68 1.54 0 0 0.53 2.96 0 0 0.35 0 0 6.21 1.84 0 0.47 0 1.05 1.41 1.72 0.67 3.39 0 0.62 1.91 1.09 1.6 3.39 0.9 0.3 0.0 0 2.83 6.08 0.72 0.59 3.39 0 0.82 5.32 0 1.9 1.29 1.97 0.98 0 0 1.64 4.52 0.17 2.46 4.0 2.11 3.76 1.91 3.51 0.86 2.73 0 0 3.63 0 0 0.2 1.41 3.86 0.98 
40 0.86 3.67 0 0 1.29 3.67 0.63 1.23 0.42 0.55 0 1.13 0 2.16 0 0.68 0 0 1.98 1.25 3.08 0.65 3.48 0.48 0.94 2.41 1.04 0 0.57 1.97 0.45 1.6 0.31 2.66 0 0.98 0 1.8 2.16 0 0.0 4.69 1.52 2.09 0 1.72 1.36 3.76 0 1.29 2.03 1.04 0 0 0 0.47 4.31 1.6 0.23 3.95 2.23 0.73 0.5 0.86 2.9 0 0 1.6 1.69 3.08 5.18 2.07 0.18 2.45 1.91 0.63 
41 1.41 0.68 0.98 0 3.48 4.05 0 0 0 4.14 3.45 1.07 3.86 0.89 1.07 6.33 0 0.57 4.94 0 3.33 0 0 1.04 0 2.9 0.68 0 0.38 3.86 0.53 3.76 0 2.28 0.73 2.11 1.64 1.88 0 2.83 4.69 0.0 0 0.16 0.53 0 0 4.81 3.39 0 2.4 1.06 0.77 0 2.35 3.26 0.17 2.07 0 0 6.72 1.02 1.11 1.9 0 2.54 0 1.6 1.17 0 3.33 0 0 0.99 1.72 0 
42 3.39 0.39 2.26 1.21 0 5.07 2.45 0 0.83 0.77 3.51 1.07 3.95 0 3.88 4.52 0 3.2 0 0 0 0.48 0.68 1.32 1.17 0.83 1.6 0 0.33 1.49 1.85 2.5 0 2.28 1.68 0 0 0.75 5.74 6.08 1.52 0 0.0 0 0 0 2.77 2.16 4.18 1.48 0.7 2.63 2.77 0 0 3.45 0.55 6.46 6.59 1.24 6.33 1.36 0.99 2.03 0.55 0 4.37 2.53 1.13 0 6.46 5.57 1.96 1.41 0 2.03 
43 0.52 0.76 0.35 1.6 1.29 2.4 0 0 0.77 1.6 0 2.35 4.69 1.88 3.63 5.83 1.05 0 0.62 0 6.33 0 0.68 0.62 0.98 0.75 3.39 0 0.74 3.39 0.45 5.46 2.09 0 1.52 3.02 3.67 0.73 5.27 0.72 2.09 0.16 0 0.0 0 3.29 0 0 4.05 0 0 2.16 0 2.11 0 6.46 0.68 0.82 5.95 0 6.33 0.38 0 0.43 0.55 0 2.62 1.45 2.45 0 0.85 2.77 5.7 0.74 0.4 2.82 
44 0 1.6 1.02 0.18 0 0 0 1.79 0 0.74 0.43 1.49 0 1.68 1.6 1.84 0 0 1.77 2.53 0 0 0 0.86 0 0.63 1.88 0.6 2.09 0 1.21 0 0.08 0 0.5 0 0 1.99 1.21 0.59 0 0.53 0 0 0.0 0 0 0.72 0 0.8 0 1.13 0 0 2.83 2.26 0 1.88 1.36 1.99 0 2.71 0 1.11 0.72 0 2.65 2.26 0 0 1.0 2.23 0 0 0.55 0.82 
45 0 0 1.32 0 0 0 0.66 0.33 0.92 3.48 0 3.29 0.98 0.8 2.73 1.22 1.79 0 6.08 0.35 0 0.3 1.13 3.67 1.72 1.84 1.69 0.56 1.23 0.38 0.13 0.82 0.6 1.48 0.39 0 1.88 1.11 3.39 3.39 1.72 0 0 3.29 0 0.0 0.74 0 0.15 3.58 0.72 0.37 0 1.66 0 7.1 1.72 0.92 2.92 3.67 0 2.54 1.36 1.17 0 0 0.7 0.51 0.74 0.43 2.54 0.43 1.29 0 0.55 0.2 
46 0 1.37 0 0 0 0 0 0 0 0 0 0.38 0 0 1.69 0.82 0.5 1.11 0.73 0 0.52 2.73 0 2.59 2.71 0 0.39 0.13 3.8 0 0.28 0 1.91 0 0.08 0 0 1.09 0.4 0 1.36 0 2.77 0 0 0.74 0.0 3.42 1.98 1.52 2.34 2.07 0.2 0.25 0.27 4.61 0.8 1.23 1.29 0 0 1.52 0 0 3.14 0 1.85 0.37 0 0 2.28 0 1.48 1.85 0.4 0.2 
47 0 3.55 1.6 1.6 0.78 0.12 2.35 4.43 3.8 0.83 1.99 0 4.94 0 0 1.9 0 1.29 5.36 3.29 0 0.37 2.26 5.19 1.99 0.99 3.01 2.41 0.92 1.04 0.8 5.93 2.9 0 3.17 1.37 0.76 0.17 3.14 0.82 3.76 4.81 2.16 0 0.72 0 3.42 0.0 0.1 2.71 4.99 2.92 0 0 3.93 4.19 0 2.41 5.83 0 2.15 2.03 1.88 3.11 0.6 2.15 7.22 2.54 1.98 1.39 0.28 1.65 0 0.4 1.39 2.26 
48 1.23 1.6 0.8 0 0.86 0.89 1.79 2.73 3.17 2.65 0.75 0.73 0.53 1.79 1.49 0 1.85 0 2.03 2.82 0.74 0.49 2.91 3.48 0 6.72 0.98 1.32 1.22 0 0.66 0 2.53 0 1.79 1.79 1.52 1.65 0.75 5.32 0 3.39 4.18 4.05 0 0.15 1.98 0.1 0.0 0.65 6.08 2.45 0.7 4.56 0 1.04 1.64 0.7 3.67 1.88 0 2.41 2.28 1.13 3.39 6.21 3.14 0 0.59 1.6 0 0.74 0 0.35 1.01 0.66 
49 0 1.11 0.43 0 1.29 0 1.98 1.52 0 1.54 0 1.96 0 0 0 1.99 0.15 1.29 0 0 0 0 0 0.62 0.43 3.29 0 0.72 0 1.6 0 0 0 0 2.34 0 3.08 3.26 2.71 0 1.29 0 1.48 0 0.8 3.58 1.52 2.71 0.65 0.0 2.28 1.6 0.7 2.9 0 4.05 0 2.11 2.16 1.05 0 2.46 0.42 0.43 2.03 0.82 0 2.03 0.43 3.08 3.76 2.23 1.91 0.33 2.03 0.47 
50 0.48 2.09 0.6 1.52 0 0 3.55 2.16 2.53 0.68 1.6 0 0 3.14 2.9 7.1 2.53 2.66 0.37 0.78 2.58 3.14 0 2.63 1.9 0.13 3.42 1.76 4.14 4.42 2.53 1.54 0.12 3.67 4.81 2.46 2.35 0 3.11 1.9 2.03 2.4 0.7 0 0 0.72 2.34 4.99 6.08 2.28 0.0 2.07 0 1.56 0 0 3.01 0 3.17 5.18 1.19 0.9 1.52 0.43 3.14 1.45 0 4.18 4.05 5.83 1.17 2.62 0.78 3.2 0.72 1.91 
51 0.18 1.11 0 0.39 1.51 0.53 0.56 2.16 2.45 0.78 2.73 3.39 0.51 0 0.62 1.41 0.49 0.1 2.45 0 0 2.82 1.6 1.98 0.86 2.54 0 0.43 2.16 1.6 0 0 0.25 0 1.29 0 2.34 0.65 3.01 1.29 1.04 1.06 2.63 2.16 1.13 0.37 2.07 2.92 2.45 1.6 2.07 0.0 0.98 0.52 1.49 2.22 0 0 0 2.96 0 3.11 1.17 1.13 3.39 2.28 0 0 0.62 3.76 0 1.76 0 0.25 0 0.18 
52 0.23 2.16 0 2.03 0 0 0 0.47 0.43 0 1.21 1.06 0 0 0.78 0.27 2.03 0.82 1.88 0 0 0 0 1.72 2.9 5.7 0.59 0 3.67 1.52 0.99 1.72 0.58 0 0 0 0 0.9 1.09 1.97 0 0.77 2.77 0 0 0 0.2 0 0.7 0.7 0 0.98 0.0 1.79 0.22 2.11 0 0.92 1.6 0 2.16 0 0 0 0 0 1.33 0.55 0 0.57 1.97 0 0 0.5 0.37 1.32 
53 2.07 0.8 1.41 0 0.94 0.62 1.21 0.49 0 1.79 1.6 0 1.88 0 0.27 0.55 1.52 1.54 2.83 0.68 4.14 2.77 2.03 4.89 0 2.34 1.05 2.16 1.76 1.21 2.03 2.82 0.55 2.46 1.6 0.27 1.84 0 1.13 0.98 0 0 0 2.11 0 1.66 0.25 0 4.56 2.9 1.56 0.52 1.79 0.0 0.78 1.8 0.97 2.92 0 0.63 0 3.33 4.14 4.14 6.12 0.51 0 1.11 0 3.26 0.83 2.03 1.88 0 4.94 2.35 
54 1.66 0 3.2 2.83 0 1.48 0 1.17 0.2 0 1.41 0 2.03 0.43 1.51 0 0 2.09 7.48 0.13 0 0.6 0 0 0 3.39 2.45 0.51 0 1.98 1.72 0 1.8 0 0 0.92 1.29 1.6 0.53 0 0 2.35 0 0 2.83 0 0.27 3.93 0 0 0 1.49 0.22 0.78 0.0 0 0 0.23 1.29 0 0 0.77 1.64 0 3.88 2.03 1.97 2.07 1.17 0 0 0 0 0 0.57 0.45 
55 1.64 0 1.99 2.54 0.82 4.13 1.64 2.71 1.99 0.74 1.17 4.23 3.93 7.86 2.07 0 2.16 2.09 0.55 3.45 4.87 0 2.31 0 1.06 0.85 1.52 3.51 0.99 7.6 2.15 2.66 1.23 0.73 3.08 4.61 0 2.89 0.62 0 0.47 3.26 3.45 6.46 2.26 7.1 4.61 4.19 1.04 4.05 0 2.22 2.11 1.8 0 0.0 0 8.74 3.93 1.0 1.42 4.25 0 2.53 8.24 5.07 0.78 0 4.33 3.01 5.11 7.62 1.02 0 3.57 5.57 
56 0 0.27 3.8 0.98 0 6.21 2.63 0 3.2 1.52 6.72 3.88 1.49 3.45 1.07 0.94 0 3.11 0 3.7 1.02 4.94 2.91 0 0 3.76 3.76 0 3.8 0 3.48 5.27 0 2.53 0 0 0 5.08 0 1.64 4.31 0.17 0.55 0.68 0 1.72 0.8 0 1.64 0 3.01 0 0 0.97 0 0 0.0 3.63 6.08 2.89 7.73 0 3.04 1.77 0.35 0 0 2.59 0 4.52 2.42 2.19 1.76 1.98 1.33 0 
57 1.72 1.68 3.67 0 0.82 1.13 1.25 1.66 0.33 0.83 4.33 3.67 2.34 0 1.85 0.38 1.72 0 7.98 0 0.8 0 0 0.9 1.0 0 2.82 0 3.93 0 2.07 2.31 0 3.67 0 0.42 1.23 0.51 3.95 4.52 1.6 2.07 6.46 0.82 1.88 0.92 1.23 2.41 0.7 2.11 0 0 0.92 2.92 0.23 8.74 3.63 0.0 0 0.62 0 4.43 0.58 4.23 0.9 0 4.23 0 1.66 2.54 1.17 0 1.72 0.63 0 2.45 
58 0 2.59 2.09 0.4 1.54 2.59 0.43 0 0 0 0 0.25 0 0 2.07 0 1.17 0.66 1.91 1.54 0 4.42 1.92 5.45 0 2.16 1.32 0.5 1.72 1.41 3.2 0 0.32 1.33 0 0 4.8 0.82 0 0.17 0.23 0 6.59 5.95 1.36 2.92 1.29 5.83 3.67 2.16 3.17 0 1.6 0 1.29 3.93 6.08 0 0.0 0 0 6.84 5.19 3.39 3.7 0.23 1.88 0 1.06 3.45 2.27 0 0.2 4.81 0.67 0.9 
59 0.63 2.46 6.33 0.87 3.58 0 0.78 0 0 4.14 0.5 0 2.28 2.82 0 0 0 0 0 0.28 0 0 4.13 2.7 0 2.07 0 0.55 0.99 0 5.83 1.56 0 5.27 0 1.23 0 1.96 0 2.46 3.95 0 1.24 0 1.99 3.67 0 0 1.88 1.05 5.18 2.96 0 0.63 0 1.0 2.89 0.62 0 0.0 3.7 1.12 5.55 5.65 7.53 0.33 1.41 0 0 0 5.27 1.0 0 2.27 6.72 1.56 
60 0 5.7 2.16 0.99 3.39 0.7 0 2.96 2.53 1.1 2.58 3.76 2.15 0 3.26 1.23 0.89 1.96 9.5 0.73 0.62 0.35 4.94 3.57 0 0 1.84 0 0 2.35 1.17 0 3.94 0 2.34 0 1.04 1.04 3.94 4.0 2.23 6.72 6.33 6.33 0 0 0 2.15 0 0 1.19 0 2.16 0 0 1.42 7.73 0 0 3.7 0.0 1.09 4.69 0.85 1.92 4.13 0 3.95 3.58 0.23 0.38 0.47 3.88 1.64 1.72 0 
61 3.2 0.82 1.88 2.53 0 0 0 0.77 0.72 0 5.65 0 1.76 4.81 7.22 3.93 0 0.63 3.45 3.02 3.93 0.17 1.52 1.29 0 2.39 0.67 1.29 1.27 0.42 0.35 8.87 0.82 0.42 0 1.84 0 1.54 1.02 2.11 0.73 1.02 1.36 0.38 2.71 2.54 1.52 2.03 2.41 2.46 0.9 3.11 0 3.33 0.77 4.25 0 4.43 6.84 1.12 1.09 0.0 0.59 3.55 1.98 0 0 3.48 0.45 1.32 3.8 0.38 0.9 1.88 0.23 2.92 
62 1.36 0.75 0 1.6 0.82 2.35 0.23 0 1.37 2.4 0 0.85 0.52 1.37 0.8 3.01 0 0.94 2.53 0 3.39 0 0.13 0 0.53 5.7 1.09 1.09 0.23 2.07 0.86 0.94 2.03 0.55 1.72 0 2.45 3.8 4.61 3.76 0.5 1.11 0.99 0 0 1.36 0 1.88 2.28 0.42 1.52 1.17 0 4.14 1.64 0 3.04 0.58 5.19 5.55 4.69 0.59 0.0 0 0.82 3.26 5.46 0.43 0.92 0.42 1.45 1.97 0.67 0 0 1.17 
63 2.07 0 0.99 0 0 0 0 0 1.49 2.73 5.19 0.82 2.35 2.59 0.82 1.64 0.1 1.79 3.55 1.76 0 3.67 2.28 1.14 1.11 4.31 0 2.16 0.78 1.97 2.91 5.95 1.42 0.37 1.21 0 4.94 5.32 0 1.91 0.86 1.9 2.03 0.43 1.11 1.17 0 3.11 1.13 0.43 0.43 1.13 0 4.14 0 2.53 1.77 4.23 3.39 5.65 0.85 3.55 0 0.0 0 3.08 5.18 0 0 4.94 1.96 1.8 2.03 1.14 0.86 0.35 
64 2.65 0 2.73 0 3.95 0 2.09 3.51 0.94 2.15 1.09 0 0 0 4.31 0.83 0.52 2.59 0 0 3.14 0.5 1.22 2.91 2.34 7.48 2.96 0 0.37 2.59 4.43 6.78 1.88 3.29 3.02 0 0.65 0.77 1.14 3.51 2.9 0 0.55 0.55 0.72 0 3.14 0.6 3.39 2.03 3.14 3.39 0 6.12 3.88 8.24 0.35 0.9 3.7 7.53 1.92 1.98 0.82 0 0.0 0 1.32 0.78 2.22 2.16 4.8 5.57 3.57 0.86 3.67 3.76 
65 0.52 0 5.83 0 3.29 0 3.67 1.88 1.54 2.45 0.94 0.43 0.4 0 0.28 2.9 0.73 1.21 5.45 0 2.27 2.23 5.74 0 0 2.03 1.54 0 3.45 0 2.71 0.74 0.53 1.84 1.85 0 0 5.18 0 0.86 0 2.54 0 0 0 0 0 2.15 6.21 0.82 1.45 2.28 0 0.51 2.03 5.07 0 0 0.23 0.33 4.13 0 3.26 3.08 0 0.0 0 2.63 0.63 4.07 6.02 4.0 1.11 4.8 1.96 2.09 
66 0 1.02 6.33 0 0.63 4.89 4.14 2.16 0.45 1.29 0 0.27 1.17 3.48 1.41 0.8 3.08 0 1.96 2.26 0 5.65 1.1 3.88 0 5.07 1.17 0 0 2.83 6.08 2.45 0 0.89 3.01 0 2.42 2.23 0 2.73 0 0 4.37 2.62 2.65 0.7 1.85 7.22 3.14 0 0 0 1.33 0 1.97 0.78 0 4.23 1.88 1.41 0 0 5.46 5.18 1.32 0 0.0 0 0 2.66 2.5 0 2.35 2.19 6.84 3.58 
67 0.2 2.82 1.69 0 0.12 0.4 0.23 0.15 0.39 2.35 0.4 0.42 0.51 1.69 0 0 2.26 0.2 0 1.69 1.37 0.48 0.57 0.6 1.49 1.37 0.31 1.13 2.54 0 0.63 1.41 2.35 0 0.47 0.2 0.55 0.5 0 0 1.6 1.6 2.53 1.45 2.26 0.51 0.37 2.54 0 2.03 4.18 0 0.55 1.11 2.07 0 2.59 0 0 0 3.95 3.48 0.43 0 0.78 2.63 0 0.0 0 3.58 3.67 1.52 0 2.35 0.37 0.27 
68 0.12 0.32 0.12 0.78 0 0 0.31 0.78 1.23 1.72 0 3.39 0 0 0.55 0 0.28 0 1.45 0.47 0 1.23 0 2.54 0 3.48 1.22 0 1.6 0.92 0.75 4.05 0 0.74 1.22 0 0 2.63 2.09 0 1.69 1.17 1.13 2.45 0 0.74 0 1.98 0.59 0.43 4.05 0.62 0 0 1.17 4.33 0 1.66 1.06 0 3.58 0.45 0.92 0 2.22 0.63 0 0 0.0 0 0 0 2.54 1.32 1.22 0.07 
69 0.62 0.55 0 0 0 0 0 2.83 0 2.35 5.83 5.74 4.61 0 3.33 0 0 0.72 8.36 0.75 0.3 0.17 0.98 5.7 0 6.4 3.95 0 0 2.07 1.42 0 2.19 1.33 0 0 0.66 0 0 3.63 3.08 0 0 0 0 0.43 0 1.39 1.6 3.08 5.83 3.76 0.57 3.26 0 3.01 4.52 2.54 3.45 0 0.23 1.32 0.42 4.94 2.16 4.07 2.66 3.58 0 0.0 0.99 0.85 3.51 2.82 0.3 1.33 
70 0 0.77 3.2 2.27 3.2 0.27 0 0.73 2.34 0 5.93 5.46 0.89 1.66 1.92 1.51 0.89 0 0 0 0.56 2.07 0.67 5.46 0 4.56 1.76 0 1.97 0.86 0.48 2.97 0 2.77 1.37 0 0.47 0.15 0 0 5.18 3.33 6.46 0.85 1.0 2.54 2.28 0.28 0 3.76 1.17 0 1.97 0.83 0 5.11 2.42 1.17 2.27 5.27 0.38 3.8 1.45 1.96 4.8 6.02 2.5 3.67 0 0.99 0.0 0 3.7 0 2.63 0.63 
71 3.67 0 3.93 0 0 0 3.58 0 0 0 5.93 3.7 4.8 0 0 0 0 4.33 2.78 1.68 1.04 2.15 3.11 6.72 2.5 0 4.14 0 0.43 2.07 3.29 0 1.0 5.07 2.22 0 0.27 0.94 5.83 0 2.07 0 5.57 2.77 2.23 0.43 0 1.65 0.74 2.23 2.62 1.76 0 2.03 0 7.62 2.19 0 0 1.0 0.47 0.38 1.97 1.8 5.57 4.0 0 1.52 0 0.85 0 0.0 0 0 0.94 0.62 
72 1.88 3.76 3.2 0 0 0 0 1.11 0 0.55 0.27 0.33 0 1.41 0 0.75 1.66 0.63 0.43 0.48 2.15 1.84 2.9 2.46 1.97 1.69 0.25 0 2.71 3.58 4.31 0.99 0.23 1.97 0.98 0.37 2.07 1.99 1.22 0.2 0.18 0 1.96 5.7 0 1.29 1.48 0 0 1.91 0.78 0 0 1.88 0 1.02 1.76 1.72 0.2 0 3.88 0.9 0.67 2.03 3.57 1.11 2.35 0 2.54 3.51 3.7 0 0.0 4.56 0 1.42 
73 0.33 0.47 0.35 0 0 1.09 0.18 0.57 0.58 3.29 5.45 4.61 2.63 0.6 0 3.29 0.51 0.33 0 0 5.07 0.33 0.18 0.27 0 0 0 0 1.04 1.54 0.99 3.2 0 0.63 0.47 0 3.8 4.31 0 1.41 2.45 0.99 1.41 0.74 0 0 1.85 0.4 0.35 0.33 3.2 0.25 0.5 0 0 0 1.98 0.63 4.81 2.27 1.64 1.88 0 1.14 0.86 4.8 2.19 2.35 1.32 2.82 0 0 4.56 0.0 1.22 1.69 
74 0 2.28 0.12 1.21 0 0.25 0 3.93 0.48 3.86 2.83 1.84 1.91 0 2.65 0.37 0.4 0 5.95 2.16 0 0.75 0.25 1.17 0 4.61 0.43 1.23 0 0.51 0.56 0.94 0 0 2.79 4.18 0 2.53 0 3.86 1.91 1.72 0 0.4 0.55 0.55 0.4 1.39 1.01 2.03 0.72 0 0.37 4.94 0.57 3.57 1.33 0 0.67 6.72 1.72 0.23 0 0.86 3.67 1.96 6.84 0.37 1.22 0.3 2.63 0.94 0 1.22 0.0 0 
75 0 1.42 0.18 0 0.31 2.07 0.27 0 0.66 0 1.79 1.21 0.86 0 2.73 0 0.74 0 4.56 0 0 1.48 2.54 1.17 1.29 4.43 0.85 0.59 0 1.51 1.04 3.76 0.94 0.27 0.62 0 1.85 0 0.48 0.98 0.63 0 2.03 2.82 0.82 0.2 0.2 2.26 0.66 0.47 1.91 0.18 1.32 2.35 0.45 5.57 0 2.45 0.9 1.56 0 2.92 1.17 0.35 3.76 2.09 3.58 0.27 0.07 1.33 0.63 0.62 1.42 1.69 0 0.0 

;