set O:= 0;
set N:= 1 2 3 4 5 6 7 8 9 10 11 12 13 14 15 16 17 18 19 20 21 22 23 24 25 26 27 28 29 30 31 32 33 34 35 36 37 38 39 40 41 42 43 44 45 46 47 48 49 50 51 52 53 54 55 56 57 58 59 60 61 62 63 64 65 66 67 68 69 70 71 72 73 74 75;
set K:= 1 2 3 4 5 6 7 8;
param V:= 8;
param cp:= 180;
param dm:= 2.0;
param o:=
0 0
1 18
2 26
3 11
4 30
5 21
6 19
7 15
8 16
9 29
10 26
11 37
12 16
13 12
14 31
15 8
16 19
17 20
18 13
19 15
20 22
21 28
22 12
23 6
24 27
25 14
26 18
27 17
28 29
29 13
30 22
31 25
32 28
33 27
34 19
35 10
36 12
37 14
38 24
39 16
40 33
41 15
42 11
43 18
44 17
45 21
46 27
47 19
48 20
49 5
50 22
51 12
52 19
53 22
54 16
55 7
56 26
57 14
58 21
59 24
60 13
61 15
62 18
63 11
64 28
65 9
66 37
67 30
68 10
69 8
70 11
71 3
72 1
73 6
74 10
75 20
;
param c[*,*]
: 0 1 2 3 4 5 6 7 8 9 10 11 12 13 14 15 16 17 18 19 20 21 22 23 24 25 26 27 28 29 30 31 32 33 34 35 36 37 38 39 40 41 42 43 44 45 46 47 48 49 50 51 52 53 54 55 56 57 58 59 60 61 62 63 64 65 66 67 68 69 70 71 72 73 74 75:=
0 0 7 3 4 3 11 2 4 4188 6 23 13 5 6143 12 7539 5 1776 12 7 13 9749 17 9 7 48 1 18 6701 7 4 16 16 3775 6 5026 11915 8935 38 6 12 20 10051 11 8 4 3 10 29 7 12 3 5 7944 30 19 9 31 4 17 13 9493 25 4885 48 14 13 2 2 17 11 10889 4441 7 8 1 
1 7 0 5 6422 9 15 9 11 11168 10 13 15 28 12 15 14 4 7 14 13123 15 8 3 13 14 15165 8376 12 5 11 7 13 14 2234 9214 13 12277 10610 28 9 6439 6 3 1675 9388 9 39 10110 19 5026 25 20 9772 17 17 18 5 15 19 35 12564 7 9 2 5 15 21 8376 7 13 14 11 36 6 6499 26 
2 3 5 0 5 2665 8 2 7539 9 7550 9 31 5551 8 29 29 3997 8 16 19 8935 7 4467 11 7328 17 4 5584 11 23 2 14 11 2220 11 8376 11 9 14804 8 5 9 27 7 38 3909 6 25 9 12 14 3 6 16 38 23 6661 8097 15 18054 20 22 2 7 32 16609 18054 3997 2 9 38 8655 30 3 3 3 
3 4 6422 5 0 6 15 4 8 9493 6 6217 17 13 13 9 41 4 2665 5777 23 15 14 9 5 4 7 4441 9772 8935 12999 6 14 12 14 32 19 17332 14 9 4 2 10 35 7259 1083 9 10 59 16 2 4333 4 9214 10 12844 39 22 13 11 23 26 11448 7259 4 12 11 11 5 9 18 52 15 6 7 45 4 
4 3 9 2665 6 0 8 3 4188 4 27 8 14 3997 5 39 7 21 7 14804 7 8097 16 8097 8 11 18 2443 2792 5863 3972 2 9548 12 4 1954 5 12 7 11193 6439 19 10331 10 18 10 2 3 14 20 15 13 3553 3 17 7 20 9 12 22 13721 10051 9 12 6 11727 12638 17 2 2 11 9493 10 6 7 6 4 
5 11 15 8 15 8 0 9388 22 36 69 17332 18 12999 7 17 3 13360 12 23 11 4333 4694 10471 32 38 23 21 6 29 9 4694 27 66 10832 14 12 14 3 17 19 14082 62 14443 28 20 4 9 3 2528 21 19 14 8 17 8666 48 17693 4333 61 17 13 8 36 13 15 18 18776 11 8 6 7 6 16 13 6 7944 
6 2 9 2 4 3 9388 0 7 13 22 7106 14 15 9 13360 8 3 4 23 18 12 10 7 4885 7 14 4 8 6 7222 2665 9 8 1776 10 9 11 9214 15 12 7 8 7259 6 6 9 6 9027 6860 4663 10110 1332 7 22 11 19 6217 18 7 21 13 8 5 3 38 14082 15887 4 4 14 13 10610 6 4 6 3 
7 4 11 7539 8 4188 22 7 0 1954 6980 20 17 5 7 4 7818 9 10 11 3 10889 53 12285 12285 13 11 3 18 41 11 6980 9 31 35 3 6 14443 10051 9 6 5584 17 16 14 8097 7 2 12638 42 44 20 6422 13 9 5305 25 14 7539 4 7 13402 14 10 11 15915 5584 6422 3 11 16609 25 13 5026 19 11193 4 
8 4188 11168 9 9493 4 36 13 1954 0 18 8 6 11 4 7 6 10 8 16 8 9 13 24 13123 15 47 16 3 10 7 6143 12 9214 18 8 6 16 10 6 8097 14 18 28 26 12 17 1 10832 9027 13 23 7259 1954 3 7 18 14519 11 7 7 11448 13 39 42 31 28 9 6 22 15 10610 14 9 20 12 9 
9 6 10 7550 6 27 69 22 6980 18 0 4 8 3 12 7994 22 20 3553 5 10331 17 22 10214 9 5 3 4219 11 12 15165 10 3775 1554 27 17 9 25 12213 4885 888 1998 39 11 11 2665 10331 8 20 31 5551 5 9 11 26 14 5 11 14 4 9770 18 12 17 26 15 5773 15 5551 25 43 14 14 1998 31 59 6 
10 23 13 9 6217 8 17332 7106 20 8 4 0 4 3331 11 6 21 10 6 14 7818 26 38 11991 10436 8882 10 5 12 11102 59 36 4 4885 35 9 7 21 48 1554 2443 4 25 25 12 12 10 8 23 18 10 12 6439 35 3775 40 8 11769 10214 1 8 29 53 10 9104 16 2220 4 7 7 22387 13989 13989 6 9548 33 26 
11 13 15 31 17 14 18 14 17 6 8 4 0 7 10 5 15 9770 12 16609 20 18776 21 16473 25 12 17 8 11 58 16 14443 12 51 10214 6980 4188 22 23 4 22 13 22 22 34 55 9772 8 18 18 44 15 12999 15 3 7 65 56 14082 4 5 88 17 18 14 20 10 5 11 12999 22026 20942 87 6 13681 21 22 
12 5 28 5551 13 3997 12999 15 5 11 3 3331 7 0 9 24 34 18 3 5773 15 12 56 10 8 6439 4885 3 7259 8 10832 6 7 4 10 20 11 16 10 8 2 1 36 37 8216 4 14 5 14082 13 6 4 6 7 4441 9214 6883 11 34 2 33 24 12 8 22 11 7 13 6 4 17693 15 11324 2 25 22 12 
13 6143 12 8 13 5 7 9 7 4 12 11 10 9 0 6143 3071 11448 9 32 15 12 20 23 14 15 30 6422 1954 37 5 6 14240 13 13 5 6 19 22 19 12 9772 30 18 54 48 15 4 8 27 14 28 10 2 7 1954 17311 15636 2 10 8376 10 10610 39 11727 17 10 10331 5026 7 12 7539 9 40 20 9 6 
14 12 15 29 9 39 17 13360 4 7 7994 6 5 24 6143 0 11915 41 14 19137 3 19 16971 15636 16 50 16 8 7 55 12 14 7994 58 9992 5584 10 16971 15 7 9 7 22 70 66 59 8097 5026 16 17 13 34 17 11 5 4467 24 18 43 4885 4 77 15915 17 14 78 8 5416 9 15 78 35 21 6 13 31 10471 
15 7539 14 29 41 7 3 8 7818 6 22 21 15 34 3071 11915 0 12 12 44 7 2792 8 13 23 26 22 8376 3 10 4 5305 15 17693 16 5584 7259 6 3 16 43 11 13960 54 12844 68 3630 23 5416 5 45 20220 20 9 15 5 25 14 1117 9 14 22 8655 36 12 16 68 22 7 8 9 4467 5 12 39 9 7 
16 5 4 3997 4 21 13360 3 9 10 20 10 9770 18 11448 41 12 0 3109 33 11727 11 11554 8 3 3 40 5 9493 7 12 5329 36 25 7 8097 40 30 20 35 6 4 7 8 4747 5 32 17 16 10832 4 7222 7 9214 35 13 25 4 39 27 14 24 12 6 3 17 20 11102 5329 5 16 24 11 5995 15 17 8 
17 1776 7 8 2665 7 12 4 10 8 3553 6 12 3 9 14 12 3109 0 9388 10 14 13 35 7 5773 9027 2 7 16 12 4 14 5 4 6 6143 18 11 9388 4 1 12 9493 8 5 7 20 24 11 19 7583 2 12 36 38 25 7328 11 8 17 28 13 13 4219 47 22 13 3 3 19 15 12844 7 7 10 2 
18 12 14 16 5777 14804 23 23 11 16 5 14 16609 5773 32 19137 44 33 9388 0 59 25275 20 17 10110 19 4 12 14 68 75 16248 6439 5 22 25 16 92 26 18 5 19 14082 15 15 5055 13402 14 82 23 6 4 38 17 33 16473 6 11 22748 14 22 27081 40 30 10110 18 15526 23 14 17 23831 27 32 6 13 16971 12999 
19 7 13123 19 23 7 11 18 3 8 10331 7818 20 15 15 3 7 11727 10 59 0 12 56 16 15 15356 26 12 4188 13 17 9 11 12 22 4 2 14 10 26 12 36 18 16 15 11448 7 4 51 43 16 15 11 4 12 4 31 16752 6 6980 6 25 27 13 50 20 7 6701 5026 10 32 12 48 16 15 25 7 
20 13 15 8935 15 8097 4333 12 10889 9 17 26 18776 12 12 19 2792 11 14 25275 12 0 32 12 12435 18 25275 11168 6143 35 13 8 32 20942 19 34 10 5 7 79 13 44 30 14 13960 25 7 17 6 9 13 30 14 7 15887 9 57 15 15 13 18 11 8655 40 11 28 42 21 20 10 8 1675 3071 24 11168 9 9 
21 9749 8 7 14 16 4694 10 53 13 22 38 21 56 20 16971 8 11554 13 20 56 32 0 8 16 19 41 48 33 3 5 5 26 16 8666 9749 13721 5 6 19137 17693 16 12 12 10 19 8 42 4 6 18 37 10832 9 32 14 24 14082 9 68 21 8 4 5 10471 12 26 87 13 29 4 32 6138 21 8 12 35 
22 17 3 4467 9 8097 10471 7 12285 24 10214 11991 16473 10 23 15636 13 8 35 17 16 12 8 0 5863 11 18 10 9772 3 21 5863 28 58 6 40 16 13 38 18 13 33 4 6 6 16 16 13 35 8305 9 16 29 10 29 14 27 6422 11 14 75 10889 3350 2 5026 15 17032 23 12 7 11 12 37 21 3 6 7539 
23 9 13 11 5 8 32 4885 12285 13123 9 10436 25 8 14 16 23 3 7 10110 15 12435 16 5863 0 3 26 8 12285 9 14804 7106 11546 19 4 45 13681 21 14 23 8 7 12 16 6 32 10889 11727 14804 53 2220 40 4663 49 11546 20 15 1 13 9548 31 26 12 6 1998 6422 13 56 10 5995 16248 52 11769 18 5 14 13 
24 7 14 7328 4 11 38 7 13 15 5 8882 12 6439 15 50 26 3 5773 19 15356 18 19 11 3 0 9 15 13402 10610 22 9 11 8 6 12 13402 41 26 10214 12 21 9 34 28 6 25 12285 74 18 1554 5416 10 13123 14 19 12 4 27 10 15 19 16 18 3997 10610 14 16 17 8 26 19 57 7106 9 14 15 
25 48 15165 17 7 18 23 14 11 47 3 10 17 4885 30 16 22 40 9027 4 26 25275 41 18 26 9 0 11 15 20 18415 17 8 5 26 11168 22 29 23470 14 3 4219 34 20 18 7 16 11 24 19137 9388 3 39 12564 27 31 13 58 22 20 24 27 28 16248 12277 21303 24 14443 16 53 98 53 26 16 15 71 12638 
26 1 8376 4 4441 2443 21 4 3 16 4219 5 8 3 6422 8 8376 5 2 12 12 11168 48 10 8 15 11 0 6 8376 32 4441 9 8 10 3 16 17 40 29 15 2443 14 23 10051 7222 5026 6 11554 18 7 9749 3 8 25 7259 18 8882 8376 3109 14 26 14 16 6 54 36 22 4 2887 15165 25 12285 4 7 12 1998 
27 18 12 5584 9772 2792 6 8 18 3 11 12 11 7259 1954 7 3 9493 7 14 4188 6143 33 9772 12285 13402 15 6 0 7259 2889 5 13402 13 10 1954 9 8666 5305 9 40 8 14 14 14 20 1675 4 6860 20 24 16 9 1 6422 15 32 14 4 17 12 9 12 31 9772 14 10 11 3350 5 11 8 10 9 10 14 8 
28 6701 5 11 8935 5863 29 6 41 10 12 11102 58 8 37 55 10 7 16 68 13 35 3 3 9 10610 20 8376 7259 0 27 7 13323 16 5 9 44 7 8 18 12 8 7 6 7 12277 22 8376 11 19 9 64 6422 8097 16 11 24 8376 8655 12 18 9 2792 2 7 7 31 17 7539 4747 7 18 8 20 12 2 6 
29 7 11 23 12999 3972 9 7222 11 7 15165 59 16 10832 5 12 4 12 12 75 17 13 5 21 14804 22 18415 32 2889 27 0 13 19 29 10 20 8666 6 5 14 16 23 59 17 52 15 1444 6 16 2 59 68 38 4333 14 30 21665 17 5 16 15 36 10 32 23 30 16 33 7 22 32 10 32 55 18 6 5777 
30 4 7 2 6 2 4694 2665 6980 6143 10 36 14443 6 6 14 5305 5329 4 16248 9 8 5 5863 7106 9 17 4441 5 7 13 0 11 49 4 17 29 27 11 29 32 7 10 17 8 45 3 5 9 10 9 30 5 9 24 16 25 33 25 30 16609 10 7 8 5107 9772 32 17332 7 1776 17 9 7259 7550 9 9 2443 
31 16 13 14 14 9548 27 9 9 12 3775 4 12 7 14240 7994 15 36 14 6439 11 32 26 28 11546 11 8 9 13402 13323 19 11 0 11 42 12 39 31 17 16 4 5773 27 18 52 8 17 12 91 21 10 11 8 49 6661 14 4663 50 26 4 18 19 15543 14 10436 64 8 5773 16 9548 27 34 17 3553 23 22 8882 
32 16 14 11 12 12 66 8 31 9214 1554 4885 51 4 13 58 17693 25 5 5 12 20942 16 58 19 8 5 8 13 16 29 49 11 0 9 17 9 21 24 10 2220 7 13 18 12277 4 13 8655 16971 14804 7 3 7 20 24 51 14 12 18 8 22 23109 35 11915 8305 69 23 14 9027 9 81 28 43 6 13 17 17 
33 3775 2234 2220 14 4 10832 1776 35 18 27 35 10214 10 13 9992 16 7 4 22 22 19 8666 6 4 6 26 10 10 5 10 4 42 9 0 8 10 11915 7994 10 14 4663 5026 5026 4 8 27 9 10 8 4 10471 2 8 36 12 18 4441 35 9 12435 10 8 5 3 7259 21 15 5 11 15 20 8882 14 1396 6 4 
34 6 9214 11 32 1954 14 10 3 8 17 9 6980 20 5 5584 5584 8097 6 25 4 34 9749 40 45 12 11168 3 1954 9 20 17 12 17 8 0 4 14 8 29 31 6 25 48 44 17 6 2 9027 27 10610 10610 23 1 4747 5 28 16 7 8 10 10610 10 7818 35 13681 34 8935 1396 3630 16 39 10051 28 16 7944 11 
35 5026 13 8376 19 5 12 9 6 6 9 7 4188 11 6 10 7259 40 6143 16 2 10 13721 16 13681 13402 22 16 9 44 8666 29 39 9 10 4 0 58 20 5 7259 28 60 18 13681 9 6 2 16 21 12 22 8 4 4 4188 55 17 14 6 22 13 16 11 14 19 6 6 4 7 18 13 14 12 13 11915 5 
36 11915 12277 11 17332 12 14 11 14443 16 25 21 22 16 19 16971 6 30 18 92 14 5 5 13 21 41 29 17 8666 7 6 27 31 21 11915 14 58 0 3 20220 79 17 19 14 56 18 7222 13 2166 4333 18054 27 55 13 34 48 27 18 29 18415 20 3972 6 38 14082 16 24 45 15 10 2528 9 5 38 10832 6 43 
37 8935 10610 9 14 7 3 9214 10051 10 12213 48 23 10 22 15 3 20 11 26 10 7 6 38 14 26 23470 40 5305 8 5 11 17 24 7994 8 20 3 0 18776 15 20 17 14 14 74 20 31 4 4694 11769 22 14 26 17 7259 33 48 7 14 36 3071 14 8376 9326 14 19859 41 10 7818 5 3 2792 23 9493 7222 9 
38 38 28 14804 9 11193 17 15 9 6 4885 1554 4 8 19 7 16 35 9388 18 26 79 19137 18 23 10214 14 29 9 18 14 29 16 10 10 29 5 20220 18776 0 5 5107 19 17032 15636 45 10051 8 37 18 9770 48 11554 16 4333 11 15 14 15165 2 9 92 19 13681 10 24 2 4 9 49 22 22 22387 2887 14 17 13 
39 6 9 8 4 6439 19 12 6 8097 888 2443 22 2 12 9 43 6 4 5 12 13 17693 13 8 12 3 15 40 12 16 32 4 2220 14 31 7259 79 15 5 0 2 20 10658 11 13 10051 9 20 15165 7 3331 19 8935 11 11 5 12 10658 4 36 58 15 36 14 25 10 6439 6 7 85 14 15 4 10 59 11 
40 12 6439 5 2 19 14082 7 5584 14 1998 4 13 1 9772 7 11 4 1 19 36 44 16 33 7 21 4219 2443 8 8 23 7 5773 7 4663 6 28 17 20 5107 2 0 8216 11 15 2 31 6143 58 12 4663 3553 2443 8 6 12 7 7550 18 6 9326 25 11 7 6 21 7 8 3775 3997 72 12213 24 5 23 22 7 
41 20 6 9 10 10331 62 8 17 18 39 25 22 36 30 22 13960 7 12 14082 18 30 12 4 12 9 34 14 14 7 59 10 27 13 5026 25 60 19 17 19 20 8216 0 1 1 23 11 14 13721 52 7 28 15 26 16 67 38 3 18 11 23 14798 9 10 4188 3 36 22 23 17 14 30 13 11 9 20 9 
42 10051 3 27 35 10 14443 7259 16 28 11 25 22 37 18 70 54 8 9493 15 16 14 12 6 16 34 20 23 14 6 17 17 18 18 5026 48 18 14 14 17032 10658 11 1 0 1 14 11 12564 25 11915 6701 17 7818 12564 18 16 40 5 14240 11546 26 13960 12 9 4467 5 18 79 46 16 13 14240 12285 14 17 9 37 
43 11 1675 7 7259 18 28 6 14 26 11 12 34 8216 54 66 12844 4747 8 15 15 13960 10 6 6 28 18 10051 14 7 52 8 52 12277 4 44 13681 56 14 15636 11 15 1 1 0 13 9772 11 12 11554 5 13 6422 13 30 19 18415 6 15 10436 20 13960 7 4 4 5 19 37 21 7259 13 16 25 9992 7 10 8376 
44 8 9388 38 1083 10 20 6 8097 12 2665 12 55 4 48 59 68 5 5 5055 11448 25 19 16 32 6 7 7222 20 12277 15 45 8 4 8 17 9 18 74 45 13 2 23 14 13 0 9 8 31 17 4694 4 4333 11 13 12844 35 12 69 4885 74 28 15887 13 6499 31 14 15526 8666 9 21 43 82 4 9 24 15 
45 4 9 3909 9 2 4 9 7 17 10331 10 9772 14 15 8097 3630 32 7 13402 7 7 8 16 10889 25 16 5026 1675 22 1444 3 17 13 27 6 6 7222 20 10051 10051 31 11 11 9772 9 0 13 5 4 10610 13 8 2 30 6 15636 25 17 8655 10889 9 7539 25 17 12 12 15 7 13 12 7539 9 18 6 10 4 
46 3 39 6 10 3 9 6 2 1 8 8 8 5 4 5026 23 17 20 14 4 17 42 13 11727 12285 11 6 4 8376 6 5 12 8655 9 2 2 13 31 8 9 6143 14 12564 11 8 13 0 9749 30 44 21 6143 6 5 9 55 27 5584 5863 8 11 14 8 9 14240 8 34 7 5 15 10331 11 6701 8376 10 4 
47 10 10110 25 59 14 3 9027 12638 10832 20 23 18 14082 8 16 5416 16 24 82 51 6 4 35 14804 74 24 11554 6860 11 16 9 91 16971 10 9027 16 2166 4 37 20 58 13721 25 12 31 5 9749 0 2 15887 77 11193 8 15 11193 49 16 6860 16609 19 6138 5777 29 48 14 25 20581 9749 7583 3972 7 4694 17 10 3972 8666 
48 29 19 9 16 20 2528 6860 42 9027 31 18 18 13 27 17 5 10832 11 23 43 9 6 8305 53 18 19137 18 20 19 2 10 21 14804 8 27 21 4333 4694 18 15165 12 52 11915 11554 17 4 30 2 0 28 17332 9388 8 12999 10 25 19 8 56 22 8 6860 6499 13 52 17693 37 8 11 25 8 9 15 8 2889 12 
49 7 5026 12 2 15 21 4663 44 13 5551 10 44 6 14 13 45 4 19 6 16 13 18 9 2220 1554 9388 7 24 9 59 9 10 7 4 10610 12 18054 11769 9770 7 4663 7 6701 5 4694 10610 44 15887 28 0 6499 3775 23 10436 17 11554 3 48 7772 28 17 11168 14 10 9214 22 12 29 7 18054 13545 51 6883 11 11915 8 
50 12 25 14 4333 13 19 10110 20 23 5 12 15 4 28 34 20220 7222 7583 4 15 30 37 16 40 5416 3 9749 16 64 68 30 11 3 10471 10610 22 27 22 48 3331 3553 28 17 13 4 13 21 77 17332 6499 0 32 12 18 15 5 46 21 5551 79 28 22 18 10 37 17 16 11915 11554 90 28 30 6 49 17 22 
51 3 20 3 4 3553 14 1332 6422 7259 9 6439 12999 6 10 17 20 7 2 38 11 14 10832 29 4663 10 39 3 9 6422 38 5 8 7 2 23 8 55 14 11554 19 2443 15 7818 6422 4333 8 6143 11193 9388 3775 32 0 14 14 21 26 6 10 6 69 14 9214 21 2665 10051 53 16 4 9 14443 15 25 5 5 8 3 
52 5 9772 6 9214 3 8 7 13 1954 11 35 15 7 2 11 9 9214 12 17 4 7 9 10 49 13123 12564 8 1 8097 4333 9 49 20 8 1 4 13 26 16 8935 8 26 12564 13 11 2 6 8 8 23 12 14 0 5305 7 19 15 4188 7259 9 9772 10 9 12 14 10 19 10 5 25 8935 12 8 17 9 3909 
53 7944 17 16 10 17 17 22 9 3 26 3775 3 4441 7 5 15 35 36 33 12 15887 32 29 11546 14 27 25 6422 16 14 24 6661 24 36 4747 4 34 17 4333 11 6 16 18 30 13 30 5 15 12999 10436 18 14 5305 0 11 21 16 11193 3 12 19 30 12285 9770 18149 9 6 26 10 77 23 38 4441 13 14082 9027 
54 30 17 38 12844 7 8666 11 5305 7 14 40 7 9214 1954 4467 5 13 38 16473 4 9 14 14 20 19 31 7259 15 11 30 16 14 51 12 5 4188 48 7259 11 11 12 67 16 19 12844 6 9 11193 10 17 15 21 7 11 0 18 18 8 37 6 13 14 47 15 17590 37 36 6143 17 18 10 10 10 13 14 9 
55 19 18 23 39 20 48 19 25 18 5 8 65 6883 17311 24 25 25 25 6 31 57 24 27 15 12 13 18 32 24 21665 25 4663 14 18 28 55 27 33 15 5 7 38 40 18415 35 15636 55 49 25 11554 5 26 19 21 18 0 16 24914 6883 24 34 50 19 30 23470 14443 19 16 66 35 60 117 7 18 42 15887 
56 9 5 6661 22 9 17693 6217 14 14519 11 11769 56 11 15636 18 14 4 7328 11 16752 15 14082 6422 1 4 58 8882 14 8376 17 33 50 12 4441 16 17 18 48 14 12 7550 3 5 6 12 25 27 16 19 3 46 6 15 16 18 16 0 26 10658 33 13545 10 6701 3109 7 14 15 37 7 69 17 16 12 23 15 8 
57 31 15 8097 13 12 4333 18 7539 11 14 10214 14082 34 2 43 1117 39 11 22748 6 15 9 11 13 27 22 8376 4 8655 5 25 26 18 35 7 14 29 7 15165 10658 18 18 14240 15 69 17 5584 6860 8 48 21 10 4188 11193 8 24914 26 0 10 17 6 9772 11 40 17 16 16248 7 30 9749 21 7 20 12 9 7259 
58 4 19 15 11 22 61 7 4 7 4 1 4 2 10 4885 9 27 8 14 6980 13 68 14 9548 10 20 3109 17 12 16 30 4 8 9 8 6 18415 14 2 4 6 11 11546 10436 4885 8655 5863 16609 56 7772 5551 6 7259 3 37 6883 10658 10 0 7 15 11991 9104 32 27 4 4441 4 12 81 26 13 4 8438 16 10 
59 17 35 18054 23 13721 17 21 7 7 9770 8 5 33 8376 4 14 14 17 22 6 18 21 75 31 15 24 14 12 18 15 16609 18 22 12435 10 22 20 36 9 36 9326 23 26 20 74 10889 8 19 22 28 79 69 9 12 6 24 33 17 7 0 87 21 16473 13323 22337 9 5416 12 18 23 20220 27 9 32 19137 29 
60 13 12564 20 26 10051 13 13 13402 11448 18 29 88 24 10 77 22 24 28 27081 25 11 8 10889 26 19 27 26 9 9 36 10 19 23109 10 10610 13 3972 3071 92 58 25 14798 13960 13960 28 9 11 6138 8 17 28 14 9772 19 13 34 13545 6 15 87 0 10 10331 13 17 97 27 11727 10610 6 1117 1396 56 15 20 12 
61 9493 7 22 11448 9 8 8 14 13 12 53 17 12 10610 15915 8655 12 13 40 27 8655 4 3350 12 16 28 14 12 2792 10 7 15543 35 8 10 16 6 14 19 15 11 9 12 7 15887 7539 14 5777 6860 11168 22 9214 10 30 14 50 10 9772 11991 21 10 0 5 7818 23 18 19 10331 9 20 8376 7 13 22 6 8655 
62 25 9 2 7259 12 36 5 10 39 17 10 18 8 39 17 36 6 13 30 13 40 5 2 6 18 16248 16 31 2 32 8 14 11915 5 7818 11 38 8376 13681 36 7 10 9 4 13 25 8 29 6499 14 18 21 9 12285 47 19 6701 11 9104 16473 10331 5 0 4 7 59 16194 9 17 10 13 18 10 1 4 21 
63 4885 2 7 4 6 13 3 11 42 26 9104 14 22 11727 14 12 3 4219 10110 50 11 10471 5026 1998 3997 12277 6 9772 7 23 5107 10436 8305 3 35 14 14082 9326 10 14 6 4188 4467 4 6499 17 9 48 13 10 10 2665 12 9770 15 30 3109 40 32 13323 13 7818 4 0 7 44 12213 6 4 14082 14 13 15 2513 10 6 
64 48 5 32 12 11727 15 38 15915 31 15 16 20 11 17 78 16 17 47 18 20 28 12 15 6422 10610 21303 54 14 7 30 9772 64 69 7259 13681 19 16 14 24 25 21 3 5 5 31 12 14240 14 52 9214 37 10051 14 18149 17590 23470 7 17 27 22337 17 23 7 7 0 23 28 16 40 25 57 12285 26 8 10471 11168 
65 14 15 16609 11 12638 18 14082 5584 28 5773 2220 10 7 10 8 68 20 22 15526 7 42 26 17032 13 14 24 36 10 31 16 32 8 23 21 34 6 24 19859 2 10 7 36 18 19 14 12 8 25 17693 22 17 53 10 9 37 14443 14 16 4 9 97 18 59 44 23 0 3 10110 17 95 23109 94 16 14240 23 49 
66 13 21 18054 11 17 18776 15887 6422 9 15 4 5 13 10331 5416 22 11102 13 23 6701 21 87 23 56 16 14443 22 11 17 33 17332 5773 14 15 8935 6 45 41 4 6439 8 22 79 37 15526 15 34 20581 37 12 16 16 19 6 36 19 15 16248 4441 5416 27 19 16194 12213 28 3 0 13 16 49 46 24 5551 31 19498 13721 
67 2 8376 3997 5 2 11 4 3 6 5551 7 11 6 5026 9 7 5329 3 14 5026 20 13 12 10 17 16 4 3350 7539 7 7 16 9027 5 1396 4 15 10 9 6 3775 23 46 21 8666 7 7 9749 8 29 11915 4 10 26 6143 16 37 7 4 12 11727 10331 9 6 16 10110 13 0 3 13721 10889 22 4 6980 10 3 
68 2 7 2 9 2 8 4 11 22 25 7 12999 4 7 15 8 5 3 17 10 10 29 7 5995 8 53 2887 5 4747 22 1776 9548 9 11 3630 7 10 7818 49 7 3997 17 16 7259 9 13 5 7583 11 7 11554 9 5 10 17 66 7 30 12 18 10610 9 17 4 40 17 16 3 0 11 11 11 5995 3909 4694 1 
69 17 13 9 18 11 6 14 16609 15 43 22387 22026 17693 12 78 9 16 19 23831 32 8 4 11 16248 26 98 15165 11 7 32 17 27 81 15 16 18 2528 5 22 85 72 14 13 13 21 12 15 3972 25 18054 90 14443 25 77 18 35 69 9749 81 23 6 20 10 14082 25 95 49 13721 11 0 23 3250 82 43 7 25 
70 11 14 38 52 9493 7 13 25 10610 14 13989 20942 15 7539 35 4467 24 15 27 12 1675 32 12 52 19 53 25 8 18 10 9 34 28 20 39 13 9 3 22 14 12213 30 14240 16 43 7539 10331 7 8 13545 28 15 8935 23 10 60 17 21 26 20220 1117 8376 13 14 57 23109 46 10889 11 23 0 2 53 12 40 13 
71 10889 11 8655 15 10 6 10610 13 14 14 13989 87 11324 9 21 5 11 12844 32 48 3071 6138 37 11769 57 26 12285 10 8 32 7259 17 43 8882 10051 14 5 2792 22387 15 24 13 12285 25 82 9 11 4694 9 51 30 25 12 38 10 117 16 7 13 27 1396 7 18 13 12285 94 24 22 11 3250 2 0 13 10 11 13 
72 4441 36 30 6 6 16 6 5026 9 1998 6 6 2 40 6 12 5995 7 6 16 24 21 21 18 7106 16 4 9 20 55 7550 3553 6 14 28 12 38 23 2887 4 5 11 14 9992 4 18 6701 17 15 6883 6 5 8 4441 10 7 12 20 4 9 56 13 10 15 26 16 5551 4 5995 82 53 13 0 7994 14 20 
73 7 6 3 7 7 13 4 19 20 31 9548 13681 25 20 13 39 15 7 13 15 11168 8 3 5 9 15 7 10 12 18 9 23 13 1396 16 13 10832 9493 14 10 23 9 17 7 9 6 8376 10 8 11 49 5 17 13 13 18 23 12 8438 32 15 22 1 2513 8 14240 31 6980 3909 43 12 10 7994 0 19 5026 
74 8 6499 3 45 6 6 6 11193 12 59 33 21 22 9 31 9 17 10 16971 25 9 12 6 14 14 71 12 14 2 6 9 22 17 6 7944 11915 6 7222 17 59 22 20 9 10 24 10 10 3972 2889 11915 17 8 9 14082 14 42 15 9 16 19137 20 6 4 10 10471 23 19498 10 4694 7 40 11 14 19 0 6 
75 1 26 3 4 4 7944 3 4 9 6 26 22 12 6 10471 7 8 2 12999 7 9 35 7539 13 15 12638 1998 8 6 5777 2443 8882 17 4 11 5 43 9 13 11 7 9 37 8376 15 4 4 8666 12 8 22 3 3909 9027 9 15887 8 7259 10 29 12 8655 21 6 11168 49 13721 3 1 25 13 13 20 5026 6 0 

;param cto[*,*]
: 0 1 2 3 4 5 6 7 8 9 10 11 12 13 14 15 16 17 18 19 20 21 22 23 24 25 26 27 28 29 30 31 32 33 34 35 36 37 38 39 40 41 42 43 44 45 46 47 48 49 50 51 52 53 54 55 56 57 58 59 60 61 62 63 64 65 66 67 68 69 70 71 72 73 74 75:=
0 0 46 44 45 39 42 43 44 40 42 42 43 40 42 43 43 41 39 48 42 44 43 43 43 48 44 39 41 42 41 40 44 42 41 40 41 44 44 42 42 40 44 44 43 41 40 44 42 41 43 43 40 40 42 43 45 44 43 45 45 46 44 42 42 46 43 48 39 39 44 49 45 41 41 41 38 
1 46 0 40 42 42 44 41 49 45 44 46 51 43 49 51 45 44 46 44 46 46 46 43 40 42 45 43 44 40 47 42 47 43 39 44 46 44 45 47 45 43 40 40 39 42 43 44 43 42 41 44 41 44 46 46 50 41 46 45 49 46 42 39 43 45 51 49 43 41 44 46 49 45 39 41 42 
2 44 40 0 46 40 41 43 43 42 44 49 46 42 46 45 42 41 41 45 44 44 40 41 42 44 45 45 41 40 41 43 47 47 40 41 43 42 42 45 44 46 42 42 42 42 40 45 41 40 42 44 40 45 44 44 47 43 43 44 47 44 41 43 41 43 46 47 41 39 46 44 43 44 39 39 40 
3 45 42 46 0 42 49 41 47 44 40 43 45 40 45 49 46 39 40 41 45 47 49 47 41 40 45 41 44 44 44 47 44 39 41 43 44 46 47 44 41 40 43 43 42 38 47 43 45 44 44 40 40 44 44 46 43 42 46 42 47 48 45 42 40 45 45 46 46 41 51 48 48 41 42 43 45 
4 39 42 40 42 0 41 40 40 40 43 43 43 41 41 43 41 42 40 45 42 43 42 43 48 45 45 40 40 42 40 43 46 43 45 39 45 42 46 43 43 42 44 48 44 46 39 39 41 40 44 48 41 43 42 42 47 49 42 42 45 44 43 42 46 45 44 45 39 43 47 44 44 46 42 40 39 
5 42 44 41 49 41 0 42 43 42 46 46 46 44 41 44 39 44 47 48 43 40 40 43 46 47 48 43 40 41 39 40 49 46 43 41 43 40 43 50 46 45 46 45 45 46 44 42 39 39 46 51 44 41 44 42 50 47 40 45 50 41 46 42 48 49 51 47 42 45 44 41 40 49 43 40 42 
6 43 41 43 41 40 42 0 42 42 42 44 48 41 43 44 47 40 40 44 44 45 42 42 42 43 44 40 42 41 41 40 49 45 39 41 43 47 44 44 42 41 46 42 46 45 41 41 42 41 42 43 39 42 43 44 45 43 44 42 46 46 47 40 44 44 45 46 40 39 44 45 45 42 40 40 39 
7 44 49 43 47 40 43 42 0 39 42 41 40 40 41 40 43 47 41 49 44 45 44 46 46 46 44 43 41 44 42 42 47 43 43 40 39 45 44 41 46 41 47 47 46 43 41 39 44 43 45 44 42 40 39 41 46 51 43 40 46 46 46 48 44 48 41 42 39 41 46 46 50 41 44 43 44 
8 40 45 42 44 40 42 42 39 0 44 42 45 41 40 40 46 48 42 46 39 47 44 46 46 46 45 40 44 48 45 42 45 44 44 39 39 44 43 46 43 42 47 47 46 44 40 42 43 42 46 45 42 39 44 40 47 47 41 42 46 45 46 44 45 48 42 43 40 41 49 45 45 42 44 43 41 
9 42 44 44 40 43 46 42 42 44 0 40 43 40 49 44 47 42 41 41 44 49 47 46 44 46 40 41 48 46 45 44 41 39 43 43 43 48 48 42 38 39 46 46 45 40 44 47 47 46 42 40 41 44 43 46 41 45 47 40 46 50 51 45 43 48 42 44 42 43 49 53 53 39 44 45 46 
10 42 46 49 43 43 46 44 41 42 40 0 40 40 48 42 46 44 42 44 43 48 47 47 46 45 42 41 44 47 45 45 40 42 45 43 42 52 47 39 40 41 48 48 51 42 48 42 47 46 45 42 43 43 41 44 43 47 46 43 43 50 49 50 45 49 40 45 42 48 49 49 49 39 46 46 43 
11 43 51 46 45 43 46 48 40 45 43 40 0 42 43 40 49 46 43 46 41 47 47 48 48 51 45 46 43 47 45 45 42 44 46 42 40 48 47 39 42 43 49 49 49 45 44 42 51 46 47 49 44 43 39 46 46 49 45 40 44 49 53 47 47 55 39 39 42 44 49 48 49 41 47 46 43 
12 40 43 42 40 41 44 41 40 41 40 40 42 0 47 43 45 41 39 42 43 46 45 45 44 43 42 39 42 48 43 46 42 40 42 41 41 50 49 41 43 39 45 45 44 40 42 45 45 44 42 45 40 42 41 44 43 45 45 43 44 48 46 43 42 51 42 43 40 41 47 47 47 43 43 43 40 
13 42 49 46 45 41 41 43 41 40 49 48 43 47 0 42 40 45 43 48 40 42 43 45 51 51 47 42 39 44 44 45 47 46 44 40 41 42 41 44 45 44 47 47 46 46 40 40 46 41 51 47 44 39 42 39 49 48 39 44 43 43 45 44 45 48 48 44 41 46 48 43 43 44 44 46 46 
14 43 51 45 49 43 44 44 40 40 44 42 40 43 42 0 44 46 43 47 43 46 46 48 48 48 50 46 46 47 47 44 44 45 46 41 39 46 49 41 44 47 49 49 48 45 43 41 49 45 47 46 44 41 39 41 47 49 43 42 40 47 48 46 47 50 41 40 42 44 47 47 47 46 50 46 43 
15 43 45 42 46 41 39 47 43 46 47 46 49 45 40 44 0 45 44 49 46 40 42 44 47 48 52 43 44 43 40 41 49 47 44 41 42 44 39 49 46 45 47 46 46 46 40 42 40 44 47 48 44 41 44 41 54 48 38 49 49 41 43 44 45 47 46 46 46 42 42 41 45 46 44 42 46 
16 41 44 41 39 42 44 40 47 48 42 44 46 41 45 46 45 0 40 42 45 51 44 42 40 44 43 46 44 46 47 42 45 41 39 43 44 45 46 45 42 41 42 42 41 40 43 43 44 43 39 41 39 44 45 50 44 45 46 43 48 47 44 41 39 43 46 47 42 41 49 47 50 43 40 42 41 
17 39 46 41 40 40 47 40 41 42 41 42 43 39 43 43 44 40 0 42 43 46 44 43 43 42 42 43 42 43 42 45 44 44 41 41 42 45 49 42 44 43 44 44 47 40 42 41 44 43 42 42 39 42 42 44 44 44 44 41 45 47 45 42 41 45 43 48 40 44 46 46 46 41 41 42 43 
18 48 44 45 41 45 48 44 49 46 41 44 46 42 48 47 49 42 42 0 47 50 51 50 43 40 44 48 51 46 47 46 43 44 43 46 46 49 49 45 42 42 45 49 44 40 46 46 48 47 45 39 42 46 46 48 40 47 49 43 53 51 48 45 43 51 46 47 48 44 50 55 51 42 48 46 44 
19 42 46 44 45 42 43 44 44 39 44 43 41 43 40 43 46 45 43 47 0 44 45 47 51 48 46 42 40 45 42 43 49 45 45 40 43 48 44 42 44 44 48 52 51 45 42 40 44 43 47 46 44 40 40 39 48 49 45 42 41 46 47 45 46 49 46 42 41 43 46 45 46 43 45 44 46 
20 44 46 44 47 43 40 45 45 47 49 48 47 46 42 46 40 51 46 50 44 0 42 45 48 49 50 45 42 43 41 42 51 48 45 43 48 40 39 48 52 47 47 51 47 48 42 43 44 41 52 50 46 46 46 43 52 49 40 47 51 40 43 44 50 47 48 52 44 44 41 39 40 48 45 46 48 
21 43 46 40 49 42 40 42 44 44 47 47 47 45 43 46 42 44 44 51 45 42 0 41 44 46 48 44 42 43 44 40 49 50 42 43 45 40 41 47 47 45 47 43 47 45 41 43 39 39 45 47 43 46 46 44 53 45 46 46 52 42 40 44 43 43 48 49 43 41 40 42 41 46 41 39 42 
22 43 43 41 47 43 43 42 46 46 46 47 48 45 45 48 44 42 43 50 47 45 41 0 42 44 51 48 44 39 43 42 49 45 41 44 46 43 44 48 46 44 44 40 40 44 43 45 42 42 43 49 42 48 47 50 48 42 49 47 50 45 40 39 41 40 49 50 44 42 42 45 44 46 40 40 43 
23 43 40 42 41 48 46 42 46 46 44 46 48 44 51 48 47 40 43 43 51 48 44 42 0 44 44 44 46 42 45 44 47 43 40 45 47 46 47 47 48 43 40 40 40 42 45 45 45 44 40 43 42 46 47 48 49 42 47 46 50 48 44 45 39 42 52 49 44 43 46 48 47 45 41 43 43 
24 48 42 44 40 45 47 43 46 46 46 45 51 43 51 48 48 44 42 40 48 49 46 44 44 0 42 44 46 45 46 49 45 41 42 49 46 48 48 46 43 42 42 43 42 40 46 46 47 46 39 40 42 46 47 49 43 45 49 44 53 50 46 44 41 45 47 48 45 44 48 50 49 44 43 49 44 
25 44 45 45 45 45 48 44 44 45 40 42 45 42 47 50 52 43 42 44 46 50 48 51 44 42 0 47 46 47 47 50 41 40 44 45 45 49 49 43 44 41 46 47 46 41 46 49 48 47 42 39 43 46 45 48 39 45 52 42 47 55 49 46 44 48 44 45 44 44 50 51 55 41 49 47 44 
26 39 43 45 41 40 43 40 43 40 41 41 46 39 42 46 43 46 43 48 42 45 44 48 44 44 47 0 41 43 42 41 43 41 42 43 40 45 44 41 41 40 45 45 44 41 41 40 44 42 47 43 40 40 41 42 45 45 43 40 44 46 45 43 46 46 42 43 39 40 45 46 46 40 46 42 39 
27 41 44 41 44 40 40 42 41 44 48 44 43 42 39 46 44 44 42 51 40 42 42 44 46 46 46 41 0 42 39 40 46 45 43 39 41 42 41 47 44 47 46 46 45 44 39 39 41 40 46 46 42 42 42 40 48 50 40 43 44 47 44 43 44 50 48 48 40 45 47 47 43 47 43 41 40 
28 42 40 40 44 42 41 41 44 48 46 47 47 48 44 47 43 46 43 46 45 43 43 39 42 45 47 43 42 0 41 40 49 45 40 43 45 45 42 47 46 44 42 41 41 44 41 43 40 40 47 46 42 43 46 49 48 43 43 46 48 47 40 39 41 42 48 52 43 41 45 44 42 46 40 43 45 
29 41 47 41 44 40 39 41 42 45 45 45 45 43 44 47 40 47 42 47 42 41 44 43 45 46 47 42 39 41 0 39 51 45 42 40 42 41 40 49 45 44 45 45 44 45 38 44 40 43 45 46 42 40 43 42 49 50 44 44 49 42 42 42 44 45 49 46 41 40 42 42 42 45 42 40 41 
30 40 42 43 47 43 40 40 42 42 44 45 45 46 45 44 41 42 45 46 43 42 40 42 44 49 50 41 40 40 39 0 51 44 45 40 42 41 41 45 44 43 44 43 43 43 39 41 40 39 44 45 41 41 44 43 48 44 42 44 46 43 42 40 42 44 46 46 41 39 42 43 42 44 41 39 40 
31 44 47 47 44 46 49 49 47 45 41 40 42 42 47 44 49 45 44 43 49 51 49 49 47 45 41 43 46 49 51 51 0 42 46 45 44 50 50 41 41 42 49 49 48 43 47 45 49 52 45 42 48 46 43 51 42 48 48 41 45 52 50 48 46 51 41 42 44 46 55 51 55 41 47 48 45 
32 42 43 47 39 43 46 45 43 44 39 42 44 40 46 45 47 41 44 44 45 48 50 45 43 41 40 41 45 45 45 44 42 0 46 43 48 47 47 47 40 39 48 45 44 39 44 43 46 45 41 39 40 44 44 46 41 47 51 41 47 49 47 44 42 46 44 49 42 46 48 49 49 40 43 44 42 
33 41 39 40 41 45 43 39 43 44 43 45 46 42 44 46 44 39 41 43 45 45 42 41 40 42 44 42 43 40 42 45 46 46 0 42 48 44 44 45 43 42 41 41 44 41 42 43 46 46 41 43 40 47 45 49 46 41 45 44 48 50 42 39 39 42 46 47 46 40 44 46 45 44 39 44 41 
34 40 44 41 43 39 41 41 40 39 43 43 42 41 40 41 41 43 41 46 40 43 43 44 45 49 45 43 39 43 40 40 45 43 42 0 40 43 42 42 43 46 46 46 45 43 40 38 42 41 45 45 42 38 41 41 47 46 41 42 43 45 48 43 43 47 43 44 39 40 44 44 44 42 43 42 40 
35 41 46 43 44 45 43 43 39 39 43 42 40 41 41 39 42 44 42 46 43 48 45 46 47 46 45 40 41 45 42 42 44 48 48 40 0 45 44 45 42 42 47 47 47 48 45 43 44 43 49 45 47 40 39 40 47 48 42 41 41 50 46 49 45 49 41 46 40 46 46 46 46 42 45 44 45 
36 44 44 42 46 42 40 47 45 44 48 52 48 50 42 46 44 45 45 49 48 40 40 43 46 48 49 45 42 45 41 41 50 47 44 43 45 0 39 48 48 50 45 49 45 51 41 44 39 40 47 49 45 43 46 44 55 51 41 47 52 40 45 42 45 45 49 49 44 47 39 40 39 47 43 45 43 
37 44 45 42 47 46 43 44 44 43 48 47 47 49 41 49 39 46 49 49 44 39 41 44 47 48 49 44 41 42 40 41 50 47 44 42 44 39 0 47 47 46 46 46 46 47 41 43 40 40 47 52 45 42 45 42 51 47 40 47 47 40 42 43 45 46 48 48 43 43 44 39 40 47 44 41 43 
38 42 47 45 44 43 50 44 41 46 42 39 39 41 44 41 49 45 42 45 42 48 47 48 47 46 43 41 47 47 49 45 41 47 45 42 45 48 47 0 41 42 49 49 48 43 44 42 47 46 46 44 44 43 40 44 44 48 45 39 42 49 49 47 50 50 39 44 46 44 53 53 49 40 46 50 43 
39 42 45 44 41 43 46 42 46 43 38 40 42 43 45 44 46 42 44 42 44 52 47 46 48 43 44 41 44 46 45 44 41 40 43 43 42 48 47 41 0 43 46 46 46 40 44 43 47 45 43 40 42 44 42 49 46 45 46 40 45 49 47 45 43 48 42 43 42 43 48 53 49 39 44 45 42 
40 40 43 46 40 42 45 41 41 42 39 41 43 39 44 47 45 41 43 42 44 47 45 44 43 42 41 40 47 44 44 43 42 39 42 46 42 50 46 42 43 0 44 45 44 39 43 42 45 48 42 41 40 42 42 45 43 44 45 40 45 48 46 43 42 46 43 48 41 41 47 48 47 40 42 43 41 
41 44 40 42 43 44 46 46 47 47 46 48 49 45 47 49 47 42 44 45 48 47 47 44 40 42 46 45 46 42 45 44 49 48 41 46 47 45 46 49 46 44 0 42 38 44 49 46 45 44 42 45 43 46 52 49 47 40 47 51 51 47 42 41 40 44 49 51 45 43 49 47 50 50 41 43 48 
42 44 40 42 43 48 45 42 47 47 46 48 49 45 47 49 46 42 44 49 52 51 43 40 40 43 47 45 46 41 45 43 49 45 41 46 47 49 46 49 46 45 42 0 42 44 48 46 44 44 42 45 43 46 48 52 48 40 47 47 51 47 42 41 41 39 53 51 45 43 48 47 46 47 40 46 44 
43 43 39 42 42 44 45 46 46 46 45 51 49 44 46 48 46 41 47 44 51 47 47 40 40 42 46 44 45 41 44 43 48 44 44 45 47 45 46 48 46 44 38 42 0 43 44 49 48 44 45 48 42 45 47 48 47 40 47 46 54 47 42 44 40 40 49 50 44 42 48 47 46 46 40 42 43 
44 41 42 42 38 46 46 45 43 44 40 42 45 40 46 45 46 40 40 40 45 48 45 44 42 40 41 41 44 44 45 43 43 39 41 43 48 51 47 43 40 39 44 44 43 0 48 47 46 45 40 43 40 44 48 46 42 43 46 42 47 49 46 43 41 46 44 46 42 42 47 49 48 41 46 44 42 
45 40 43 40 47 39 44 41 41 40 44 48 44 42 40 43 40 43 42 46 42 42 41 43 45 46 46 41 39 41 38 39 47 44 42 40 45 41 41 44 44 43 49 48 44 48 0 40 44 39 45 46 42 39 43 41 48 46 40 43 45 43 43 42 43 49 45 45 40 40 42 43 42 44 46 40 40 
46 44 44 45 43 39 42 41 39 42 47 42 42 45 40 41 42 43 41 46 40 43 43 45 45 46 49 40 39 43 44 41 45 43 43 38 43 44 43 42 43 42 46 46 49 47 40 0 43 42 45 45 42 39 40 41 47 46 41 42 47 49 45 47 48 47 47 43 39 40 45 44 44 42 43 42 40 
47 42 43 41 45 41 39 42 44 43 47 47 51 45 46 49 40 44 44 48 44 44 39 42 45 47 48 44 41 40 40 40 49 46 46 42 44 39 40 47 47 45 45 44 48 46 44 43 0 39 46 47 43 46 49 43 50 50 41 46 51 41 41 41 44 44 48 48 43 42 40 41 40 50 42 40 42 
48 41 42 40 44 40 39 41 43 42 46 46 46 44 41 45 44 43 43 47 43 41 39 42 44 46 47 42 40 40 43 39 52 45 46 41 43 40 40 46 45 48 44 44 44 45 39 42 39 0 45 46 42 41 44 46 49 45 41 45 46 46 41 41 43 44 47 47 42 40 41 46 41 49 42 39 41 
49 43 41 42 44 44 46 42 45 46 42 45 47 42 51 47 47 39 42 45 47 52 45 43 40 39 42 47 46 47 45 44 45 41 41 45 49 47 47 46 43 42 42 42 45 40 45 45 46 45 0 41 41 45 46 48 44 44 47 44 49 49 45 42 40 44 47 52 44 42 47 49 48 43 41 44 43 
50 43 44 44 40 48 51 43 44 45 40 42 49 45 47 46 48 41 42 39 46 50 47 49 43 40 39 43 46 46 46 45 42 39 43 45 45 49 52 44 40 41 45 45 48 43 46 45 47 46 41 0 42 49 45 51 44 44 52 42 48 51 47 45 42 47 44 49 44 44 49 50 50 41 44 46 43 
51 40 41 40 40 41 44 39 42 42 41 43 44 40 44 44 44 39 39 42 44 46 43 42 42 42 43 40 42 42 42 41 48 40 40 42 47 45 45 44 42 40 43 43 42 40 42 42 43 42 41 42 0 42 43 45 44 42 48 42 46 50 44 41 40 44 44 49 44 40 45 46 46 42 40 45 40 
52 40 44 45 44 43 41 42 40 39 44 43 43 42 39 41 41 44 42 46 40 46 46 48 46 46 46 40 42 43 40 41 46 44 47 38 40 43 42 43 44 42 46 46 45 44 39 39 46 41 45 49 42 0 41 40 47 47 40 42 43 44 48 43 44 51 44 44 39 41 44 44 44 47 43 42 40 
53 42 46 44 44 42 44 43 39 44 43 41 39 41 42 39 44 45 42 46 40 46 46 47 47 47 45 41 42 46 43 44 43 44 45 41 39 46 45 40 42 42 52 48 47 48 43 40 49 44 46 45 43 41 0 41 46 48 43 44 41 51 47 46 46 49 40 40 41 47 47 47 47 41 46 45 42 
54 43 46 44 46 42 42 44 41 40 46 44 46 44 39 41 41 50 44 48 39 43 44 50 48 49 48 42 40 49 42 43 51 46 49 41 40 44 42 44 49 45 49 52 48 46 41 41 43 46 48 51 45 40 41 0 53 53 40 44 46 44 46 45 46 49 44 44 42 43 45 44 48 48 46 44 43 
55 45 50 47 43 47 50 45 46 47 41 43 46 43 49 47 54 44 44 40 48 52 53 48 49 43 39 45 48 48 49 48 42 41 46 47 47 55 51 44 46 43 47 48 47 42 48 47 50 49 44 44 44 47 46 53 0 50 50 43 49 53 50 51 45 49 45 46 49 46 52 53 52 42 50 48 46 
56 44 41 43 42 49 47 43 51 47 45 47 49 45 48 49 48 45 44 47 49 49 45 42 42 45 45 45 50 43 50 44 48 47 41 46 48 51 47 48 45 44 40 40 40 43 46 46 50 45 44 44 42 47 48 53 50 0 48 46 51 49 48 42 40 42 53 54 45 47 46 49 48 46 42 44 48 
57 43 46 43 46 42 40 44 43 41 47 46 45 45 39 43 38 46 44 49 45 40 46 49 47 49 52 43 40 43 44 42 48 51 45 41 42 41 40 45 46 45 47 47 47 46 40 41 41 41 47 52 48 40 43 40 50 48 0 45 44 46 44 44 46 47 50 46 46 43 43 41 42 46 45 46 42 
58 45 45 44 42 42 45 42 40 42 40 43 40 43 44 42 49 43 41 43 42 47 46 47 46 44 42 40 43 46 44 44 41 41 44 42 41 47 47 39 40 40 51 47 46 42 43 42 46 45 44 42 42 42 44 44 43 46 45 0 47 49 47 45 44 49 40 41 45 43 48 48 52 39 45 45 42 
59 45 49 47 47 45 50 46 46 46 46 43 44 44 43 40 49 48 45 53 41 51 52 50 50 53 47 44 44 48 49 46 45 47 48 43 41 52 47 42 45 45 51 51 54 47 45 47 51 46 49 48 46 43 41 46 49 51 44 47 0 49 50 48 49 52 41 40 48 46 53 48 49 44 48 47 45 
60 46 46 44 48 44 41 46 46 45 50 50 49 48 43 47 41 47 47 51 46 40 42 45 48 50 55 46 47 47 42 43 52 49 50 45 50 40 40 49 49 48 47 47 47 49 43 49 41 46 49 51 50 44 51 44 53 49 46 49 49 0 43 44 47 47 50 50 45 45 40 38 39 49 45 43 45 
61 44 42 41 45 43 46 47 46 46 51 49 53 46 45 48 43 44 45 48 47 43 40 40 44 46 49 45 44 40 42 42 50 47 42 48 46 45 42 49 47 46 42 42 42 46 43 45 41 41 45 47 44 48 47 46 50 48 44 47 50 43 0 40 43 42 53 54 44 43 40 43 42 47 41 40 43 
62 42 39 43 42 42 42 40 48 44 45 50 47 43 44 46 44 41 42 45 45 44 44 39 45 44 46 43 43 39 42 40 48 44 39 43 49 42 43 47 45 43 41 41 44 43 42 47 41 41 42 45 41 43 46 45 51 42 44 45 48 44 40 0 44 42 47 48 42 40 42 44 44 45 42 43 41 
63 42 43 41 40 46 48 44 44 45 43 45 47 42 45 47 45 39 41 43 46 50 43 41 39 41 44 46 44 41 44 42 46 42 39 43 45 45 45 50 43 42 40 41 40 41 43 48 44 43 40 42 40 44 46 46 45 40 46 44 49 47 43 44 0 46 47 48 46 45 45 47 46 44 39 42 42 
64 46 45 43 45 45 49 44 48 48 48 49 55 51 48 50 47 43 45 51 49 47 43 40 42 45 48 46 50 42 45 44 51 46 42 47 49 45 46 50 48 46 44 39 40 46 49 47 44 44 44 47 44 51 49 49 49 42 47 49 52 47 42 42 46 0 51 52 46 44 44 47 46 48 42 43 45 
65 43 51 46 45 44 51 45 41 42 42 40 39 42 48 41 46 46 43 46 46 48 48 49 52 47 44 42 48 48 49 46 41 44 46 43 41 49 48 39 42 43 49 53 49 44 45 47 48 47 47 44 44 44 40 44 45 53 50 40 41 50 53 47 47 51 0 39 43 45 50 49 49 41 47 47 44 
66 48 49 47 46 45 47 46 42 43 44 45 39 43 44 40 46 47 48 47 42 52 49 50 49 48 45 43 48 52 46 46 42 49 47 44 46 49 48 44 43 48 51 51 50 46 45 43 48 47 52 49 49 44 40 44 46 54 46 41 40 50 54 48 48 52 39 0 44 49 50 49 54 42 48 47 45 
67 39 43 41 46 39 42 40 39 40 42 42 42 40 41 42 46 42 40 48 41 44 43 44 44 45 44 39 40 43 41 41 44 42 46 39 40 44 43 46 42 41 45 45 44 42 40 39 43 42 44 44 44 39 41 42 49 45 46 45 48 45 44 42 46 46 43 44 0 40 45 45 45 45 42 42 39 
68 39 41 39 41 43 45 39 41 41 43 48 44 41 46 44 42 41 44 44 43 44 41 42 43 44 44 40 45 41 40 39 46 46 40 40 46 47 43 44 43 41 43 43 42 42 40 40 42 40 42 44 40 41 47 43 46 47 43 43 46 45 43 40 45 44 45 49 40 0 47 44 44 43 40 40 38 
69 44 44 46 51 47 44 44 46 49 49 49 49 47 48 47 42 49 46 50 46 41 40 42 46 48 50 45 47 45 42 42 55 48 44 44 46 39 44 53 48 47 49 48 48 47 42 45 40 41 47 49 45 44 47 45 52 46 43 48 53 40 40 42 45 44 50 50 45 47 0 41 39 48 43 41 44 
70 49 46 44 48 44 41 45 46 45 53 49 48 47 43 47 41 47 46 55 45 39 42 45 48 50 51 46 47 44 42 43 51 49 46 44 46 40 39 53 53 48 47 47 47 49 43 44 41 46 49 50 46 44 47 44 53 49 41 48 48 38 43 44 47 47 49 49 45 44 41 0 43 49 49 43 45 
71 45 49 43 48 44 40 45 50 45 53 49 49 47 43 47 45 50 46 51 46 40 41 44 47 49 55 46 43 42 42 42 55 49 45 44 46 39 40 49 49 47 50 46 46 48 42 44 40 41 48 50 46 44 47 48 52 48 42 52 49 39 42 44 46 46 49 54 45 44 39 43 0 52 48 42 44 
72 41 45 44 41 46 49 42 41 42 39 39 41 43 44 46 46 43 41 42 43 48 46 46 45 44 41 40 47 46 45 44 41 40 44 42 42 47 47 40 39 40 50 47 46 41 44 42 50 49 43 41 42 47 41 48 42 46 46 39 44 49 47 45 44 48 41 42 45 43 48 49 52 0 44 49 42 
73 41 39 39 42 42 43 40 44 44 44 46 47 43 44 50 44 40 41 48 45 45 41 40 41 43 49 46 43 40 42 41 47 43 39 43 45 43 44 46 44 42 41 40 40 46 46 43 42 42 41 44 40 43 46 46 50 42 45 45 48 45 41 42 39 42 47 48 42 40 43 49 48 44 0 40 41 
74 41 41 39 43 40 40 40 43 43 45 46 46 43 46 46 42 42 42 46 44 46 39 40 43 49 47 42 41 43 40 39 48 44 44 42 44 45 41 50 45 43 43 46 42 44 40 42 40 39 44 46 45 42 45 44 48 44 46 45 47 43 40 43 42 43 47 47 42 40 41 43 42 49 40 0 45 
75 38 42 40 45 39 42 39 44 41 46 43 43 40 46 43 46 41 43 44 46 48 42 43 43 44 44 39 40 45 41 40 45 42 41 40 45 43 43 43 42 41 48 44 43 42 40 40 42 41 43 43 40 40 42 43 46 48 42 42 45 45 43 41 42 45 44 45 39 38 44 45 44 42 41 45 0 

;param d[*,*]
: 0 1 2 3 4 5 6 7 8 9 10 11 12 13 14 15 16 17 18 19 20 21 22 23 24 25 26 27 28 29 30 31 32 33 34 35 36 37 38 39 40 41 42 43 44 45 46 47 48 49 50 51 52 53 54 55 56 57 58 59 60 61 62 63 64 65 66 67 68 69 70 71 72 73 74 75:=
0 0.0 0 0 0 0.12 0.98 0 0 1.41 0 1.02 1.13 0.2 2.07 1.06 2.54 0 0.49 0 0 0.6 3.42 1.17 0 0 3.11 0 0.99 2.26 0.3 0 0.62 1.36 1.05 0.39 1.69 4.18 3.01 2.45 0 0.55 1.41 3.39 0.52 0.33 0 0 0.43 1.88 0 0.48 0 0.23 2.79 1.66 1.64 0 1.72 0 1.49 0 3.2 1.36 1.36 2.65 1.21 0 0.08 0 1.45 0 3.67 1.23 0.33 0.33 0 
1 0 0.0 0.23 2.16 0.43 1.29 0.63 0 3.76 0 0 0 1.21 0 0 0.67 0 0 0.6 4.42 0.73 0 0 0.74 0.98 5.32 2.82 0.58 0.23 0 0 0 1.21 0.75 3.11 0 4.31 3.58 1.96 0 1.79 0.43 0.17 0.56 3.29 0 2.16 3.55 1.6 1.69 2.09 1.11 3.29 0.8 0.8 0 0 0.72 0.7 2.46 4.23 0.35 0.49 0 0 0 1.02 2.82 0.32 0.55 0 0 1.56 0.31 2.28 1.42 
2 0 0.23 0.0 0 0.74 0.32 0 2.54 0.43 2.09 0 2.65 1.54 0 2.46 1.6 1.11 0.3 0.67 1.33 3.01 0.59 1.51 0.42 2.03 0.7 0 1.88 0.62 1.51 0 0 0 0.62 0.74 2.82 0.94 0.43 5.19 0 0 0.42 1.48 0 2.45 1.32 0 1.6 0.8 0.43 0.6 0 0 1.41 2.09 1.99 1.85 2.73 0.57 6.33 1.37 1.23 0 0.27 1.79 5.83 6.33 1.11 0 0 2.09 2.92 1.33 0.15 0.12 0 
3 0 2.16 0 0.0 0 0 0 0 3.2 0.23 1.72 0.65 0.59 0 0 1.8 0.15 0.74 2.03 1.6 0 0 0 0 0 0 1.23 3.29 3.01 4.56 0 0.53 0.75 0.63 1.79 1.33 6.08 0 0 0 0 0.48 1.91 2.45 0.38 0 0.5 3.86 1.41 0 1.52 0.17 3.11 0 4.33 2.54 0.98 0 0.4 0.87 0.99 3.86 2.45 0 0 0 0 0 0.33 0 2.27 0 0 0 2.92 0 
4 0.12 0.43 0.74 0 0.0 0.7 0 1.41 0 1.17 0 1.21 1.11 0 2.54 0.33 0.94 0.25 5.19 0.35 2.73 1.36 2.73 0 0 1.56 0.68 0.94 1.98 1.39 0 2.65 0.48 0 0.66 0 1.02 0 3.93 1.79 0.82 3.48 0 1.29 0 0 0 1.23 1.32 0.55 0 0.99 0 1.48 0 0.82 0 0.82 0.98 4.81 3.39 0 0.82 0 3.95 4.43 1.49 0 0 0 3.2 0 0 0 0.25 0.2 
5 0.98 1.29 0.32 0 0.7 0.0 3.29 1.85 2.35 4.52 6.08 0.75 4.56 0.63 1.45 0.13 4.69 0 0.97 0.47 1.52 1.65 3.67 2.71 3.26 0.97 1.79 0.23 1.88 0.56 1.65 2.35 4.33 3.8 1.23 0.5 0.94 0 0 0.78 4.94 4.05 5.07 2.4 1.72 0 0.37 0.12 0.89 1.8 0 1.25 0.7 1.45 3.04 4.13 6.21 1.52 3.95 0 1.11 0 2.35 0 0 0 6.59 0.94 0 0 0.63 0.25 0 1.09 0.25 2.79 
6 0 0.63 0 0 0 3.29 0.0 0 0.94 0.98 1.97 0 0.66 0 4.69 0 0 0.17 1.97 1.25 0 0.9 0 1.36 0 0.57 0 0.37 0.3 2.53 0.74 0 0 0.49 0.7 0.45 0 3.11 1.33 0.43 0.27 0 2.45 0 0 0.66 0 3.17 2.41 1.29 3.55 0.37 0 1.91 0 1.64 1.72 1.25 0 1.84 0 0 0.23 0 2.09 4.94 5.57 0 0.2 0.57 0 3.58 0 0.18 0.25 0.12 
7 0 0 2.54 0 1.41 1.85 0 0.0 0.66 2.35 1.11 0.92 0 0.32 0 2.63 0 0.7 0 0 3.67 3.48 4.14 4.14 0 0 0 0.99 2.28 0.94 2.35 0 1.72 1.91 0 0.31 5.07 3.39 0.63 0 1.88 0.83 0 0 2.73 0.33 0 4.43 2.73 2.4 1.37 2.16 0.74 0.49 1.79 1.72 0 2.54 0 0 4.52 0 0 0 5.36 1.88 2.16 0.15 0.78 5.83 1.72 0 1.69 1.33 3.93 0 
8 1.41 3.76 0.43 3.2 0 2.35 0.94 0.66 0.0 1.25 0 0 0.78 0.2 0.51 0 0 0.37 0.78 0.43 0 0.55 1.68 4.42 0 2.59 0.86 0 0 0 2.07 0 3.11 1.29 0.43 0.31 1.37 0.5 0 2.73 0.98 0.85 1.96 1.8 0.57 0.92 0 3.8 3.17 0 1.6 2.45 0.66 0 0.47 0.85 4.89 0.78 0 0 3.86 0 2.16 2.34 2.19 1.54 0.45 0.39 1.23 0 3.58 0.67 0.42 1.37 0.48 0.66 
9 0 0 2.09 0.23 1.17 4.52 0.98 2.35 1.25 0.0 0 0 0 0 2.22 0.83 0.9 0.99 0 3.48 0 1.92 2.83 0 0 0 1.17 0 0 5.32 0 1.05 0.43 1.17 1.17 0 2.19 3.39 1.36 0.25 0.55 1.72 0 0 0.74 3.48 0 0.83 2.65 1.54 0.18 0.33 0 1.13 0 0 0 0 0 2.71 0 0 0.65 1.13 0 1.6 0.55 1.54 1.09 3.7 0 0 0.55 1.37 3.86 0 
10 1.02 0 0 1.72 0 6.08 1.97 1.11 0 0 0.0 0 0.92 0 0 0.78 0 0 0.53 2.63 0.97 3.26 3.33 2.9 2.46 0.38 0 0.58 3.08 3.86 1.56 0 1.36 1.52 0.45 0.35 0 2.11 0.43 0.68 0 0.94 0.95 0 0.43 0 0 1.99 0.75 0 0.43 1.79 1.91 1.05 2.22 0 3.26 2.83 0 0 1.1 2.35 0 2.53 0 0.62 0 0 0 7.86 3.88 3.88 0.27 2.65 2.83 1.13 
11 1.13 0 2.65 0.65 1.21 0.75 0 0.92 0 0 0 0.0 0 0.5 0.39 0 2.71 0.5 5.83 1.11 6.59 0.89 5.55 0.95 0 1.49 0 0.52 3.2 0.65 5.07 0.43 3.29 2.83 2.35 1.41 0.92 1.96 0.31 0.98 0.48 1.07 1.07 2.35 3.58 3.29 0.38 0 0.73 1.96 0 4.56 1.06 0.13 0 4.23 2.46 4.94 0 0 5.74 0 0.85 0 0 0.66 0.43 0.98 4.56 7.73 7.35 5.65 0 4.61 1.84 1.91 
12 0.2 1.21 1.54 0.59 1.11 4.56 0.66 0 0.78 0 0.92 0 0.0 0 1.06 1.49 0.78 0.12 1.6 1.06 0 3.67 0 0 1.79 1.36 0.12 2.45 0 3.8 0 0 0 0.38 1.11 0.78 0 0 0.32 0 0 1.6 1.64 2.28 0 0.98 0 4.94 0.53 0 0 0.22 0 1.23 3.11 1.91 0 1.49 0 1.45 0.92 0 0 0.98 0 0 0.5 0.22 0 6.21 0 3.14 0 1.09 1.91 0.55 
13 2.07 0 0 0 0 0.63 0 0.32 0.2 0 0 0.5 0 0.0 2.07 1.04 3.86 0 2.23 0.8 0.82 1.72 1.64 0 0 2.07 2.16 0.66 2.03 0 0 4.8 0 0.6 0.22 0.27 1.6 1.23 1.33 0 3.29 2.07 0.85 2.96 2.65 0.8 0 0 1.79 0 1.99 0 0 0 0.66 5.83 5.27 0 0 2.82 0 3.58 2.16 3.95 0 0 3.48 1.69 0 0 2.54 0 2.22 1.41 0 0 
14 1.06 0 2.46 0 2.54 1.45 4.69 0 0.51 2.22 0 0.39 1.06 2.07 0.0 4.18 1.8 1.21 6.72 0 1.68 5.95 5.27 0 2.19 0 0 0 3.02 0 0.6 2.22 3.76 2.77 1.88 0.55 5.95 0 0.28 0 0 1.07 3.88 3.63 3.86 2.73 1.69 0 1.49 0 2.9 1.45 0.78 0.43 1.51 2.07 0 2.82 1.36 0.17 4.99 5.36 0.8 0 4.31 0.66 1.9 0.37 1.29 5.08 3.02 0.87 0 0 2.65 3.67 
15 2.54 0.67 1.6 1.8 0.33 0.13 0 2.63 0 0.83 0.78 0 1.49 1.04 4.18 0.0 0 0.58 3.76 0 0.94 0.35 0.62 0.85 0.97 0 2.82 0 0.47 0.17 1.79 0 6.21 0.6 1.88 2.45 0 0.15 0 1.88 0 4.71 2.96 4.33 4.42 1.22 1.29 1.9 0 1.99 7.1 1.41 0.63 1.29 0 0 0 0.38 0 0 1.23 2.92 1.97 0 0 4.42 1.88 0 0 0.38 1.51 0 0 2.16 0.37 0 
16 0 0 1.11 0.15 0.94 4.69 0 0 0 0.9 0 2.71 0.78 3.86 1.8 0 0.0 0.86 2.16 3.95 0 4.05 0.38 0 0 2.63 0 3.2 0 0 1.48 1.6 1.6 0.31 2.73 2.22 2.59 0.73 1.52 0 0 0 0.37 1.6 0.2 1.79 1.17 1.37 3.8 0.15 2.53 0.31 3.11 1.52 0 2.16 0 1.72 1.17 0 0.89 0.55 0.3 0.1 1.21 0.73 3.08 1.48 0 0 0.89 0 1.66 0.8 1.48 0.32 
17 0.49 0 0.3 0.74 0.25 0 0.17 0.7 0.37 0.99 0 0.5 0.12 0 1.21 0.58 0.86 0.0 3.29 0.48 0 0.53 1.91 0 1.6 3.17 0 0 1.09 1.02 0 0.53 0 0 0.28 2.07 1.52 0 3.29 0 0 0.57 3.2 0 0.2 0 1.11 2.03 0.45 0.82 2.66 0 0.82 2.35 2.09 2.09 2.03 0 0.28 0.7 1.96 0.63 0.94 1.17 2.59 1.91 0 0 0 1.68 0 4.33 0.27 0.33 0.42 0 
18 0 0.6 0.67 2.03 5.19 0.97 1.97 0 0.78 0 0.53 5.83 1.6 2.23 6.72 3.76 2.16 3.29 0.0 3.26 8.87 0 0 3.55 1.22 0 0 0 4.42 4.89 5.7 1.79 0 1.91 1.72 0.77 6.02 1.09 1.52 0 0.82 4.94 0 0.62 1.77 4.52 0 5.36 2.03 0 0.37 2.45 0.8 2.83 5.55 0.55 0 7.98 0.52 0 9.5 3.45 2.53 3.55 0 5.45 1.96 0 1.45 8.36 0 2.78 0 0 5.95 4.56 
19 0 4.42 1.33 1.6 0.35 0.47 1.25 0 0.43 3.48 2.63 1.11 1.06 0.8 0 0 3.95 0.48 3.26 0.0 0.57 3.67 0 0 5.18 1.84 0.82 1.41 0 1.48 0 0 0 1.56 0 0 0 0 1.42 0.57 1.97 0 0 0 3.86 0.35 0.2 3.29 2.82 0 0 0 0 0.68 0.31 2.19 5.65 0 2.35 0.28 1.72 1.92 0 2.77 0 0 2.26 1.69 0.47 2.77 0 2.65 1.13 0.7 2.16 0 
20 0.6 0.73 3.01 0 2.73 1.52 0 3.67 0 0 0.97 6.59 0 0.82 1.68 0.94 0 0 8.87 0.57 0.0 2.07 0 3.45 0 8.87 3.76 2.07 1.91 1.11 0 1.19 7.35 0.7 1.85 0 0.2 0.37 5.18 0 1.96 2.11 0 4.71 2.19 0 1.21 0 0.74 0 2.58 0 0 5.57 0.45 4.87 0 0.8 0 0 0.62 2.92 2.22 0 1.99 3.57 0 1.37 0 0.7 0.56 1.04 0.92 3.76 0 0 
21 3.42 0 0.59 0 1.36 1.65 0.9 3.48 0.55 1.92 3.26 0.89 3.67 1.72 5.95 0.35 4.05 0.53 0 3.67 2.07 0.0 0.7 1.41 0.78 3.51 3.11 2.16 0 0 0.22 1.07 0 3.04 3.42 4.81 0.39 0.27 6.72 6.21 0.65 0 0.48 0 1.6 0.7 2.73 0.37 0.49 1.56 3.14 3.8 0 2.77 0.6 0 4.94 0 4.42 0 0.35 0.17 0 3.67 0.5 2.23 5.65 1.13 1.88 0.17 2.07 2.15 1.84 0.33 0.75 2.26 
22 1.17 0 1.51 0 2.73 3.67 0 4.14 1.68 2.83 3.33 5.55 0 1.64 5.27 0.62 0.38 1.91 0 0 0 0.7 0.0 1.98 0 0 0 3.29 0 1.79 1.98 1.05 3.76 0.27 2.22 0.78 1.09 2.09 0 0 1.45 0 0.43 0.43 1.37 1.13 0.63 2.26 2.91 0 0 1.6 0 2.03 0 2.31 2.16 0 0 4.13 3.67 1.13 0 1.69 0.8 5.74 1.1 0.57 0 0.98 0 2.03 0.78 0 0.25 2.54 
23 0 0.74 0.42 0 0 2.71 1.36 4.14 4.42 0 2.9 0.95 0 0 0 0.85 0 0 3.55 0 3.45 1.41 1.98 0.0 0 2.22 0 4.14 0.43 5.19 1.97 3.2 1.66 0 2.46 4.61 1.8 0 0.87 0 0 0.68 0.86 0.39 2.07 3.67 3.95 5.19 3.48 0.62 2.63 1.29 2.71 3.2 0.95 0 0 0 2.65 1.15 0.97 0.55 0 0.55 2.16 0 2.46 0 1.66 5.7 2.27 3.26 0.67 0 1.17 0.5 
24 0 0.98 2.03 0 0 3.26 0 0 0 0 2.46 0 1.79 0 2.19 0.97 0 1.6 1.22 5.18 0 0.78 0 0 0.0 0.38 0.57 4.52 3.58 1.88 0 0 0.7 0 0 4.52 3.51 0.99 2.83 0.47 0.94 0.43 1.85 1.54 0.23 1.72 4.14 4.8 0.77 0.43 1.9 0.37 4.42 0 0 1.06 0 1.0 0 0 0 0.78 1.25 1.11 3.58 0 0 0.63 0 2.27 0 2.5 1.97 0.45 0 0.55 
25 3.11 5.32 0.7 0 1.56 0.97 0.57 0 2.59 0 0.38 1.49 1.36 2.07 0 0 2.63 3.17 0 1.84 8.87 3.51 0 2.22 0.38 0.0 0 0 0.85 6.46 0 0.3 0.47 2.22 3.76 1.56 2.54 8.24 1.17 0 1.17 2.9 0.83 0.75 0.63 0.78 0 0.99 6.72 3.29 0.13 2.54 4.23 2.34 2.15 0.85 3.76 0 0.9 2.07 0 2.39 5.7 4.31 7.48 2.03 5.07 1.37 3.48 6.4 4.56 0 0.7 0 4.61 4.43 
26 0 2.82 0 1.23 0.68 1.79 0 0 0.86 1.17 0 0 0.12 2.16 0 2.82 0 0 0 0.82 3.76 3.11 0 0 0.57 0 0.0 0.3 2.82 2.07 1.23 0 0.33 0.37 0 0.86 1.49 2.22 1.88 0.66 0.68 0.68 1.6 3.39 2.53 1.69 0.39 4.05 1.54 0 3.42 0 0.59 1.6 2.45 1.52 2.46 2.82 0.86 0.57 1.84 0.67 1.09 0 2.96 2.35 1.85 0.2 0.8 5.32 1.76 4.14 0 0 1.02 0.55 
27 0.99 0.58 1.88 3.29 0.94 0.23 0.37 0.99 0 0 0.58 0.52 2.45 0.66 0 0 3.2 0 0 1.41 2.07 2.16 3.29 4.14 4.52 0 0.3 0.0 2.45 1.01 0.23 4.52 0.63 0.48 0.66 0.63 3.04 1.79 0 2.22 0 0 0 0.68 1.41 0.56 0.31 2.41 1.32 1.68 0.75 0.43 0 2.16 0.8 2.23 0 0 1.17 0.55 0 0.55 1.72 3.29 0 0 0 1.13 0 0 0 0.48 0 0.48 1.23 0.59 
28 2.26 0.23 0.62 3.01 1.98 1.88 0.3 2.28 0 0 3.08 3.2 0 2.03 3.02 0.47 0 1.09 4.42 0 1.91 0 0 0.43 3.58 0.85 2.82 2.45 0.0 1.79 0.47 3.7 0.65 0.25 0 2.4 0 0 0.85 0 0 0 0 0.32 4.31 1.23 2.82 0.92 1.22 0 4.14 2.16 2.73 0.75 0 0.99 2.82 2.92 0 0 0 0.94 0.1 0.33 0 2.19 0 2.54 1.6 0 1.25 0 0.73 0.68 0 0 
29 0.3 0 1.51 4.56 1.39 0.56 2.53 0.94 0 5.32 3.86 0.65 3.8 0 0 0.17 0 1.02 4.89 1.48 1.11 0 1.79 5.19 1.88 6.46 2.07 1.01 1.79 0.0 0.85 0 2.46 0.43 1.32 3.04 0.27 0.22 0 0.67 1.97 3.86 1.49 3.39 0.63 0.51 0 1.04 0 3.86 4.42 2.45 1.52 1.21 1.98 7.6 0 0 1.41 0 2.35 0.42 2.07 1.97 2.59 0 2.83 0.28 1.41 2.07 0.86 2.07 3.58 1.54 0.51 2.03 
30 0 0 0 0 0 1.65 0.74 2.35 2.07 0 1.56 5.07 0 0 0.6 1.79 1.48 0 5.7 0 0 0.22 1.98 1.97 0 0 1.23 0.23 0.47 0.85 0.0 0 3.2 0 0.92 1.6 1.79 0.78 2.46 1.41 0 0 1.17 0 2.92 0.13 0 0.8 0.66 0 2.53 0 0.63 2.03 1.09 2.15 1.45 1.36 1.33 5.83 0.5 0 0.55 1.42 3.29 2.71 6.08 0.27 0.49 1.42 0 2.45 2.09 0.63 0.56 0.68 
31 0.62 0 0 0.53 2.65 2.35 0 0 0 1.05 0 0.43 0 4.8 2.22 0 1.6 0.53 1.79 0 1.19 1.07 1.05 3.2 0 0.3 0 4.52 3.7 0 0 0.0 0.4 1.84 0 2.16 2.7 0 0.7 0 1.6 1.02 0 2.27 0 0.82 0 5.93 0 0 0.42 0 2.71 1.85 0 1.29 2.19 0.99 0 0.67 0 4.31 0 2.9 2.82 0.32 1.6 0.6 2.65 0 1.27 0 0.99 0.87 0.94 2.46 
32 1.36 1.21 0 0.75 0.48 4.33 0 1.72 3.11 0.43 1.36 3.29 0 0 3.76 6.21 1.6 0 0 0 7.35 0 3.76 1.66 0.7 0.47 0.33 0.63 0.65 2.46 3.2 0.4 0.0 0 1.17 0 0.89 2.07 0 0.62 0.31 0 1.52 4.31 0.31 0.6 2.92 5.95 5.19 0.3 0.12 0.59 1.37 2.03 2.83 1.23 0 0 0.32 1.92 8.11 3.02 4.18 2.91 4.52 1.97 0 3.17 0 5.27 2.42 3.7 0.23 1.13 1.45 1.48 
33 1.05 0.75 0.62 0.63 0 3.8 0.49 1.91 1.29 1.17 1.52 2.83 0.38 0.6 2.77 0.6 0.31 0 1.91 1.56 0.7 3.04 0.27 0 0 2.22 0.37 0.48 0.25 0.43 0 1.84 0 0.0 0 0 4.18 2.22 0 0.52 1.29 1.69 1.69 0 0.32 1.48 0 0 0 0 3.67 0 0 1.56 0 0.73 1.23 1.52 0 3.45 0 0 0.35 0.1 2.45 0.78 0 0 0.47 1.33 0.75 2.46 0.53 0.47 0 0 
34 0.39 3.11 0.74 1.79 0.66 1.23 0.7 0 0.43 1.17 0.45 2.35 1.11 0.22 1.88 1.88 2.73 0.28 1.72 0 1.85 3.42 2.22 2.46 0 3.76 0 0.66 0 1.32 0.92 0 1.17 0 0.0 0.18 1.17 0 1.6 1.72 0 1.72 2.65 2.4 1.17 0.39 0.12 3.17 1.79 3.58 3.58 1.29 0 1.6 0 1.96 0.77 0.32 0.37 0 3.58 0 2.63 1.91 4.61 1.85 3.01 0.47 1.22 1.41 2.16 3.39 1.54 1.09 2.79 0.62 
35 1.69 0 2.82 1.33 0 0.5 0.45 0.31 0.31 0 0.35 1.41 0.78 0.27 0.55 2.45 2.22 2.07 0.77 0 0 4.81 0.78 4.61 4.52 1.56 0.86 0.63 2.4 3.04 1.6 2.16 0 0 0.18 0.0 3.76 1.37 0 2.45 1.54 3.33 0.89 4.61 0 0 0 1.37 1.79 0 1.56 0 0.2 0.27 1.41 3.02 0 0.98 0 1.23 0 0.78 0 0.67 0 0 0 0.2 0 0.77 0 0 0.86 0.63 4.18 0 
36 4.18 4.31 0.94 6.08 1.02 0.94 0 5.07 1.37 2.19 0 0.92 0 1.6 5.95 0 2.59 1.52 6.02 0 0.2 0.39 1.09 1.8 3.51 2.54 1.49 3.04 0 0.27 1.79 2.7 0.89 4.18 1.17 3.76 0.0 0.27 7.1 5.18 0 1.64 0 3.67 0 2.53 0.53 0.76 1.52 6.33 2.35 3.58 1.09 2.9 3.11 0 0 1.88 6.46 0 1.39 0 2.45 4.94 0.65 1.0 3.82 1.29 0 0.89 0.74 0.43 3.26 3.8 0 2.82 
37 3.01 3.58 0.43 0 0 0 3.11 3.39 0.5 3.39 2.11 1.96 0 1.23 0 0.15 0.73 0 1.09 0 0.37 0.27 2.09 0 0.99 8.24 2.22 1.79 0 0.22 0.78 0 2.07 2.22 0 1.37 0.27 0.0 6.59 0 0.77 0.8 0 0 4.8 1.11 1.72 0.17 1.65 3.26 0 0.65 1.42 0.7 2.45 2.89 2.11 0.51 0 3.08 1.04 0.98 2.82 2.59 0 6.97 3.51 0.5 2.63 0 0.15 0.94 0.85 3.2 2.53 0 
38 2.45 1.96 5.19 0 3.93 0 1.33 0.63 0 1.36 0.43 0.31 0.32 1.33 0.28 0 1.52 3.29 1.52 1.42 5.18 6.72 0 0.87 2.83 1.17 1.88 0 0.85 0 2.46 0.7 0 0 1.6 0 7.1 6.59 0.0 0 1.42 0 5.74 5.27 2.92 3.39 0.4 3.14 0.75 2.71 3.11 4.05 1.09 1.52 0.53 0.62 0 5.32 0 0.38 6.02 0 4.61 0 1.14 0.08 0 0 3.2 0 0 7.86 0.8 0 0 1.13 
39 0 0 0 0 1.79 0.78 0.43 0 2.73 0.25 0.68 0.98 0 0 0 1.88 0 0 0 0.57 0 6.21 0 0 0.47 0 0.66 2.22 0 0.67 1.41 0 0.62 0.52 1.72 2.45 5.18 0 0 0.0 0 0.77 2.96 0 0.59 3.39 0.45 0.82 5.32 0 0.92 0.82 3.01 0.42 0 0 0 2.96 0.17 1.56 2.54 0 1.56 0.52 0.95 0.37 1.79 0 0 5.55 0 0 0.2 0 3.86 0.42 
40 0.55 1.79 0 0 0.82 4.94 0.27 1.88 0.98 0.55 0 0.48 0 3.29 0 0 0 0 0.82 1.97 1.96 0.65 1.45 0 0.94 1.17 0.68 0 0 1.97 0 1.6 0.31 1.29 0 1.54 0 0.77 1.42 0 0.0 2.28 0 0.57 0 1.72 2.07 3.76 0 1.29 0.99 0.68 0 0 0 0 2.09 0.68 0.23 2.59 0.95 0 0 0 0.78 0 0 1.05 1.11 4.71 3.39 0.89 0.18 1.02 1.91 0.27 
41 1.41 0.43 0.42 0.48 3.48 4.05 0 0.83 0.85 1.72 0.94 1.07 1.6 2.07 1.07 4.71 0 0.57 4.94 0 2.11 0 0 0.68 0.43 2.9 0.68 0 0 3.86 0 1.02 0 1.69 1.72 3.33 1.64 0.8 0 0.77 2.28 0.0 0 0.07 1.97 0 0 4.81 3.39 0.35 2.4 1.06 1.8 0 3.7 3.26 0 0.89 0 0 4.99 0.43 0.7 1.41 0 2.54 0 1.6 1.17 0 2.11 0 0 0.63 1.72 0 
42 3.39 0.17 1.48 1.91 0 5.07 2.45 0 1.96 0 0.95 1.07 1.64 0.85 3.88 2.96 0.37 3.2 0 0 0 0.48 0.43 0.86 1.85 0.83 1.6 0 0 1.49 1.17 0 1.52 1.69 2.65 0.89 0 0 5.74 2.96 0 0 0.0 0 0.57 0 4.23 2.16 4.18 2.26 0.7 2.63 4.23 0 0 3.45 0.23 4.8 3.2 1.24 4.71 0.86 0.63 1.51 0.35 0 4.37 2.53 1.13 0 4.8 4.14 0 0.92 0 2.03 
43 0.52 0.56 0 2.45 1.29 2.4 0 0 1.8 0 0 2.35 2.28 2.96 3.63 4.33 1.6 0 0.62 0 4.71 0 0.43 0.39 1.54 0.75 3.39 0.68 0.32 3.39 0 2.27 4.31 0 2.4 4.61 3.67 0 5.27 0 0.57 0.07 0 0.0 1.13 3.29 0 0 4.05 0 0 2.16 0 2.11 0.92 6.46 0.43 0 2.9 0 4.71 0 0 0.18 0.23 0 2.62 1.45 2.45 0 0 1.76 2.77 0.47 0.4 2.82 
44 0.33 3.29 2.45 0.38 0 1.72 0 2.73 0.57 0.74 0.43 3.58 0 2.65 3.86 4.42 0.2 0.2 1.77 3.86 2.19 1.6 1.37 2.07 0.23 0.63 2.53 1.41 4.31 0.63 2.92 0 0.31 0.32 1.17 0 0 4.8 2.92 0.59 0 1.97 0.57 1.13 0.0 0 0 2.65 1.49 1.65 0 1.52 0 0 4.33 2.26 1.06 4.52 1.36 4.8 2.39 5.57 1.13 2.28 2.65 0.6 5.45 3.04 0.37 0.87 3.7 5.36 0 0 2.03 1.29 
45 0 0 1.32 0 0 0 0.66 0.33 0.92 3.48 0 3.29 0.98 0.8 2.73 1.22 1.79 0 4.52 0.35 0 0.7 1.13 3.67 1.72 0.78 1.69 0.56 1.23 0.51 0.13 0.82 0.6 1.48 0.39 0 2.53 1.11 3.39 3.39 1.72 0 0 3.29 0 0.0 0.74 0 0.35 3.58 0 0.37 0 1.66 0 5.27 1.72 0.92 2.92 3.67 0 2.54 1.36 1.17 0 0 0.7 0.51 0.74 1.02 2.54 0.43 1.29 0 0.86 0.2 
46 0 2.16 0 0.5 0 0.37 0 0 0 0 0 0.38 0 0 1.69 1.29 1.17 1.11 0 0.2 1.21 2.73 0.63 3.95 4.14 0 0.39 0.31 2.82 0 0 0 2.92 0 0.12 0 0.53 1.72 0.4 0.45 2.07 0 4.23 0 0 0.74 0.0 3.42 1.98 2.4 1.49 2.07 0.31 0.25 0.63 3.02 1.88 1.88 1.98 0 0 0.65 0 0 4.8 0 1.85 0.37 0 0.63 3.48 0 2.26 2.82 0.4 0.2 
47 0.43 3.55 1.6 3.86 1.23 0.12 3.17 4.43 3.8 0.83 1.99 0 4.94 0 0 1.9 1.37 2.03 5.36 3.29 0 0.37 2.26 5.19 4.8 0.99 4.05 2.41 0.92 1.04 0.8 5.93 5.95 0 3.17 1.37 0.76 0.17 3.14 0.82 3.76 4.81 2.16 0 2.65 0 3.42 0.0 0.1 5.57 4.99 3.93 0 0 3.93 4.19 0 2.41 5.83 0 2.15 2.03 1.88 3.11 0.6 2.15 7.22 3.42 2.66 1.39 0.28 1.65 0 0.4 1.39 3.04 
48 1.88 1.6 0.8 1.41 1.32 0.89 2.41 2.73 3.17 2.65 0.75 0.73 0.53 1.79 1.49 0 3.8 0.45 2.03 2.82 0.74 0.49 2.91 3.48 0.77 6.72 1.54 1.32 1.22 0 0.66 0 5.19 0 1.79 1.79 1.52 1.65 0.75 5.32 0 3.39 4.18 4.05 1.49 0.35 1.98 0.1 0.0 2.4 6.08 3.29 0.7 4.56 0 1.04 1.64 0.7 3.67 1.88 0 2.41 2.28 1.13 3.39 6.21 3.14 0.35 0.92 1.6 0 0.74 0 0.35 1.01 1.05 
49 0 1.69 0.43 0 0.55 1.8 1.29 2.4 0 1.54 0 1.96 0 0 0 1.99 0.15 0.82 0 0 0 1.56 0 0.62 0.43 3.29 0 1.68 0 3.86 0 0 0.3 0 3.58 0 6.33 3.26 2.71 0 1.29 0.35 2.26 0 1.65 3.58 2.4 5.57 2.4 0.0 2.28 1.05 1.64 2.9 0 4.05 0 2.11 2.16 1.05 0 3.76 0.98 0.43 3.11 0.82 0 1.29 0 6.33 3.76 2.23 1.91 0.78 4.18 0 
50 0.48 2.09 0.6 1.52 0 0 3.55 1.37 1.6 0.18 0.43 0 0 1.99 2.9 7.1 2.53 2.66 0.37 0 2.58 3.14 0 2.63 1.9 0.13 3.42 0.75 4.14 4.42 2.53 0.42 0.12 3.67 3.58 1.56 2.35 0 3.11 0.92 0.99 2.4 0.7 0 0 0 1.49 4.99 6.08 2.28 0.0 2.07 0 1.56 0 0 3.01 0 1.54 5.18 1.19 0.9 1.52 0.43 3.14 1.45 0 4.18 4.05 5.83 1.17 2.62 0 3.2 0.72 1.91 
51 0 1.11 0 0.17 0.99 1.25 0.37 2.16 2.45 0.33 1.79 4.56 0.22 0 1.45 1.41 0.31 0 2.45 0 0 3.8 1.6 1.29 0.37 2.54 0 0.43 2.16 2.45 0 0 0.59 0 1.29 0 3.58 0.65 4.05 0.82 0.68 1.06 2.63 2.16 1.52 0.37 2.07 3.93 3.29 1.05 2.07 0.0 0.98 1.21 1.49 2.22 0 0 0 4.52 0 3.11 1.17 0.74 3.39 3.48 0 0 0.39 5.07 0 1.76 0 0.25 0 0 
52 0.23 3.29 0 3.11 0 0.7 0 0.74 0.66 0 1.91 1.06 0 0 0.78 0.63 3.11 0.82 0.8 0 0 0 0 2.71 4.42 4.23 0.59 0 2.73 1.52 0.63 2.71 1.37 0 0 0.2 1.09 1.42 1.09 3.01 0 1.8 4.23 0 0 0 0.31 0 0.7 1.64 0 0.98 0.0 1.79 0.51 0.9 0 1.41 2.45 0 3.29 0 0 0.57 0 0 1.33 0.55 0 2.09 3.01 0.55 0 1.17 0.37 1.32 
53 2.79 0.8 1.41 0 1.48 1.45 1.91 0.49 0 1.13 1.05 0.13 1.23 0 0.43 1.29 1.52 2.35 2.83 0.68 5.57 2.77 2.03 3.2 0 2.34 1.6 2.16 0.75 1.21 2.03 1.85 2.03 1.56 1.6 0.27 2.9 0.7 1.52 0.42 0 0 0 2.11 0 1.66 0.25 0 4.56 2.9 1.56 1.21 1.79 0.0 0.78 1.8 0 3.93 0 0.99 0 2.11 4.14 2.71 6.12 0.8 0.25 1.69 0 4.99 1.96 3.2 1.23 0 4.94 3.17 
54 1.66 0.8 2.09 4.33 0 3.04 0 1.79 0.47 0 2.22 0 3.11 0.66 1.51 0 0 2.09 5.55 0.31 0.45 0.6 0 0.95 0 2.15 2.45 0.8 0 1.98 1.09 0 2.83 0 0 1.41 3.11 2.45 0.53 0 0 3.7 0 0.92 4.33 0 0.63 3.93 0 0 0 1.49 0.51 0.78 0.0 0 0 0.55 2.03 0 0.62 0 2.59 0 5.93 2.03 1.97 2.07 1.17 1.56 0 0 0 0 0.57 0.45 
55 1.64 0 1.99 2.54 0.82 4.13 1.64 1.72 0.85 0 0 4.23 1.91 5.83 2.07 0 2.16 2.09 0.55 2.19 4.87 0 2.31 0 1.06 0.85 1.52 2.23 0.99 7.6 2.15 1.29 1.23 0.73 1.96 3.02 0 2.89 0.62 0 0 3.26 3.45 6.46 2.26 5.27 3.02 4.19 1.04 4.05 0 2.22 0.9 1.8 0 0.0 0 8.74 1.91 1.0 1.42 4.25 0 2.53 8.24 5.07 0.78 0 4.33 3.01 5.11 7.62 0 0 3.57 5.57 
56 0 0 1.85 0.98 0 6.21 1.72 0 4.89 0 3.26 2.46 0 5.27 0 0 0 2.03 0 5.65 0 4.94 2.16 0 0 3.76 2.46 0 2.82 0 1.45 2.19 0 1.23 0.77 0 0 2.11 0 0 2.09 0 0.23 0.43 1.06 1.72 1.88 0 1.64 0 3.01 0 0 0 0 0 0.0 0.99 2.96 1.24 3.76 0 2.26 0.86 0 0 0 1.64 0 4.52 0 0 0 1.29 1.33 0 
57 1.72 0.72 2.73 0 0.82 1.52 1.25 2.54 0.78 0 2.83 4.94 1.49 0 2.82 0.38 1.72 0 7.98 0 0.8 0 0 0 1.0 0 2.82 0 2.92 0 1.36 0.99 0 1.52 0.32 0.98 1.88 0.51 5.32 2.96 0.68 0.89 4.8 0 4.52 0.92 1.88 2.41 0.7 2.11 0 0 1.41 3.93 0.55 8.74 0.99 0.0 0 1.45 0 3.29 0 1.76 0 0 5.7 0 1.66 3.42 1.17 0 0.73 0 0 2.45 
58 0 0.7 0.57 0.4 0.98 3.95 0 0 0 0 0 0 0 0 1.36 0 1.17 0.28 0.52 2.35 0 4.42 0 2.65 0 0.9 0.86 1.17 0 1.41 1.33 0 0.32 0 0.37 0 6.46 0 0 0.17 0.23 0 3.2 2.9 1.36 2.92 1.98 5.83 3.67 2.16 1.54 0 2.45 0 2.03 1.91 2.96 0 0.0 0 0 3.33 2.53 1.41 1.0 0 1.23 0 0.45 5.27 0.97 0 0.2 2.34 0.67 0.38 
59 1.49 2.46 6.33 0.87 4.81 0 1.84 0 0 2.71 0 0 1.45 2.82 0.17 0 0 0.7 0 0.28 0 0 4.13 1.15 0 2.07 0.57 0.55 0 0 5.83 0.67 1.92 3.45 0 1.23 0 3.08 0.38 1.56 2.59 0 1.24 0 4.8 3.67 0 0 1.88 1.05 5.18 4.52 0 0.99 0 1.0 1.24 1.45 0 0.0 5.65 0 5.55 3.7 7.53 0.78 1.9 0 0.73 0 7.1 2.35 0 2.27 6.72 2.46 
60 0 4.23 1.37 0.99 3.39 1.11 0 4.52 3.86 0 1.1 5.74 0.92 0 4.99 1.23 0.89 1.96 9.5 1.72 0.62 0.35 3.67 0.97 0 0 1.84 0 0 2.35 0.5 0 8.11 0 3.58 0 1.39 1.04 6.02 2.54 0.95 4.99 4.71 4.71 2.39 0 0 2.15 0 0 1.19 0 3.29 0 0.62 1.42 3.76 0 0 5.65 0.0 0.47 3.48 0 0.82 6.3 1.14 3.95 3.58 0.55 0.38 0.47 2.46 0.7 1.72 0 
61 3.2 0.35 1.23 3.86 0 0 0 0 0 0 2.35 0 0 3.58 5.36 2.92 0.55 0.63 3.45 1.92 2.92 0.17 1.13 0.55 0.78 2.39 0.67 0.55 0.94 0.42 0 4.31 3.02 0 0 0.78 0 0.98 0 0 0 0.43 0.86 0 5.57 2.54 0.65 2.03 2.41 3.76 0.9 3.11 0 2.11 0 4.25 0 3.29 3.33 0 0.47 0.0 0.25 2.63 1.29 0 0 3.48 0.45 1.32 2.82 0 0 1.23 0.23 2.92 
62 1.36 0.49 0 2.45 0.82 2.35 0.23 0 2.16 0.65 0 0.85 0 2.16 0.8 1.97 0.3 0.94 2.53 0 2.22 0 0 0 1.25 5.7 1.09 1.72 0.1 2.07 0.55 0 4.18 0.35 2.63 0 2.45 2.82 4.61 1.56 0 0.7 0.63 0 1.13 1.36 0 1.88 2.28 0.98 1.52 1.17 0 4.14 2.59 0 2.26 0 2.53 5.55 3.48 0.25 0.0 0 0.35 3.26 5.46 0.43 0.92 0.42 0.62 1.25 0 0 0 1.17 
63 1.36 0 0.27 0 0 0 0 0 2.34 1.13 2.53 0 0.98 3.95 0 0 0.1 1.17 3.55 2.77 0 3.67 1.69 0.55 1.11 4.31 0 3.29 0.33 1.97 1.42 2.9 2.91 0.1 1.91 0.67 4.94 2.59 0 0.52 0 1.41 1.51 0.18 2.28 1.17 0 3.11 1.13 0.43 0.43 0.74 0.57 2.71 0 2.53 0.86 1.76 1.41 3.7 0 2.63 0 0.0 0 1.96 3.39 0 0 4.94 0 0 0.55 0.85 0.86 0 
64 2.65 0 1.79 0 3.95 0 2.09 5.36 2.19 0 0 0 0 0 4.31 0 1.21 2.59 0 0 1.99 0.5 0.8 2.16 3.58 7.48 2.96 0 0 2.59 3.29 2.82 4.52 2.45 4.61 0 0.65 0 1.14 0.95 0.78 0 0.35 0.23 2.65 0 4.8 0.6 3.39 3.11 3.14 3.39 0 6.12 5.93 8.24 0 0 1.0 7.53 0.82 1.29 0.35 0 0.0 0 1.32 0.78 2.22 2.16 3.14 4.14 0.97 0.37 3.67 3.76 
65 1.21 0 5.83 0 4.43 0 4.94 1.88 1.54 1.6 0.62 0.66 0 0 0.66 4.42 0.73 1.91 5.45 0 3.57 2.23 5.74 0 0 2.03 2.35 0 2.19 0 2.71 0.32 1.97 0.78 1.85 0 1.0 6.97 0.08 0.37 0 2.54 0 0 0.6 0 0 2.15 6.21 0.82 1.45 3.48 0 0.8 2.03 5.07 0 0 0 0.78 6.3 0 3.26 1.96 0 0.0 0.12 3.55 1.49 6.21 8.11 6.12 0.7 4.8 1.96 3.2 
66 0 1.02 6.33 0 1.49 6.59 5.57 2.16 0.45 0.55 0 0.43 0.5 3.48 1.9 1.88 3.08 0 1.96 2.26 0 5.65 1.1 2.46 0 5.07 1.85 0 0 2.83 6.08 1.6 0 0 3.01 0 3.82 3.51 0 1.79 0 0 4.37 2.62 5.45 0.7 1.85 7.22 3.14 0 0 0 1.33 0.25 1.97 0.78 0 5.7 1.23 1.9 1.14 0 5.46 3.39 1.32 0.12 0.0 0.53 0 4.19 3.94 0 1.54 2.19 6.84 4.81 
67 0.08 2.82 1.11 0 0 0.94 0 0.15 0.39 1.54 0 0.98 0.22 1.69 0.37 0 1.48 0 0 1.69 1.37 1.13 0.57 0 0.63 1.37 0.2 1.13 2.54 0.28 0.27 0.6 3.17 0 0.47 0.2 1.29 0.5 0 0 1.05 1.6 2.53 1.45 3.04 0.51 0.37 3.42 0.35 1.29 4.18 0 0.55 1.69 2.07 0 1.64 0 0 0 3.95 3.48 0.43 0 0.78 3.55 0.53 0.0 0 4.81 3.67 1.52 0 2.35 0.86 0.12 
68 0 0.32 0 0.33 0 0 0.2 0.78 1.23 1.09 0 4.56 0 0 1.29 0 0 0 1.45 0.47 0 1.88 0 1.66 0 3.48 0.8 0 1.6 1.41 0.49 2.65 0 0.47 1.22 0 0 2.63 3.2 0 1.11 1.17 1.13 2.45 0.37 0.74 0 2.66 0.92 0 4.05 0.39 0 0 1.17 4.33 0 1.66 0.45 0.73 3.58 0.45 0.92 0 2.22 1.49 0 0 0.0 0 0 0 1.66 1.32 1.65 0 
69 1.45 0.55 0 0 0 0 0.57 5.83 0 3.7 7.86 7.73 6.21 0 5.08 0.38 0 1.68 8.36 2.77 0.7 0.17 0.98 5.7 2.27 6.4 5.32 0 0 2.07 1.42 0 5.27 1.33 1.41 0.77 0.89 0 0 5.55 4.71 0 0 0 0.87 1.02 0.63 1.39 1.6 6.33 5.83 5.07 2.09 4.99 1.56 3.01 4.52 3.42 5.27 0 0.55 1.32 0.42 4.94 2.16 6.21 4.19 4.81 0 0.0 1.51 1.14 5.36 2.82 0.3 2.09 
70 0 0 2.09 2.27 3.2 0.63 0 1.72 3.58 0 3.88 7.35 0 2.54 3.02 1.51 0.89 0 0 0 0.56 2.07 0 2.27 0 4.56 1.76 0 1.25 0.86 0 1.27 2.42 0.75 2.16 0 0.74 0.15 0 0 3.39 2.11 4.8 0 3.7 2.54 3.48 0.28 0 3.76 1.17 0 3.01 1.96 0 5.11 0 1.17 0.97 7.1 0.38 2.82 0.62 0 3.14 8.11 3.94 3.67 0 1.51 0.0 0 2.35 0 2.63 0.63 
71 3.67 0 2.92 0 0 0.25 3.58 0 0.67 0 3.88 5.65 3.14 0 0.87 0 0 4.33 2.78 2.65 1.04 2.15 2.03 3.26 2.5 0 4.14 0.48 0 2.07 2.45 0 3.7 2.46 3.39 0 0.43 0.94 7.86 0 0.89 0 4.14 1.76 5.36 0.43 0 1.65 0.74 2.23 2.62 1.76 0.55 3.2 0 7.62 0 0 0 2.35 0.47 0 1.25 0 4.14 6.12 0 1.52 0 1.14 0 0.0 0 0 0.94 0.62 
72 1.23 1.56 1.33 0 0 0 0 1.69 0.42 0.55 0.27 0 0 2.22 0 0 1.66 0.27 0 1.13 0.92 1.84 0.78 0.67 1.97 0.7 0 0 0.73 3.58 2.09 0.99 0.23 0.53 1.54 0.86 3.26 0.85 0.8 0.2 0.18 0 0 2.77 0 1.29 2.26 0 0 1.91 0 0 0 1.23 0 0 0 0.73 0.2 0 2.46 0 0 0.55 0.97 0.7 1.54 0 1.66 5.36 2.35 0 0.0 2.22 0 0.9 
73 0.33 0.31 0.15 0 0 1.09 0.18 1.33 1.37 1.37 2.65 4.61 1.09 1.41 0 2.16 0.8 0.33 0 0.7 3.76 0.33 0 0 0.45 0 0 0.48 0.68 1.54 0.63 0.87 1.13 0.47 1.09 0.63 3.8 3.2 0 0 1.02 0.63 0.92 0.47 0 0 2.82 0.4 0.35 0.78 3.2 0.25 1.17 0 0 0 1.29 0 2.34 2.27 0.7 1.23 0 0.85 0.37 4.8 2.19 2.35 1.32 2.82 0 0 2.22 0.0 1.22 1.69 
74 0.33 2.28 0.12 2.92 0.25 0.25 0.25 3.93 0.48 3.86 2.83 1.84 1.91 0 2.65 0.37 1.48 0.42 5.95 2.16 0 0.75 0.25 1.17 0 4.61 1.02 1.23 0 0.51 0.56 0.94 1.45 0 2.79 4.18 0 2.53 0 3.86 1.91 1.72 0 0.4 2.03 0.86 0.4 1.39 1.01 4.18 0.72 0 0.37 4.94 0.57 3.57 1.33 0 0.67 6.72 1.72 0.23 0 0.86 3.67 1.96 6.84 0.86 1.65 0.3 2.63 0.94 0 1.22 0.0 0 
75 0 1.42 0 0 0.2 2.79 0.12 0 0.66 0 1.13 1.91 0.55 0 3.67 0 0.32 0 4.56 0 0 2.26 2.54 0.5 0.55 4.43 0.55 0.59 0 2.03 0.68 2.46 1.48 0 0.62 0 2.82 0 1.13 0.42 0.27 0 2.03 2.82 1.29 0.2 0.2 3.04 1.05 0 1.91 0 1.32 3.17 0.45 5.57 0 2.45 0.38 2.46 0 2.92 1.17 0 3.76 3.2 4.81 0.12 0 2.09 0.63 0.62 0.9 1.69 0 0.0 

;