set O:= 0;
set N:= 1 2 3 4 5 6 7 8 9 10 11 12 13 14 15 16 17 18 19 20 21 22 23 24 25 26 27 28 29 30 31 32 33 34 35 36 37 38 39 40 41 42 43 44 45 46 47 48 49 50 51 52 53 54 55 56 57 58 59 60 61 62 63 64 65 66 67 68 69 70 71 72 73 74 75;
set K:= 1 2 3 4 5 6 7;
param V:= 7;
param cp:= 220;
param dm:= 5.0;
param o:=
0 0
1 18
2 26
3 11
4 30
5 21
6 19
7 15
8 16
9 29
10 26
11 37
12 16
13 12
14 31
15 8
16 19
17 20
18 13
19 15
20 22
21 28
22 12
23 6
24 27
25 14
26 18
27 17
28 29
29 13
30 22
31 25
32 28
33 27
34 19
35 10
36 12
37 14
38 24
39 16
40 33
41 15
42 11
43 18
44 17
45 21
46 27
47 19
48 20
49 5
50 22
51 12
52 19
53 22
54 16
55 7
56 26
57 14
58 21
59 24
60 13
61 15
62 18
63 11
64 28
65 9
66 37
67 30
68 10
69 8
70 11
71 3
72 1
73 6
74 10
75 20
;
param c[*,*]
: 0 1 2 3 4 5 6 7 8 9 10 11 12 13 14 15 16 17 18 19 20 21 22 23 24 25 26 27 28 29 30 31 32 33 34 35 36 37 38 39 40 41 42 43 44 45 46 47 48 49 50 51 52 53 54 55 56 57 58 59 60 61 62 63 64 65 66 67 68 69 70 71 72 73 74 75:=
0 0 7 4 5 3 7 2 5 5416 10 38 8 9 7944 7 5995 7 1776 12 9 10 7539 17 11 9 48 1 23 6701 4 4 27 16 4747 7 6499 7328 7106 23 10 20 20 10051 11 6 3 4 6 18 9 12 4 6 4885 39 19 11 25 7 11 11 9493 25 6143 48 9 8 2 2 10 9 8660 7222 7 6 1 
1 7 0 5 6422 9 12 9 14 14443 13 16 12 35 15 12 14 4 7 14 16971 15 6 3 13 14 15165 8376 16 5 8 7 17 14 2234 11915 17 9493 10610 22 12 8097 6 3 1675 7259 9 51 7818 15 5026 25 20 12638 13 22 18 5 15 23 28 12564 7 9 2 5 12 17 8376 7 10 14 11 45 6 5026 26 
2 4 5 0 7 3350 6 2 9749 12 9493 11 24 6980 10 22 29 5026 10 12 25 8935 5 4467 14 9214 13 6 7222 11 18 2 17 8 2792 14 10832 8 9 11448 11 7 9 27 7 29 3909 8 19 7 15 11 4 8 13 49 18 8376 8097 19 13960 20 22 2 9 32 12844 13960 5026 2 7 38 8655 38 3 2 4 
3 5 6422 7 0 8 9 6 10 12277 10 10110 17 22 17 9 41 5 3350 5777 30 15 11 9 6 5 7 5584 12638 8935 7994 8 23 12 18 42 25 10658 14 9 7 4 10 35 7259 838 9 14 36 10 3 4333 6 11915 10 16609 39 28 13 17 23 26 11448 7259 5 12 11 11 7 11 11 52 15 9 7 35 6 
4 3 9 3350 8 0 5 3 5416 6 43 12 9 6499 7 24 6 27 7 14804 9 6439 12 8097 9 13 18 2443 3611 5863 2443 2 15526 12 5 2528 6 7 6 6883 10471 30 10331 10 18 8 2 4 9 12 18 13 4467 3 11 9 20 11 9 36 8438 7994 9 12 7 11727 7772 11 2 2 7 7550 8 9 7 5 4 
5 7 12 6 9 5 0 5773 22 36 43 10658 11 7994 7 10 2 8216 7 23 11 2665 3630 8097 25 24 23 13 6 22 5 2887 17 66 8376 14 12 9 2 10 12 8660 48 11168 22 12 2 9 2 1554 13 19 9 8 10 8666 48 13681 2665 37 10 8 6 28 8 12 11 11546 7 5 4 4 4 10 10 5 4885 
6 2 9 2 6 3 5773 0 9 17 36 11554 8 25 12 8216 7 4 4 23 23 9 8 7 6143 8 14 4 10 6 4441 2665 15 8 2234 13 12 7 7328 9 19 12 8 7259 6 5 8 8 5551 4219 5863 10110 1675 8 14 14 19 7818 14 12 13 11 8 5 4 38 8660 9770 4 4 8 10 8438 10 4 5 3 
7 5 14 9749 10 5416 22 9 0 2528 9027 26 22 6 9 5 10110 12 13 15 4 14082 53 15887 15887 17 14 3 23 53 11 9027 12 40 45 4 7 14443 12999 12 8 7222 23 20 18 10471 9 3 12638 42 56 25 8305 17 12 6860 32 18 9749 6 9 17332 18 13 14 20581 7222 8305 4 14 16609 32 16 6499 25 11193 6 
8 5416 14443 12 12277 6 36 17 2528 0 23 10 7 14 5 9 8 13 10 21 10 12 13 31 16971 19 61 20 4 13 7 7944 16 11915 24 10 7 16 14 8 10471 18 23 36 33 15 22 2 10832 9027 17 30 9388 2528 4 9 23 18776 14 8 9 14804 17 51 55 40 36 12 7 29 15 13721 18 11 25 12 12 
9 10 13 9493 10 43 43 36 9027 23 0 7 8 5 16 7994 22 33 5777 8 13360 17 17 12844 12 9 5 6860 14 15 9326 17 6138 2528 34 22 12 16 12213 4885 1444 3250 49 14 14 4333 13360 11 12 19 9027 8 14 14 26 18 9 14 14 6 9770 18 15 22 42 19 5773 15 9027 40 27 14 14 3250 39 46 9 
10 38 16 11 10110 12 10658 11554 26 10 7 0 4 5416 14 6 21 16 10 23 10110 26 30 15077 13123 14443 17 8 16 13960 36 58 6 7944 44 12 9 13 48 1554 3972 7 31 32 15 19 13 10 14 11 16 19 10471 45 3775 52 14 14798 10214 2 8 29 67 13 14804 20 2220 4 11 12 13767 13989 13989 10 12006 26 42 
11 8 12 24 17 9 11 8 22 7 8 4 0 7 14 3 9 9770 7 10214 26 11546 16 16473 25 12 11 5 14 58 10 8882 12 31 12844 9027 5416 14 14 2 22 13 18 18 27 34 7772 10 11 11 44 9 7994 19 2 9 40 56 8660 4 3 54 17 18 14 16 6 3 7 7994 13545 12879 53 6 13681 16 14 
12 9 35 6980 22 6499 7994 25 6 14 5 5416 7 0 11 24 34 29 5 9388 19 12 44 12 10 10471 7944 5 9388 10 6661 9 11 6 13 26 14 10 10 8 4 2 46 47 10331 6 18 6 8660 8 10 7 9 9 4441 11915 11193 13 34 4 33 24 16 10 36 14 7 13 9 7 10880 15 11324 3 31 17 20 
13 7944 15 10 17 7 7 12 9 5 16 14 14 11 0 7944 3972 14804 12 41 19 15 20 30 18 20 38 8305 2528 48 5 8 18415 17 16 6 7 19 29 25 16 12638 38 23 69 62 19 5 8 27 18 37 13 3 9 2528 22387 20220 3 13 10832 12 13721 51 15165 22 13 13360 6499 9 12 9749 12 52 26 9 8 
14 7 12 22 9 24 10 8216 5 9 7994 6 3 24 7944 0 7328 41 9 11769 3 12 13123 15636 16 50 10 5 9 55 7 9 7994 36 12564 7222 13 10436 9 4 9 7 18 56 52 36 6439 6499 10 11 13 21 10 14 3 5777 15 18 27 4885 2 47 15915 17 14 62 5 3331 5 9 48 22 13 6 13 24 6439 
15 5995 14 29 41 6 2 7 10110 8 22 21 9 34 3972 7328 0 12 10 44 9 2220 7 13 28 26 22 6661 4 10 2 4219 15 17693 20 7222 9388 4 2 10 43 11 13960 54 12844 42 2887 30 3331 3 45 20220 16 12 9 7 25 17 888 9 9 18 8655 36 12 16 42 13 5 6 6 3553 4 12 39 7 6 
16 7 4 5026 5 27 8216 4 12 13 33 16 9770 29 14804 41 12 0 3909 33 15165 11 8935 8 4 4 40 6 12277 7 7 6701 59 25 9 10471 52 19 20 35 10 6 7 8 4747 4 32 22 10 6661 5 7222 9 11915 35 17 25 5 39 43 14 24 12 6 3 17 20 11102 6701 6 10 24 11 9749 15 13 11 
17 1776 7 10 3350 7 7 4 13 10 5777 10 7 5 12 9 10 3909 0 9388 13 11 10 35 8 7259 9027 2 10 16 7 4 23 5 5 8 7944 11 9 5773 6 2 12 9493 8 4 5 26 15 7 23 7583 2 15 22 49 25 9214 9 12 10 22 13 13 5305 47 14 8 3 3 12 12 10214 12 7 8 2 
18 12 14 12 5777 14804 23 23 15 21 8 23 10214 9388 41 11769 44 33 9388 0 77 25275 15 13 10110 19 4 12 18 52 75 16248 10471 5 17 32 21 92 26 11 8 30 14082 15 15 5055 17332 18 82 23 6 4 38 22 20 21303 6 11 22748 22 14 27081 31 23 10110 18 9548 14 14 17 23831 27 32 10 10 13123 12999 
19 9 16971 25 30 9 11 23 4 10 13360 10110 26 19 19 3 9 15165 13 77 0 15 56 20 19 19859 34 15 5416 16 17 12 15 16 29 6 3 14 13 33 15 46 23 21 19 14804 9 5 51 43 20 19 14 5 16 6 40 21665 8 9027 8 32 35 17 65 25 9 8666 6499 13 32 16 62 21 19 25 9 
20 10 15 8935 15 6439 2665 9 14082 12 17 26 11546 12 15 12 2220 11 11 25275 15 0 25 12 15636 18 25275 8882 7944 35 8 6 32 20942 23 43 13 3 5 49 13 44 30 14 13960 16 5 22 4 5 13 30 11 9 9770 12 57 19 12 13 11 9 8655 40 11 28 26 13 16 8 5 1332 2443 24 11168 7 8 
21 7539 6 5 11 12 3630 8 53 13 17 30 16 44 20 13123 7 8935 10 15 56 25 0 6 13 15 32 37 33 3 4 4 20 13 6701 9749 13721 3 5 14798 13681 12 9 9 8 14 6 42 3 4 14 28 8376 9 25 14 18 10889 7 52 16 7 3 4 8097 9 20 67 10 22 3 25 4747 16 6 9 27 
22 17 3 4467 9 8097 8097 7 15887 31 12844 15077 16473 12 30 15636 13 8 35 13 20 12 6 0 5863 11 14 10 12638 3 16 5863 35 45 6 52 21 10 38 18 16 41 4 6 6 12 16 17 27 6422 9 12 29 13 29 18 21 6422 11 17 75 10889 3350 2 5026 15 17032 23 12 7 9 12 37 26 3 5 7539 
23 11 13 14 6 9 25 6143 15887 16971 12 13123 25 10 18 16 28 4 8 10110 19 15636 13 5863 0 4 26 11 15887 9 11448 8935 14519 19 5 58 17693 16 17 23 10 9 12 16 6 25 10889 15165 11448 41 2792 40 5863 64 11546 26 15 1 17 12006 31 32 12 6 2513 6422 13 56 13 7539 12564 65 14798 22 5 10 17 
24 9 14 9214 5 13 24 8 17 19 9 14443 12 10471 20 50 26 4 7259 19 19859 18 15 11 4 0 9 19 17332 10610 13 11 18 8 8 16 17332 25 26 10214 20 35 9 34 28 4 25 15887 45 11 1954 5416 12 16971 14 24 12 5 27 17 15 19 16 18 5026 10610 14 16 21 10 16 19 57 11554 9 11 18 
25 48 15165 13 7 18 23 14 14 61 5 17 11 7944 38 10 22 40 9027 4 34 25275 32 14 26 9 0 11 19 16 18415 17 13 5 20 14443 29 29 23470 8 5 6860 34 20 18 7 21 14 24 19137 9388 3 39 16248 17 40 13 58 22 33 15 27 21 12564 12277 21303 15 8882 16 53 98 53 26 26 11 55 12638 
26 1 8376 6 5584 2443 13 4 3 20 6860 8 5 5 8305 5 6661 6 2 12 15 8882 37 10 11 19 11 0 8 8376 20 4441 14 8 12 4 20 11 32 18 25 3972 14 23 10051 5584 3997 7 7106 11 8 9749 4 11 15 9388 18 11168 6661 5055 8 21 14 16 7 54 22 13 4 2887 9326 20 9770 7 7 9 1998 
27 23 16 7222 12638 3611 6 10 23 4 14 16 14 9388 2528 9 4 12277 10 18 5416 7944 33 12638 15887 17332 19 8 0 9388 2889 6 17332 17 13 2528 12 8666 6860 12 52 10 18 18 19 26 2166 6 6860 20 31 20 12 1 8305 19 41 18 5 22 15 11 15 40 12638 18 13 14 4333 6 11 10 13 12 13 14 11 
28 6701 5 11 8935 5863 22 6 53 13 15 13960 58 10 48 55 10 7 16 52 16 35 3 3 9 10610 16 8376 9388 0 21 7 16752 12 5 11 56 5 8 18 15 11 7 6 7 9493 22 10832 8 15 9 49 6422 10471 16 14 18 8376 8655 15 18 9 2792 2 7 7 31 17 7539 4747 5 18 8 25 12 2 6 
29 4 8 18 7994 2443 5 4441 11 7 9326 36 10 6661 5 7 2 7 7 75 17 8 4 16 11448 13 18415 20 2889 21 0 8 12 29 8 20 8666 4 3 9 10 14 46 13 40 9 888 6 10 1 36 68 23 4333 9 30 21665 13 3 10 9 22 8 25 14 23 10 20 4 13 20 6 20 34 14 5 3553 
30 4 7 2 8 2 2887 2665 9027 7944 17 58 8882 9 8 9 4219 6701 4 16248 12 6 4 5863 8935 11 17 4441 6 7 8 0 18 49 5 22 38 17 9 18 52 11 10 17 8 35 2 7 6 6 12 30 6 12 15 20 25 41 20 49 10214 8 7 8 6422 9772 20 10658 7 1776 10 7 5773 12277 9 7 2443 
31 27 17 17 23 15526 17 15 12 16 6138 6 12 11 18415 7994 15 59 23 10471 15 32 20 35 14519 18 13 14 17332 16752 12 18 0 17 52 16 51 19 17 16 6 9388 34 22 65 13 22 16 56 13 17 18 13 64 6661 18 7583 63 26 7 18 19 19545 17 16971 80 8 5773 26 15526 16 34 17 5777 29 17 14443 
32 16 14 8 12 12 66 8 40 11915 2528 7944 31 6 17 36 17693 25 5 5 16 20942 13 45 19 8 5 8 17 12 29 49 17 0 7 22 12 21 24 6 3611 12 13 18 12277 4 16 11193 16971 14804 7 3 7 25 15 66 14 12 18 14 14 23109 27 9214 8305 69 14 9 9027 9 81 28 43 10 10 13 17 
33 4747 2234 2792 18 5 8376 2234 45 24 34 44 12844 13 16 12564 20 9 5 17 29 23 6701 6 5 8 20 12 13 5 8 5 52 7 0 10 13 9214 10051 13 17 5863 5026 5026 4 6 27 11 8 6 5 8097 3 10 45 15 14 5584 44 12 15636 13 8 5 3 7259 26 18 6 13 12 25 11168 18 1396 4 6 
34 7 11915 14 42 2528 14 13 4 10 22 12 9027 26 6 7222 7222 10471 8 32 6 43 9749 52 58 16 14443 4 2528 11 20 22 16 22 10 0 5 14 10 38 40 8 32 62 56 22 7 3 9027 27 13721 13721 30 2 6138 7 36 21 9 10 12 13721 13 10110 45 17693 43 11554 1805 4694 16 51 12999 36 20 7944 14 
35 6499 17 10832 25 6 12 12 7 7 12 9 5416 14 7 13 9388 52 7944 21 3 13 13721 21 17693 17332 29 20 12 56 8666 38 51 12 13 5 0 58 25 6 9388 36 78 24 17693 12 7 3 16 21 16 29 10 5 5 5416 71 22 18 7 29 17 21 14 18 24 8 8 5 9 18 17 18 16 17 11915 7 
36 7328 9493 8 10658 7 9 7 14443 16 16 13 14 10 19 10436 4 19 11 92 14 3 3 10 16 25 29 11 8666 5 4 17 19 21 9214 14 58 0 2 12435 49 10 15 11 44 11 4441 13 1332 2665 11102 27 34 13 21 48 27 14 18 11324 12 2443 5 29 8660 12 15 28 9 6 1554 5 3 24 8376 5 27 
37 7106 10610 9 14 6 2 7328 12999 14 12213 48 14 10 29 9 2 20 9 26 13 5 5 38 17 26 23470 32 6860 8 3 9 17 24 10051 10 25 2 0 11546 15 20 17 14 14 45 16 40 2 2887 11769 22 11 33 10 9388 33 60 6 14 22 2443 14 8376 9326 14 12213 25 8 6217 3 2 2220 23 9493 5584 7 
38 23 22 11448 9 6883 10 9 12 8 4885 1554 2 8 25 4 10 35 5773 11 33 49 14798 18 23 10214 8 18 12 18 9 18 16 6 13 38 6 12435 11546 0 5 5107 15 13545 12435 28 7994 11 23 11 9770 29 7106 20 2665 14 9 14 9326 2 6 57 19 13681 10 19 1 2 5 30 14 14 13767 2887 14 13 8 
39 10 12 11 7 10471 12 19 8 10471 1444 3972 22 4 16 9 43 10 6 8 15 13 13681 16 10 20 5 25 52 15 10 52 6 3611 17 40 9388 49 15 5 0 4 26 13402 13 22 12999 12 12 9326 11 5416 30 11554 11 15 8 15 10658 7 36 58 19 45 22 32 10 6439 9 11 52 14 15 7 13 46 18 
40 20 8097 7 4 30 8660 12 7222 18 3250 7 13 2 12638 7 11 6 2 30 46 44 12 41 9 35 6860 3972 10 11 14 11 9388 12 5863 8 36 10 20 5107 4 0 10331 14 19 4 40 7944 36 8 7583 5777 3972 10 6 15 11 9493 18 10 9326 25 14 9 10 26 7 8 6138 6499 44 12213 24 8 29 17 12 
41 20 6 9 10 10331 48 8 23 23 49 31 18 46 38 18 13960 7 12 14082 23 30 9 4 12 9 34 14 18 7 46 10 34 13 5026 32 78 15 17 15 26 10331 0 1 1 18 11 18 10610 40 7 28 15 33 13 87 38 3 18 14 18 14798 9 10 4188 3 29 18 23 17 11 30 13 13 9 16 9 
42 10051 3 27 35 10 11168 7259 20 36 14 32 18 47 23 56 54 8 9493 15 21 14 9 6 16 34 20 23 18 6 13 17 22 18 5026 62 24 11 14 13545 13402 14 1 0 1 11 11 16248 20 9214 6701 17 7818 16248 14 21 40 5 14240 14519 21 13960 12 9 4467 5 15 63 46 16 10 14240 12285 17 17 7 37 
43 11 1675 7 7259 18 22 6 18 33 14 15 27 10331 69 52 12844 4747 8 15 19 13960 8 6 6 28 18 10051 19 7 40 8 65 12277 4 56 17693 44 14 12435 13 19 1 1 0 10 9772 15 9 8935 5 13 6422 17 24 25 18415 6 15 13123 16 13960 7 4 4 5 15 30 21 7259 10 16 25 12564 7 7 8376 
44 6 7259 29 838 8 12 5 10471 15 4333 19 34 6 62 36 42 4 4 5055 14804 16 14 12 25 4 7 5584 26 9493 9 35 13 4 6 22 12 11 45 28 22 4 18 11 10 0 9 11 19 11 3630 4 3350 14 8 16609 35 9 43 7944 45 17 12285 10 5026 24 9 9548 6701 7 13 27 51 7 7 18 12 
45 3 9 3909 9 2 2 8 9 22 13360 13 7772 18 19 6439 2887 32 5 17332 9 5 6 16 10889 25 21 3997 2166 22 888 2 22 16 27 7 7 4441 16 7994 12999 40 11 11 9772 9 0 17 3 2 10610 17 8 3 24 8 20220 25 13 11193 8660 7 7539 25 17 12 10 12 6 11 7 5995 7 24 6 8 3 
46 4 51 8 14 4 9 8 3 2 11 10 10 6 5 6499 30 22 26 18 5 22 42 17 15165 15887 14 7 6 10832 6 7 16 11193 11 3 3 13 40 11 12 7944 18 16248 15 11 17 0 9749 30 56 27 7944 7 7 12 71 35 7222 7583 10 14 18 11 12 18415 10 43 9 6 15 13360 15 8666 10832 10 5 
47 6 7818 19 36 9 2 5551 12638 10832 12 14 11 8660 8 10 3331 10 15 82 51 4 3 27 11448 45 24 7106 6860 8 10 6 56 16971 8 9027 16 1332 2 23 12 36 10610 20 9 19 3 9749 0 1 9770 77 6883 8 9 11193 49 13 4219 10214 12 3775 4467 22 29 11 15 12657 5995 4663 2443 4 2887 10 7 3071 5329 
48 18 15 7 10 12 1554 4219 42 9027 19 11 11 8 27 11 3 6661 7 23 43 5 4 6422 41 11 19137 11 20 15 1 6 13 14804 6 27 21 2665 2887 11 9326 8 40 9214 8935 11 2 30 1 0 17 17332 5773 8 7994 10 25 15 5 35 13 5 5305 5026 8 40 10880 23 5 7 15 5 5 9 7 2234 8 
49 9 5026 15 3 18 13 5863 56 17 9027 16 44 10 18 13 45 5 23 6 20 13 14 9 2792 1954 9388 8 31 9 36 12 17 7 5 13721 16 11102 11769 9770 11 7583 7 6701 5 3630 10610 56 9770 17 0 6499 4747 30 10436 22 11554 4 48 12638 28 17 11168 14 12 9214 22 12 37 9 11102 13545 51 11193 11 9214 10 
50 12 25 11 4333 13 19 10110 25 30 8 19 9 7 37 21 20220 7222 7583 4 19 30 28 12 40 5416 3 9749 20 49 68 30 18 3 8097 13721 29 27 22 29 5416 5777 28 17 13 4 17 27 77 17332 6499 0 32 15 11 19 5 46 21 9027 49 28 17 14 10 37 10 10 11915 11554 90 28 30 9 38 13 22 
51 4 20 4 6 4467 9 1675 8305 9388 14 10471 7994 9 13 10 16 9 2 38 14 11 8376 29 5863 12 39 4 12 6422 23 6 13 7 3 30 10 34 11 7106 30 3972 15 7818 6422 3350 8 7944 6883 5773 4747 32 0 18 9 27 26 8 8 9 43 11 9214 21 3350 10051 33 10 4 11 8882 12 20 8 5 6 4 
52 6 12638 8 11915 3 8 8 17 2528 14 45 19 9 3 14 12 11915 15 22 5 9 9 13 64 16971 16248 11 1 10471 4333 12 64 25 10 2 5 13 33 20 11554 10 33 16248 17 14 3 7 8 8 30 15 18 0 6860 9 24 20 5416 9388 12 12638 13 12 15 18 13 25 13 6 25 11554 15 10 22 9 5055 
53 4885 13 13 10 11 10 14 12 4 26 3775 2 4441 9 3 9 35 22 20 16 9770 25 29 11546 14 17 15 8305 16 9 15 6661 15 45 6138 5 21 10 2665 11 6 13 14 24 8 24 7 9 7994 10436 11 9 6860 0 14 13 16 6883 3 7 12 30 12285 9770 14433 6 4 16 6 47 14 23 4441 13 10889 5551 
54 39 22 49 16609 9 8666 14 6860 9 18 52 9 11915 2528 5777 7 17 49 21303 6 12 14 18 26 24 40 9388 19 14 30 20 18 66 15 7 5416 48 9388 14 15 15 87 21 25 16609 8 12 11193 10 22 19 27 9 14 0 23 23 10 48 8 17 18 61 19 22748 48 46 7944 22 18 13 13 13 17 14 12 
55 19 18 18 39 20 48 19 32 23 9 14 40 11193 22387 15 25 25 25 6 40 57 18 21 15 12 13 18 41 18 21665 25 7583 14 14 36 71 27 33 9 8 11 38 40 18415 35 20220 71 49 25 11554 5 26 24 13 23 0 16 24914 11193 15 34 39 15 30 23470 8882 12 16 66 35 60 117 12 14 32 15887 
56 11 5 8376 28 11 13681 7818 18 18776 14 14798 56 13 20220 18 17 5 9214 11 21665 19 10889 6422 1 5 58 11168 18 8376 13 41 63 12 5584 21 22 14 60 14 15 9493 3 5 6 9 25 35 13 15 4 46 8 20 16 23 16 0 33 13402 33 17032 10 6701 3909 7 14 15 47 9 54 22 20 16 23 12 10 
57 25 15 8097 13 9 2665 14 9749 14 14 10214 8660 34 3 27 888 39 9 22748 8 12 7 11 17 27 22 6661 5 8655 3 20 26 18 44 9 18 18 6 9326 10658 18 18 14240 15 43 13 7222 4219 5 48 21 8 5416 6883 10 24914 33 0 10 10 5 9772 11 40 17 10 9992 6 24 5995 17 5 20 12 7 5773 
58 7 23 19 17 36 37 12 6 8 6 2 4 4 13 4885 9 43 12 22 9027 13 52 17 12006 17 33 5055 22 15 10 49 7 14 12 10 7 11324 14 2 7 10 14 14519 13123 7944 11193 7583 10214 35 12638 9027 9 9388 3 48 11193 13402 10 0 7 15 15077 11448 52 34 4 4441 6 19 50 26 13 7 10610 12 17 
59 11 28 13960 23 8438 10 13 9 9 9770 8 3 33 10832 2 9 14 10 14 8 11 16 75 31 15 15 8 15 18 9 10214 18 14 15636 12 29 12 22 6 36 9326 18 21 16 45 8660 10 12 13 28 49 43 12 7 8 15 33 10 7 0 53 21 16473 13323 17764 6 3331 7 11 14 12435 17 9 32 14798 18 
60 11 12564 20 26 7994 8 11 17332 14804 18 29 54 24 12 47 18 24 22 27081 32 9 7 10889 32 19 27 21 11 9 22 8 19 23109 13 13721 17 2443 2443 57 58 25 14798 13960 13960 17 7 14 3775 5 17 28 11 12638 12 17 34 17032 5 15 53 0 10 10331 13 17 60 17 9326 8438 4 888 1110 56 15 16 10 
61 9493 7 22 11448 9 6 8 18 17 15 67 17 16 13721 15915 8655 12 13 31 35 8655 3 3350 12 16 21 14 15 2792 8 7 19545 27 8 13 21 5 14 19 19 14 9 12 7 12285 7539 18 4467 5305 11168 17 9214 13 30 18 39 10 9772 15077 21 10 0 5 7818 23 18 19 10331 9 16 8376 7 17 22 4 8655 
62 25 9 2 7259 12 28 5 13 51 22 13 18 10 51 17 36 6 13 23 17 40 4 2 6 18 12564 16 40 2 25 8 17 9214 5 10110 14 29 8376 13681 45 9 10 9 4 10 25 11 22 5026 14 14 21 12 12285 61 15 6701 11 11448 16473 10331 5 0 4 7 59 16194 9 17 8 13 18 12 1 3 21 
63 6143 2 9 5 7 8 4 14 55 42 14804 14 36 15165 14 12 3 5305 10110 65 11 8097 5026 2513 5026 12277 7 12638 7 14 6422 16971 8305 3 45 18 8660 9326 10 22 10 4188 4467 4 5026 17 12 29 8 12 10 3350 15 9770 19 30 3909 40 52 13323 13 7818 4 0 7 44 12213 8 5 8660 14 13 24 2513 8 7 
64 48 5 32 12 11727 12 38 20581 40 19 20 16 14 22 62 16 17 47 18 25 28 9 15 6422 10610 21303 54 18 7 23 9772 80 69 7259 17693 24 12 14 19 32 26 3 5 5 24 12 18415 11 40 9214 37 10051 18 14433 22748 23470 7 17 34 17764 17 23 7 7 0 18 22 16 40 20 57 12285 32 8 8097 11168 
65 9 12 12844 11 7772 11 8660 7222 36 5773 2220 6 7 13 5 42 20 14 9548 9 26 20 17032 13 14 15 22 13 31 10 20 8 14 26 43 8 15 12213 1 10 7 29 15 15 9 10 10 15 10880 22 10 33 13 6 48 8882 14 10 4 6 60 18 59 44 18 0 2 6217 11 59 14211 58 16 14240 17 30 
66 8 17 13960 11 11 11546 9770 8305 12 15 4 3 13 13360 3331 13 11102 8 14 8666 13 67 23 56 16 8882 13 14 17 20 10658 5773 9 18 11554 8 28 25 2 6439 8 18 63 30 9548 12 43 12657 23 12 10 10 25 4 46 12 15 9992 4441 3331 17 19 16194 12213 22 2 0 8 10 30 28 15 5551 31 15077 8438 
67 2 8376 5026 7 2 7 4 4 7 9027 11 7 9 6499 5 5 6701 3 14 6499 16 10 12 13 21 16 4 4333 7539 4 7 26 9027 6 1805 5 9 8 5 9 6138 23 46 21 6701 6 9 5995 5 37 11915 4 13 16 7944 16 47 6 6 7 9326 10331 9 8 16 6217 8 0 3 8438 8660 17 7 6980 8 3 
68 2 7 2 11 2 5 4 14 29 40 12 7994 7 9 9 6 6 3 17 13 8 22 7 7539 10 53 2887 6 4747 13 1776 15526 9 13 4694 9 6 6217 30 11 6499 17 16 7259 7 11 6 4663 7 9 11554 11 6 6 22 66 9 24 19 11 8438 9 17 5 40 11 10 3 0 7 9 9 9749 3909 3630 1 
69 10 10 7 11 7 4 8 16609 15 27 13767 13545 10880 12 48 6 10 12 23831 32 5 3 9 12564 16 98 9326 11 5 20 10 16 81 12 16 18 1554 3 14 52 44 11 10 10 13 7 15 2443 15 11102 90 8882 25 47 18 35 54 5995 50 14 4 16 8 8660 20 59 30 8438 7 0 14 1998 51 34 6 15 
70 9 14 38 52 7550 4 10 32 13721 14 13989 12879 15 9749 22 3553 24 12 27 16 1332 25 12 65 19 53 20 10 18 6 7 34 28 25 51 17 5 2 14 14 12213 30 14240 16 27 5995 13360 4 5 13545 28 12 11554 14 13 60 22 17 26 12435 888 8376 13 14 57 14211 28 8660 9 14 0 2 53 12 31 11 
71 8660 11 8655 15 8 4 8438 16 18 14 13989 53 11324 12 13 4 11 10214 32 62 2443 4747 37 14798 57 26 9770 13 8 20 5773 17 43 11168 12999 18 3 2220 13767 15 24 13 12285 25 51 7 15 2887 5 51 30 20 15 23 13 117 20 5 13 17 1110 7 18 13 12285 58 15 17 9 1998 2 0 13 10 8 10 
72 7222 45 38 9 9 10 10 6499 11 3250 10 6 3 52 6 12 9749 12 10 21 24 16 26 22 11554 26 7 12 25 34 12277 5777 10 18 36 16 24 23 2887 7 8 13 17 12564 7 24 8666 10 9 11193 9 8 10 4441 13 12 16 20 7 9 56 17 12 24 32 16 5551 7 9749 51 53 13 0 10051 11 33 
73 7 6 3 7 7 10 4 25 25 39 12006 13681 31 26 13 39 15 7 10 19 11168 6 3 5 9 11 7 13 12 14 9 29 10 1396 20 17 8376 9493 14 13 29 9 17 7 7 6 10832 7 7 11 38 5 22 13 17 14 23 12 10610 32 15 22 1 2513 8 14240 31 6980 3909 34 12 10 10051 0 15 5026 
74 6 5026 2 35 5 5 5 11193 12 46 26 16 17 9 24 7 13 8 13123 25 7 9 5 10 11 55 9 14 2 5 7 17 13 4 7944 11915 5 5584 13 46 17 16 7 7 18 8 10 3071 2234 9214 13 6 9 10889 14 32 12 7 12 14798 16 4 3 8 8097 17 15077 8 3630 6 31 8 11 15 0 5 
75 1 26 4 6 4 4885 3 6 12 9 42 14 20 8 6439 6 11 2 12999 9 8 27 7539 17 18 12638 1998 11 6 3553 2443 14443 17 6 14 7 27 7 8 18 12 9 37 8376 12 3 5 5329 8 10 22 4 5055 5551 12 15887 10 5773 17 18 10 8655 21 7 11168 30 8438 3 1 15 11 10 33 5026 5 0 

;param cto[*,*]
: 0 1 2 3 4 5 6 7 8 9 10 11 12 13 14 15 16 17 18 19 20 21 22 23 24 25 26 27 28 29 30 31 32 33 34 35 36 37 38 39 40 41 42 43 44 45 46 47 48 49 50 51 52 53 54 55 56 57 58 59 60 61 62 63 64 65 66 67 68 69 70 71 72 73 74 75:=
0 0 46 44 45 39 42 43 44 40 42 42 43 40 42 43 43 41 39 48 42 44 43 43 43 48 44 39 41 42 41 40 44 42 41 40 41 44 44 42 42 40 44 44 43 41 40 44 42 41 43 43 40 40 42 43 45 44 43 45 45 46 44 42 42 46 43 48 39 39 44 49 45 41 41 41 38 
1 46 0 40 42 42 44 41 49 45 44 46 51 43 49 51 45 44 46 44 46 46 46 43 40 42 45 43 44 40 47 42 47 43 39 44 46 44 45 47 45 43 40 40 39 42 43 44 43 42 41 44 41 44 46 46 50 41 46 45 49 46 42 39 43 45 51 49 43 41 44 46 49 45 39 41 42 
2 44 40 0 46 40 41 43 43 42 44 49 46 42 46 45 42 41 41 45 44 44 40 41 42 44 45 45 41 40 41 43 47 47 40 41 43 42 42 45 44 46 42 42 42 42 40 45 41 40 42 44 40 45 44 44 47 43 43 44 47 44 41 43 41 43 46 47 41 39 46 44 43 44 39 39 40 
3 45 42 46 0 42 49 41 47 44 40 43 45 40 45 49 46 39 40 41 45 47 49 47 41 40 45 41 44 44 44 47 44 39 41 43 44 46 47 44 41 40 43 43 42 38 47 43 45 44 44 40 40 44 44 46 43 42 46 42 47 48 45 42 40 45 45 46 46 41 51 48 48 41 42 43 45 
4 39 42 40 42 0 41 40 40 40 43 43 43 41 41 43 41 42 40 45 42 43 42 43 48 45 45 40 40 42 40 43 46 43 45 39 45 42 46 43 43 42 44 48 44 46 39 39 41 40 44 48 41 43 42 42 47 49 42 42 45 44 43 42 46 45 44 45 39 43 47 44 44 46 42 40 39 
5 42 44 41 49 41 0 42 43 42 46 46 46 44 41 44 39 44 47 48 43 40 40 43 46 47 48 43 40 41 39 40 49 46 43 41 43 40 43 50 46 45 46 45 45 46 44 42 39 39 46 51 44 41 44 42 50 47 40 45 50 41 46 42 48 49 51 47 42 45 44 41 40 49 43 40 42 
6 43 41 43 41 40 42 0 42 42 42 44 48 41 43 44 47 40 40 44 44 45 42 42 42 43 44 40 42 41 41 40 49 45 39 41 43 47 44 44 42 41 46 42 46 45 41 41 42 41 42 43 39 42 43 44 45 43 44 42 46 46 47 40 44 44 45 46 40 39 44 45 45 42 40 40 39 
7 44 49 43 47 40 43 42 0 39 42 41 40 40 41 40 43 47 41 49 44 45 44 46 46 46 44 43 41 44 42 42 47 43 43 40 39 45 44 41 46 41 47 47 46 43 41 39 44 43 45 44 42 40 39 41 46 51 43 40 46 46 46 48 44 48 41 42 39 41 46 46 50 41 44 43 44 
8 40 45 42 44 40 42 42 39 0 44 42 45 41 40 40 46 48 42 46 39 47 44 46 46 46 45 40 44 48 45 42 45 44 44 39 39 44 43 46 43 42 47 47 46 44 40 42 43 42 46 45 42 39 44 40 47 47 41 42 46 45 46 44 45 48 42 43 40 41 49 45 45 42 44 43 41 
9 42 44 44 40 43 46 42 42 44 0 40 43 40 49 44 47 42 41 41 44 49 47 46 44 46 40 41 48 46 45 44 41 39 43 43 43 48 48 42 38 39 46 46 45 40 44 47 47 46 42 40 41 44 43 46 41 45 47 40 46 50 51 45 43 48 42 44 42 43 49 53 53 39 44 45 46 
10 42 46 49 43 43 46 44 41 42 40 0 40 40 48 42 46 44 42 44 43 48 47 47 46 45 42 41 44 47 45 45 40 42 45 43 42 52 47 39 40 41 48 48 51 42 48 42 47 46 45 42 43 43 41 44 43 47 46 43 43 50 49 50 45 49 40 45 42 48 49 49 49 39 46 46 43 
11 43 51 46 45 43 46 48 40 45 43 40 0 42 43 40 49 46 43 46 41 47 47 48 48 51 45 46 43 47 45 45 42 44 46 42 40 48 47 39 42 43 49 49 49 45 44 42 51 46 47 49 44 43 39 46 46 49 45 40 44 49 53 47 47 55 39 39 42 44 49 48 49 41 47 46 43 
12 40 43 42 40 41 44 41 40 41 40 40 42 0 47 43 45 41 39 42 43 46 45 45 44 43 42 39 42 48 43 46 42 40 42 41 41 50 49 41 43 39 45 45 44 40 42 45 45 44 42 45 40 42 41 44 43 45 45 43 44 48 46 43 42 51 42 43 40 41 47 47 47 43 43 43 40 
13 42 49 46 45 41 41 43 41 40 49 48 43 47 0 42 40 45 43 48 40 42 43 45 51 51 47 42 39 44 44 45 47 46 44 40 41 42 41 44 45 44 47 47 46 46 40 40 46 41 51 47 44 39 42 39 49 48 39 44 43 43 45 44 45 48 48 44 41 46 48 43 43 44 44 46 46 
14 43 51 45 49 43 44 44 40 40 44 42 40 43 42 0 44 46 43 47 43 46 46 48 48 48 50 46 46 47 47 44 44 45 46 41 39 46 49 41 44 47 49 49 48 45 43 41 49 45 47 46 44 41 39 41 47 49 43 42 40 47 48 46 47 50 41 40 42 44 47 47 47 46 50 46 43 
15 43 45 42 46 41 39 47 43 46 47 46 49 45 40 44 0 45 44 49 46 40 42 44 47 48 52 43 44 43 40 41 49 47 44 41 42 44 39 49 46 45 47 46 46 46 40 42 40 44 47 48 44 41 44 41 54 48 38 49 49 41 43 44 45 47 46 46 46 42 42 41 45 46 44 42 46 
16 41 44 41 39 42 44 40 47 48 42 44 46 41 45 46 45 0 40 42 45 51 44 42 40 44 43 46 44 46 47 42 45 41 39 43 44 45 46 45 42 41 42 42 41 40 43 43 44 43 39 41 39 44 45 50 44 45 46 43 48 47 44 41 39 43 46 47 42 41 49 47 50 43 40 42 41 
17 39 46 41 40 40 47 40 41 42 41 42 43 39 43 43 44 40 0 42 43 46 44 43 43 42 42 43 42 43 42 45 44 44 41 41 42 45 49 42 44 43 44 44 47 40 42 41 44 43 42 42 39 42 42 44 44 44 44 41 45 47 45 42 41 45 43 48 40 44 46 46 46 41 41 42 43 
18 48 44 45 41 45 48 44 49 46 41 44 46 42 48 47 49 42 42 0 47 50 51 50 43 40 44 48 51 46 47 46 43 44 43 46 46 49 49 45 42 42 45 49 44 40 46 46 48 47 45 39 42 46 46 48 40 47 49 43 53 51 48 45 43 51 46 47 48 44 50 55 51 42 48 46 44 
19 42 46 44 45 42 43 44 44 39 44 43 41 43 40 43 46 45 43 47 0 44 45 47 51 48 46 42 40 45 42 43 49 45 45 40 43 48 44 42 44 44 48 52 51 45 42 40 44 43 47 46 44 40 40 39 48 49 45 42 41 46 47 45 46 49 46 42 41 43 46 45 46 43 45 44 46 
20 44 46 44 47 43 40 45 45 47 49 48 47 46 42 46 40 51 46 50 44 0 42 45 48 49 50 45 42 43 41 42 51 48 45 43 48 40 39 48 52 47 47 51 47 48 42 43 44 41 52 50 46 46 46 43 52 49 40 47 51 40 43 44 50 47 48 52 44 44 41 39 40 48 45 46 48 
21 43 46 40 49 42 40 42 44 44 47 47 47 45 43 46 42 44 44 51 45 42 0 41 44 46 48 44 42 43 44 40 49 50 42 43 45 40 41 47 47 45 47 43 47 45 41 43 39 39 45 47 43 46 46 44 53 45 46 46 52 42 40 44 43 43 48 49 43 41 40 42 41 46 41 39 42 
22 43 43 41 47 43 43 42 46 46 46 47 48 45 45 48 44 42 43 50 47 45 41 0 42 44 51 48 44 39 43 42 49 45 41 44 46 43 44 48 46 44 44 40 40 44 43 45 42 42 43 49 42 48 47 50 48 42 49 47 50 45 40 39 41 40 49 50 44 42 42 45 44 46 40 40 43 
23 43 40 42 41 48 46 42 46 46 44 46 48 44 51 48 47 40 43 43 51 48 44 42 0 44 44 44 46 42 45 44 47 43 40 45 47 46 47 47 48 43 40 40 40 42 45 45 45 44 40 43 42 46 47 48 49 42 47 46 50 48 44 45 39 42 52 49 44 43 46 48 47 45 41 43 43 
24 48 42 44 40 45 47 43 46 46 46 45 51 43 51 48 48 44 42 40 48 49 46 44 44 0 42 44 46 45 46 49 45 41 42 49 46 48 48 46 43 42 42 43 42 40 46 46 47 46 39 40 42 46 47 49 43 45 49 44 53 50 46 44 41 45 47 48 45 44 48 50 49 44 43 49 44 
25 44 45 45 45 45 48 44 44 45 40 42 45 42 47 50 52 43 42 44 46 50 48 51 44 42 0 47 46 47 47 50 41 40 44 45 45 49 49 43 44 41 46 47 46 41 46 49 48 47 42 39 43 46 45 48 39 45 52 42 47 55 49 46 44 48 44 45 44 44 50 51 55 41 49 47 44 
26 39 43 45 41 40 43 40 43 40 41 41 46 39 42 46 43 46 43 48 42 45 44 48 44 44 47 0 41 43 42 41 43 41 42 43 40 45 44 41 41 40 45 45 44 41 41 40 44 42 47 43 40 40 41 42 45 45 43 40 44 46 45 43 46 46 42 43 39 40 45 46 46 40 46 42 39 
27 41 44 41 44 40 40 42 41 44 48 44 43 42 39 46 44 44 42 51 40 42 42 44 46 46 46 41 0 42 39 40 46 45 43 39 41 42 41 47 44 47 46 46 45 44 39 39 41 40 46 46 42 42 42 40 48 50 40 43 44 47 44 43 44 50 48 48 40 45 47 47 43 47 43 41 40 
28 42 40 40 44 42 41 41 44 48 46 47 47 48 44 47 43 46 43 46 45 43 43 39 42 45 47 43 42 0 41 40 49 45 40 43 45 45 42 47 46 44 42 41 41 44 41 43 40 40 47 46 42 43 46 49 48 43 43 46 48 47 40 39 41 42 48 52 43 41 45 44 42 46 40 43 45 
29 41 47 41 44 40 39 41 42 45 45 45 45 43 44 47 40 47 42 47 42 41 44 43 45 46 47 42 39 41 0 39 51 45 42 40 42 41 40 49 45 44 45 45 44 45 38 44 40 43 45 46 42 40 43 42 49 50 44 44 49 42 42 42 44 45 49 46 41 40 42 42 42 45 42 40 41 
30 40 42 43 47 43 40 40 42 42 44 45 45 46 45 44 41 42 45 46 43 42 40 42 44 49 50 41 40 40 39 0 51 44 45 40 42 41 41 45 44 43 44 43 43 43 39 41 40 39 44 45 41 41 44 43 48 44 42 44 46 43 42 40 42 44 46 46 41 39 42 43 42 44 41 39 40 
31 44 47 47 44 46 49 49 47 45 41 40 42 42 47 44 49 45 44 43 49 51 49 49 47 45 41 43 46 49 51 51 0 42 46 45 44 50 50 41 41 42 49 49 48 43 47 45 49 52 45 42 48 46 43 51 42 48 48 41 45 52 50 48 46 51 41 42 44 46 55 51 55 41 47 48 45 
32 42 43 47 39 43 46 45 43 44 39 42 44 40 46 45 47 41 44 44 45 48 50 45 43 41 40 41 45 45 45 44 42 0 46 43 48 47 47 47 40 39 48 45 44 39 44 43 46 45 41 39 40 44 44 46 41 47 51 41 47 49 47 44 42 46 44 49 42 46 48 49 49 40 43 44 42 
33 41 39 40 41 45 43 39 43 44 43 45 46 42 44 46 44 39 41 43 45 45 42 41 40 42 44 42 43 40 42 45 46 46 0 42 48 44 44 45 43 42 41 41 44 41 42 43 46 46 41 43 40 47 45 49 46 41 45 44 48 50 42 39 39 42 46 47 46 40 44 46 45 44 39 44 41 
34 40 44 41 43 39 41 41 40 39 43 43 42 41 40 41 41 43 41 46 40 43 43 44 45 49 45 43 39 43 40 40 45 43 42 0 40 43 42 42 43 46 46 46 45 43 40 38 42 41 45 45 42 38 41 41 47 46 41 42 43 45 48 43 43 47 43 44 39 40 44 44 44 42 43 42 40 
35 41 46 43 44 45 43 43 39 39 43 42 40 41 41 39 42 44 42 46 43 48 45 46 47 46 45 40 41 45 42 42 44 48 48 40 0 45 44 45 42 42 47 47 47 48 45 43 44 43 49 45 47 40 39 40 47 48 42 41 41 50 46 49 45 49 41 46 40 46 46 46 46 42 45 44 45 
36 44 44 42 46 42 40 47 45 44 48 52 48 50 42 46 44 45 45 49 48 40 40 43 46 48 49 45 42 45 41 41 50 47 44 43 45 0 39 48 48 50 45 49 45 51 41 44 39 40 47 49 45 43 46 44 55 51 41 47 52 40 45 42 45 45 49 49 44 47 39 40 39 47 43 45 43 
37 44 45 42 47 46 43 44 44 43 48 47 47 49 41 49 39 46 49 49 44 39 41 44 47 48 49 44 41 42 40 41 50 47 44 42 44 39 0 47 47 46 46 46 46 47 41 43 40 40 47 52 45 42 45 42 51 47 40 47 47 40 42 43 45 46 48 48 43 43 44 39 40 47 44 41 43 
38 42 47 45 44 43 50 44 41 46 42 39 39 41 44 41 49 45 42 45 42 48 47 48 47 46 43 41 47 47 49 45 41 47 45 42 45 48 47 0 41 42 49 49 48 43 44 42 47 46 46 44 44 43 40 44 44 48 45 39 42 49 49 47 50 50 39 44 46 44 53 53 49 40 46 50 43 
39 42 45 44 41 43 46 42 46 43 38 40 42 43 45 44 46 42 44 42 44 52 47 46 48 43 44 41 44 46 45 44 41 40 43 43 42 48 47 41 0 43 46 46 46 40 44 43 47 45 43 40 42 44 42 49 46 45 46 40 45 49 47 45 43 48 42 43 42 43 48 53 49 39 44 45 42 
40 40 43 46 40 42 45 41 41 42 39 41 43 39 44 47 45 41 43 42 44 47 45 44 43 42 41 40 47 44 44 43 42 39 42 46 42 50 46 42 43 0 44 45 44 39 43 42 45 48 42 41 40 42 42 45 43 44 45 40 45 48 46 43 42 46 43 48 41 41 47 48 47 40 42 43 41 
41 44 40 42 43 44 46 46 47 47 46 48 49 45 47 49 47 42 44 45 48 47 47 44 40 42 46 45 46 42 45 44 49 48 41 46 47 45 46 49 46 44 0 42 38 44 49 46 45 44 42 45 43 46 52 49 47 40 47 51 51 47 42 41 40 44 49 51 45 43 49 47 50 50 41 43 48 
42 44 40 42 43 48 45 42 47 47 46 48 49 45 47 49 46 42 44 49 52 51 43 40 40 43 47 45 46 41 45 43 49 45 41 46 47 49 46 49 46 45 42 0 42 44 48 46 44 44 42 45 43 46 48 52 48 40 47 47 51 47 42 41 41 39 53 51 45 43 48 47 46 47 40 46 44 
43 43 39 42 42 44 45 46 46 46 45 51 49 44 46 48 46 41 47 44 51 47 47 40 40 42 46 44 45 41 44 43 48 44 44 45 47 45 46 48 46 44 38 42 0 43 44 49 48 44 45 48 42 45 47 48 47 40 47 46 54 47 42 44 40 40 49 50 44 42 48 47 46 46 40 42 43 
44 41 42 42 38 46 46 45 43 44 40 42 45 40 46 45 46 40 40 40 45 48 45 44 42 40 41 41 44 44 45 43 43 39 41 43 48 51 47 43 40 39 44 44 43 0 48 47 46 45 40 43 40 44 48 46 42 43 46 42 47 49 46 43 41 46 44 46 42 42 47 49 48 41 46 44 42 
45 40 43 40 47 39 44 41 41 40 44 48 44 42 40 43 40 43 42 46 42 42 41 43 45 46 46 41 39 41 38 39 47 44 42 40 45 41 41 44 44 43 49 48 44 48 0 40 44 39 45 46 42 39 43 41 48 46 40 43 45 43 43 42 43 49 45 45 40 40 42 43 42 44 46 40 40 
46 44 44 45 43 39 42 41 39 42 47 42 42 45 40 41 42 43 41 46 40 43 43 45 45 46 49 40 39 43 44 41 45 43 43 38 43 44 43 42 43 42 46 46 49 47 40 0 43 42 45 45 42 39 40 41 47 46 41 42 47 49 45 47 48 47 47 43 39 40 45 44 44 42 43 42 40 
47 42 43 41 45 41 39 42 44 43 47 47 51 45 46 49 40 44 44 48 44 44 39 42 45 47 48 44 41 40 40 40 49 46 46 42 44 39 40 47 47 45 45 44 48 46 44 43 0 39 46 47 43 46 49 43 50 50 41 46 51 41 41 41 44 44 48 48 43 42 40 41 40 50 42 40 42 
48 41 42 40 44 40 39 41 43 42 46 46 46 44 41 45 44 43 43 47 43 41 39 42 44 46 47 42 40 40 43 39 52 45 46 41 43 40 40 46 45 48 44 44 44 45 39 42 39 0 45 46 42 41 44 46 49 45 41 45 46 46 41 41 43 44 47 47 42 40 41 46 41 49 42 39 41 
49 43 41 42 44 44 46 42 45 46 42 45 47 42 51 47 47 39 42 45 47 52 45 43 40 39 42 47 46 47 45 44 45 41 41 45 49 47 47 46 43 42 42 42 45 40 45 45 46 45 0 41 41 45 46 48 44 44 47 44 49 49 45 42 40 44 47 52 44 42 47 49 48 43 41 44 43 
50 43 44 44 40 48 51 43 44 45 40 42 49 45 47 46 48 41 42 39 46 50 47 49 43 40 39 43 46 46 46 45 42 39 43 45 45 49 52 44 40 41 45 45 48 43 46 45 47 46 41 0 42 49 45 51 44 44 52 42 48 51 47 45 42 47 44 49 44 44 49 50 50 41 44 46 43 
51 40 41 40 40 41 44 39 42 42 41 43 44 40 44 44 44 39 39 42 44 46 43 42 42 42 43 40 42 42 42 41 48 40 40 42 47 45 45 44 42 40 43 43 42 40 42 42 43 42 41 42 0 42 43 45 44 42 48 42 46 50 44 41 40 44 44 49 44 40 45 46 46 42 40 45 40 
52 40 44 45 44 43 41 42 40 39 44 43 43 42 39 41 41 44 42 46 40 46 46 48 46 46 46 40 42 43 40 41 46 44 47 38 40 43 42 43 44 42 46 46 45 44 39 39 46 41 45 49 42 0 41 40 47 47 40 42 43 44 48 43 44 51 44 44 39 41 44 44 44 47 43 42 40 
53 42 46 44 44 42 44 43 39 44 43 41 39 41 42 39 44 45 42 46 40 46 46 47 47 47 45 41 42 46 43 44 43 44 45 41 39 46 45 40 42 42 52 48 47 48 43 40 49 44 46 45 43 41 0 41 46 48 43 44 41 51 47 46 46 49 40 40 41 47 47 47 47 41 46 45 42 
54 43 46 44 46 42 42 44 41 40 46 44 46 44 39 41 41 50 44 48 39 43 44 50 48 49 48 42 40 49 42 43 51 46 49 41 40 44 42 44 49 45 49 52 48 46 41 41 43 46 48 51 45 40 41 0 53 53 40 44 46 44 46 45 46 49 44 44 42 43 45 44 48 48 46 44 43 
55 45 50 47 43 47 50 45 46 47 41 43 46 43 49 47 54 44 44 40 48 52 53 48 49 43 39 45 48 48 49 48 42 41 46 47 47 55 51 44 46 43 47 48 47 42 48 47 50 49 44 44 44 47 46 53 0 50 50 43 49 53 50 51 45 49 45 46 49 46 52 53 52 42 50 48 46 
56 44 41 43 42 49 47 43 51 47 45 47 49 45 48 49 48 45 44 47 49 49 45 42 42 45 45 45 50 43 50 44 48 47 41 46 48 51 47 48 45 44 40 40 40 43 46 46 50 45 44 44 42 47 48 53 50 0 48 46 51 49 48 42 40 42 53 54 45 47 46 49 48 46 42 44 48 
57 43 46 43 46 42 40 44 43 41 47 46 45 45 39 43 38 46 44 49 45 40 46 49 47 49 52 43 40 43 44 42 48 51 45 41 42 41 40 45 46 45 47 47 47 46 40 41 41 41 47 52 48 40 43 40 50 48 0 45 44 46 44 44 46 47 50 46 46 43 43 41 42 46 45 46 42 
58 45 45 44 42 42 45 42 40 42 40 43 40 43 44 42 49 43 41 43 42 47 46 47 46 44 42 40 43 46 44 44 41 41 44 42 41 47 47 39 40 40 51 47 46 42 43 42 46 45 44 42 42 42 44 44 43 46 45 0 47 49 47 45 44 49 40 41 45 43 48 48 52 39 45 45 42 
59 45 49 47 47 45 50 46 46 46 46 43 44 44 43 40 49 48 45 53 41 51 52 50 50 53 47 44 44 48 49 46 45 47 48 43 41 52 47 42 45 45 51 51 54 47 45 47 51 46 49 48 46 43 41 46 49 51 44 47 0 49 50 48 49 52 41 40 48 46 53 48 49 44 48 47 45 
60 46 46 44 48 44 41 46 46 45 50 50 49 48 43 47 41 47 47 51 46 40 42 45 48 50 55 46 47 47 42 43 52 49 50 45 50 40 40 49 49 48 47 47 47 49 43 49 41 46 49 51 50 44 51 44 53 49 46 49 49 0 43 44 47 47 50 50 45 45 40 38 39 49 45 43 45 
61 44 42 41 45 43 46 47 46 46 51 49 53 46 45 48 43 44 45 48 47 43 40 40 44 46 49 45 44 40 42 42 50 47 42 48 46 45 42 49 47 46 42 42 42 46 43 45 41 41 45 47 44 48 47 46 50 48 44 47 50 43 0 40 43 42 53 54 44 43 40 43 42 47 41 40 43 
62 42 39 43 42 42 42 40 48 44 45 50 47 43 44 46 44 41 42 45 45 44 44 39 45 44 46 43 43 39 42 40 48 44 39 43 49 42 43 47 45 43 41 41 44 43 42 47 41 41 42 45 41 43 46 45 51 42 44 45 48 44 40 0 44 42 47 48 42 40 42 44 44 45 42 43 41 
63 42 43 41 40 46 48 44 44 45 43 45 47 42 45 47 45 39 41 43 46 50 43 41 39 41 44 46 44 41 44 42 46 42 39 43 45 45 45 50 43 42 40 41 40 41 43 48 44 43 40 42 40 44 46 46 45 40 46 44 49 47 43 44 0 46 47 48 46 45 45 47 46 44 39 42 42 
64 46 45 43 45 45 49 44 48 48 48 49 55 51 48 50 47 43 45 51 49 47 43 40 42 45 48 46 50 42 45 44 51 46 42 47 49 45 46 50 48 46 44 39 40 46 49 47 44 44 44 47 44 51 49 49 49 42 47 49 52 47 42 42 46 0 51 52 46 44 44 47 46 48 42 43 45 
65 43 51 46 45 44 51 45 41 42 42 40 39 42 48 41 46 46 43 46 46 48 48 49 52 47 44 42 48 48 49 46 41 44 46 43 41 49 48 39 42 43 49 53 49 44 45 47 48 47 47 44 44 44 40 44 45 53 50 40 41 50 53 47 47 51 0 39 43 45 50 49 49 41 47 47 44 
66 48 49 47 46 45 47 46 42 43 44 45 39 43 44 40 46 47 48 47 42 52 49 50 49 48 45 43 48 52 46 46 42 49 47 44 46 49 48 44 43 48 51 51 50 46 45 43 48 47 52 49 49 44 40 44 46 54 46 41 40 50 54 48 48 52 39 0 44 49 50 49 54 42 48 47 45 
67 39 43 41 46 39 42 40 39 40 42 42 42 40 41 42 46 42 40 48 41 44 43 44 44 45 44 39 40 43 41 41 44 42 46 39 40 44 43 46 42 41 45 45 44 42 40 39 43 42 44 44 44 39 41 42 49 45 46 45 48 45 44 42 46 46 43 44 0 40 45 45 45 45 42 42 39 
68 39 41 39 41 43 45 39 41 41 43 48 44 41 46 44 42 41 44 44 43 44 41 42 43 44 44 40 45 41 40 39 46 46 40 40 46 47 43 44 43 41 43 43 42 42 40 40 42 40 42 44 40 41 47 43 46 47 43 43 46 45 43 40 45 44 45 49 40 0 47 44 44 43 40 40 38 
69 44 44 46 51 47 44 44 46 49 49 49 49 47 48 47 42 49 46 50 46 41 40 42 46 48 50 45 47 45 42 42 55 48 44 44 46 39 44 53 48 47 49 48 48 47 42 45 40 41 47 49 45 44 47 45 52 46 43 48 53 40 40 42 45 44 50 50 45 47 0 41 39 48 43 41 44 
70 49 46 44 48 44 41 45 46 45 53 49 48 47 43 47 41 47 46 55 45 39 42 45 48 50 51 46 47 44 42 43 51 49 46 44 46 40 39 53 53 48 47 47 47 49 43 44 41 46 49 50 46 44 47 44 53 49 41 48 48 38 43 44 47 47 49 49 45 44 41 0 43 49 49 43 45 
71 45 49 43 48 44 40 45 50 45 53 49 49 47 43 47 45 50 46 51 46 40 41 44 47 49 55 46 43 42 42 42 55 49 45 44 46 39 40 49 49 47 50 46 46 48 42 44 40 41 48 50 46 44 47 48 52 48 42 52 49 39 42 44 46 46 49 54 45 44 39 43 0 52 48 42 44 
72 41 45 44 41 46 49 42 41 42 39 39 41 43 44 46 46 43 41 42 43 48 46 46 45 44 41 40 47 46 45 44 41 40 44 42 42 47 47 40 39 40 50 47 46 41 44 42 50 49 43 41 42 47 41 48 42 46 46 39 44 49 47 45 44 48 41 42 45 43 48 49 52 0 44 49 42 
73 41 39 39 42 42 43 40 44 44 44 46 47 43 44 50 44 40 41 48 45 45 41 40 41 43 49 46 43 40 42 41 47 43 39 43 45 43 44 46 44 42 41 40 40 46 46 43 42 42 41 44 40 43 46 46 50 42 45 45 48 45 41 42 39 42 47 48 42 40 43 49 48 44 0 40 41 
74 41 41 39 43 40 40 40 43 43 45 46 46 43 46 46 42 42 42 46 44 46 39 40 43 49 47 42 41 43 40 39 48 44 44 42 44 45 41 50 45 43 43 46 42 44 40 42 40 39 44 46 45 42 45 44 48 44 46 45 47 43 40 43 42 43 47 47 42 40 41 43 42 49 40 0 45 
75 38 42 40 45 39 42 39 44 41 46 43 43 40 46 43 46 41 43 44 46 48 42 43 43 44 44 39 40 45 41 40 45 42 41 40 45 43 43 43 42 41 48 44 43 42 40 40 42 41 43 43 40 40 42 43 46 48 42 42 45 45 43 41 42 45 44 45 39 38 44 45 44 42 41 45 0 

;param d[*,*]
: 0 1 2 3 4 5 6 7 8 9 10 11 12 13 14 15 16 17 18 19 20 21 22 23 24 25 26 27 28 29 30 31 32 33 34 35 36 37 38 39 40 41 42 43 44 45 46 47 48 49 50 51 52 53 54 55 56 57 58 59 60 61 62 63 64 65 66 67 68 69 70 71 72 73 74 75:=
0 0.0 0 0 0 0.12 0 0 0 1.9 0.9 2.45 0 0.74 2.79 0 1.66 0.32 0.49 0 0.38 0 2.54 1.17 0.52 0 3.11 0 1.51 2.26 0 0 2.28 1.36 1.6 0.62 2.28 2.03 1.97 1.02 0.86 1.32 1.41 3.39 0.52 0 0 0 0 0.78 0 0.48 0.18 0.55 1.36 2.54 1.64 0 1.09 0 0 0 3.2 1.36 2.07 2.65 0 0 0.08 0 0 0 2.4 2.53 0.33 0 0 
1 0 0.0 0.23 2.16 0.43 0.55 0.63 0 5.07 0.62 0.78 0 1.91 0 0 0.67 0 0 0.6 5.95 0.73 0 0 0.74 0.98 5.32 2.82 1.37 0.23 0 0 0 1.21 0.75 4.18 0.72 3.2 3.58 0.83 0 2.73 0.43 0.17 0.56 2.45 0 3.29 2.63 1.02 1.69 2.09 1.11 4.43 0 1.88 0 0 0.72 1.64 1.05 4.23 0.35 0.49 0 0 0 0 2.82 0.32 0 0 0 2.46 0.31 1.69 1.42 
2 0 0.23 0.0 0 1.13 0 0 3.42 1.02 3.2 0 1.68 2.35 0 1.56 1.6 1.69 0.7 0 2.09 3.01 0.25 1.51 0.98 3.11 0 0 2.53 0.62 0.99 0 0.83 0 0.94 1.17 3.8 0.4 0.43 3.86 0 0 0.42 1.48 0 1.6 1.32 0 1.05 0.51 1.02 0 0 0 0.6 3.2 0.85 2.82 2.73 1.33 4.71 1.37 1.23 0 0.63 1.79 4.33 4.71 1.69 0.12 0 2.09 2.92 2.09 0.15 0 0.18 
3 0 2.16 0 0.0 0 0 0.27 0 4.31 0.86 3.55 0.65 1.41 0.7 0 1.8 0.35 1.13 2.03 2.53 0 0 0 0 0.23 0 1.88 4.43 3.01 2.22 0 1.97 0.75 0.99 2.73 2.09 2.96 0 0 0.28 0.17 0.48 1.91 2.45 0.28 0 1.17 1.6 0 0 1.52 0.39 4.18 0 5.83 2.54 1.54 0 1.48 0.87 0.99 3.86 2.45 0 0 0 0 0 0.78 0 2.27 0 0.78 0 1.91 0 
4 0.12 0.43 1.13 0 0.0 0 0 1.9 0.23 2.82 0.52 0 2.28 0.28 1.06 0 1.48 0.25 5.19 0.82 1.79 0.86 2.73 0 0.63 1.56 0.68 1.27 1.98 0.68 0 5.45 0.48 0 0.89 0 0 0 1.91 3.67 1.98 3.48 0 1.29 0 0 0.15 0.33 0.55 1.29 0 1.51 0 0.4 0.37 0.82 0 0.35 2.35 2.34 2.22 0 0.82 0 3.95 2.16 0 0 0 0 2.09 0 0 0 0 0.2 
5 0 0.55 0 0 0 0.0 1.6 1.85 2.35 1.88 2.96 0 2.22 0.63 0 0 2.28 0 0.97 0.47 0.74 1.22 2.73 1.72 0.89 0.97 0.48 0.23 1.23 0.23 0.8 0 4.33 2.82 1.23 0.5 0.39 0 0 0 2.4 2.65 3.76 1.52 0 0 0.37 0 0.43 0 0 0 0.7 0 3.04 4.13 4.61 0.74 1.64 0 0.3 0 1.54 0 0 0 3.2 0 0 0 0 0 0 0.47 0 1.36 
6 0 0.63 0 0.27 0 1.6 0.0 0.38 1.48 2.35 4.05 0 1.6 0.48 2.28 0 0.2 0.17 1.97 1.97 0 0.38 0 2.07 0 0.57 0 0.86 0.3 1.23 0.74 0 0 0.75 1.11 1.06 0 2.03 0 1.6 0.99 0 2.45 0 0 0.28 0.32 1.54 1.17 1.98 3.55 0.56 0.35 0.52 0.57 1.64 2.63 0.53 1.02 0 0 0 0.23 0 2.09 2.4 2.71 0 0.2 0 0 2.34 0.43 0.18 0 0.12 
7 0 0 3.42 0 1.9 1.85 0.38 0.0 0.89 3.17 1.69 1.41 0.25 0.74 0.22 3.55 0 1.11 0 0 4.94 3.48 5.57 5.57 0.72 0.58 0 1.51 3.48 0.94 3.17 0 2.63 2.92 0.17 0.47 5.07 4.56 0.99 0 2.53 1.96 0.83 0.77 3.67 0.78 0.13 4.43 2.73 3.67 2.16 2.91 1.13 0.75 2.41 2.71 0 3.42 0.23 0 6.08 0.77 0 0.6 7.22 2.53 2.91 0.35 1.23 5.83 2.71 0 2.28 2.09 3.93 0 
8 1.9 5.07 1.02 4.31 0.23 2.35 1.48 0.89 0.0 1.97 0.42 0 1.23 0.47 0.8 0 0 0.86 1.84 0.66 0 0.55 2.65 5.95 0.8 3.95 1.32 0 0 0 2.79 0.65 4.18 2.03 0.66 0.47 1.37 1.17 0 3.67 1.54 1.99 3.08 2.83 1.33 1.41 0 3.8 3.17 0.72 2.53 3.29 0.89 0 0.74 1.99 6.59 1.23 0.35 0 5.19 0.72 3.29 3.58 3.45 2.35 1.06 0.62 1.88 0 4.81 1.56 0.98 2.16 0.48 1.05 
9 0.9 0.62 3.2 0.86 2.82 1.88 2.35 3.17 1.97 0.0 0.59 0 0.2 0 2.22 0.83 2.16 2.03 0.66 4.69 0 0.82 4.33 0.57 0 0.39 2.41 0 0.72 2.59 1.45 2.15 0.89 1.85 1.85 0.5 0 3.39 1.36 0.51 1.14 2.71 0 0.68 1.52 4.69 0 0 0.72 3.17 0.68 1.23 0.58 1.13 0.73 0.74 0.65 0 0.55 2.71 0 0 1.52 2.73 0.92 1.6 0.55 3.17 2.63 1.0 0 0 1.14 2.16 2.53 0 
10 2.45 0.78 0 3.55 0.52 2.96 4.05 1.69 0.42 0.59 0.0 0 1.9 0 0 0.78 1.37 0.9 1.97 3.55 0.97 2.07 5.08 4.42 5.07 1.42 0.33 1.37 4.71 1.6 3.76 0.51 2.79 2.4 1.06 0.82 0 2.11 0.43 1.39 0.3 2.19 2.23 0 1.6 0 0.43 0 0 0.65 1.6 3.67 2.92 1.05 3.39 1.17 4.99 2.83 0 0 1.1 3.7 0 5.19 0 0.62 0 0.94 0 3.82 3.88 3.88 0.66 4.05 1.8 2.73 
11 0 0 1.68 0.65 0 0 0 1.41 0 0 0 0.0 0 1.17 0 0 2.71 0 2.83 1.69 3.2 0 5.55 0.95 0 0 0 1.21 3.2 0 2.46 0.43 1.37 4.33 3.17 1.9 0 0 0 0.98 0.48 0 0 1.0 1.49 2.16 0.9 0 0 1.96 0 2.22 1.66 0 0 1.76 2.46 2.4 0 0 2.39 0 0.85 0 0 0.27 0.12 0 2.22 3.76 3.57 2.35 0 4.61 0.78 0.52 
12 0.74 1.91 2.35 1.41 2.28 2.22 1.6 0.25 1.23 0.2 1.9 0 0.0 0 1.06 1.49 1.88 0.43 3.29 1.66 0 2.4 0 0 3.67 2.79 0.43 3.29 0 1.85 0 0.98 0.51 0.9 1.69 1.23 0 0 0.32 0 0.08 2.53 2.59 3.48 0.55 1.54 0 2.4 0 0.43 0 0.8 0.38 1.23 4.18 3.93 0.63 1.49 0 1.45 0.92 0.75 0 2.35 0 0 0.5 0.8 0.3 3.02 0 3.14 0 1.72 1.21 1.32 
13 2.79 0 0 0.7 0.28 0.63 0.48 0.74 0.47 0 0 1.17 0 0.0 2.79 1.39 5.19 0.5 3.51 1.22 1.29 1.72 2.59 0 0 3.26 2.91 0.89 3.11 0 0 6.46 0.72 1.41 0.51 0.63 1.6 1.88 2.09 0.67 4.43 3.26 1.99 4.52 4.05 1.22 0.22 0 1.79 0 3.14 0.55 0.13 0.38 0.89 7.86 7.1 0.13 0.55 3.8 0.52 4.81 3.29 5.32 0.92 0 4.69 2.28 0 0 3.42 0.5 3.39 2.22 0 0 
14 0 0 1.56 0 1.06 0 2.28 0.22 0.8 2.22 0 0 1.06 2.79 0.0 2.03 1.8 0 3.26 0 0 4.42 5.27 0 2.19 0 0 0 3.02 0 0 2.22 1.56 4.23 2.53 0.85 2.9 0 0 0 0 0 2.46 2.31 1.6 1.79 2.28 0 0 0 0.78 0 1.23 0.12 2.03 0 0 1.17 1.36 0 2.07 5.36 0.8 0 2.74 0 0.92 0 0 2.11 0.82 0 0 0 1.68 1.79 
15 1.66 0.67 1.6 1.8 0 0 0 3.55 0 0.83 0.78 0 1.49 1.39 2.03 0.0 0 0 3.76 0 0.62 0 0.62 1.99 0.97 0 1.85 0 0.47 0 1.17 0 6.21 1.41 2.53 3.29 0 0 0 1.88 0 4.71 2.96 4.33 1.84 0.8 1.98 0.92 0 1.99 7.1 0.6 0.99 0 0.28 0 0 0.25 0 0 0.78 2.92 1.97 0 0 1.84 0 0 0 0 0.99 0 0 2.16 0 0 
16 0.32 0 1.69 0.35 1.48 2.28 0.2 0 0 2.16 1.37 2.71 1.88 5.19 1.8 0 0.0 1.32 2.16 5.32 0 3.01 0.38 0 0 2.63 0 4.31 0 0 2.26 3.86 1.6 0.49 3.67 3.39 0.7 0.73 1.52 0.42 0.27 0 0.37 1.6 0 1.79 1.85 0 1.85 0.35 2.53 0.49 4.18 1.52 0 2.16 0 1.72 2.82 0 0.89 0.55 0.3 0.23 1.21 0.73 3.08 2.26 0.28 0 0.89 0 3.42 0.8 0.94 0.74 
17 0.49 0 0.7 1.13 0.25 0 0.17 1.11 0.86 2.03 0.9 0 0.43 0.5 0 0 1.32 0.0 3.29 1.13 0 0 1.91 0 2.45 3.17 0 0.4 1.09 0 0 1.97 0 0 0.66 2.79 0 0 1.6 0 0 0.57 3.2 0 0 0 1.69 0.55 0 1.29 2.66 0.1 1.29 0.98 3.2 2.09 3.11 0 1.05 0 0.83 0.63 0.94 1.79 2.59 0.52 0 0 0 0 0 2.83 0.99 0.33 0 0 
18 0 0.6 0 2.03 5.19 0.97 1.97 0 1.84 0.66 1.97 2.83 3.29 3.51 3.26 3.76 2.16 3.29 0.0 4.99 8.87 0 0 3.55 1.22 0 0 0 2.9 4.89 5.7 3.67 0 1.21 2.71 1.8 6.02 1.09 0 0.35 1.98 4.94 0 0.62 1.77 6.08 0.73 5.36 2.03 0 0.37 2.45 1.88 0.77 7.48 0.55 0 7.98 1.91 0 9.5 2.19 1.6 3.55 0 2.65 0 0 1.45 8.36 0 2.78 0.43 0 4.42 4.56 
19 0.38 5.95 2.09 2.53 0.82 0.47 1.97 0 0.66 4.69 3.55 1.69 1.66 1.22 0 0 5.32 1.13 4.99 0.0 1.33 3.67 0.83 0 6.97 2.9 1.29 1.9 0.68 1.48 0.48 0 0.67 2.46 0.23 0 0 0.55 2.16 1.33 3.01 0.97 0 0 5.19 0.82 0.47 3.29 2.82 0.83 0.78 0.57 0.2 1.04 0.49 3.45 7.6 0 3.17 0.66 2.71 3.02 0.7 4.23 1.05 0 3.04 2.28 1.09 2.77 0.67 4.05 1.79 1.64 2.16 0 
20 0 0.73 3.01 0 1.79 0.74 0 4.94 0 0 0.97 3.2 0 1.29 0 0.62 0 0 8.87 1.33 0.0 1.36 0 5.27 0 8.87 2.46 2.79 1.91 0.3 0 1.19 7.35 1.64 2.82 0 0 0.23 2.15 0 1.96 2.11 0 4.71 0 0 1.91 0 0 0 2.58 0 0 2.71 1.06 4.87 0 0.51 0 0 0.39 2.92 2.22 0 1.99 0.97 0 0.58 0 0 0.37 0.68 0.92 3.76 0 0 
21 2.54 0 0.25 0 0.86 1.22 0.38 3.48 0.55 0.82 2.07 0 2.4 1.72 4.42 0 3.01 0 0 3.67 1.36 0.0 0.3 0.6 0 2.23 2.03 2.16 0 0 0 0 0 2.26 3.42 4.81 0.17 0 4.99 4.61 0 0 0 0 0.68 0.3 2.73 0.23 0.31 0.67 1.99 2.82 0 1.76 0.6 0 3.67 0 2.9 0 0 0 0 2.73 0 0.95 3.7 0.48 1.23 0 1.36 1.6 0.78 0 0.49 1.48 
22 1.17 0 1.51 0 2.73 2.73 0 5.57 2.65 4.33 5.08 5.55 0 2.59 5.27 0.62 0.38 1.91 0 0.83 0 0.3 0.0 1.98 0 0 0 4.43 0 1.13 1.98 2.46 2.46 0.27 3.39 1.84 0.47 2.09 0 0.78 2.28 0 0.43 0.43 0.58 1.13 1.49 1.48 2.16 0 0 1.6 0 2.03 0 0.99 2.16 0 0.82 4.13 3.67 1.13 0 1.69 0.8 5.74 1.1 0.57 0 0.42 0 2.03 1.84 0 0 2.54 
23 0.52 0.74 0.98 0 0 1.72 2.07 5.57 5.95 0.57 4.42 0.95 0 0 0 1.99 0 0 3.55 0 5.27 0.6 1.98 0.0 0 2.22 0 5.57 0.43 3.86 3.01 4.89 1.66 0 3.76 6.21 0.77 0.83 0.87 0 0 0.68 0.86 0.39 1.36 3.67 5.32 3.86 2.28 0.94 2.63 1.98 4.14 3.2 2.23 0 0 0 4.05 1.15 2.27 0.55 0 0.85 2.16 0 2.46 0.6 2.54 4.23 3.57 4.99 1.56 0 0.5 1.17 
24 0 0.98 3.11 0.23 0.63 0.89 0 0.72 0.8 0 5.07 0 3.67 0 2.19 0.97 0 2.45 1.22 6.97 0 0 0 0 0.0 0.38 1.33 6.08 3.58 0 0 1.56 0.7 0.38 0 6.08 0.95 0.99 2.83 1.72 2.26 0.43 1.85 1.54 0 1.72 5.57 1.99 0 0.66 1.9 0.86 5.95 0 1.0 1.06 0 1.0 1.45 0 0 0.78 1.25 1.69 3.58 0 0 1.49 0 0 0 2.5 4.05 0.45 0 1.29 
25 3.11 5.32 0 0 1.56 0.97 0.57 0.58 3.95 0.39 1.42 0 2.79 3.26 0 0 2.63 3.17 0 2.9 8.87 2.23 0 2.22 0.38 0.0 0 0.8 0 6.46 0 1.11 0.47 1.41 5.07 2.46 2.54 8.24 0 0 2.41 2.9 0.83 0.75 0.63 1.84 0 0.99 6.72 3.29 0.13 2.54 5.7 0.63 3.39 0.85 3.76 0 2.16 0 0 1.02 4.23 4.31 7.48 0.55 2.46 1.37 3.48 6.4 4.56 0 1.69 0 3.02 4.43 
26 0 2.82 0 1.88 0.68 0.48 0 0 1.32 2.41 0.33 0 0.43 2.91 0 1.85 0 0 0 1.29 2.46 2.03 0 0 1.33 0 0.0 0.7 2.82 0.86 1.23 1.21 0.33 0.86 0 1.32 0 1.41 0.78 1.6 1.39 0.68 1.6 3.39 1.88 1.11 0.62 1.97 0.42 0 3.42 0 0.92 0.66 3.29 1.52 3.76 1.85 1.77 0 0.78 0.67 1.09 0 2.96 0.98 0.5 0.2 0.8 2.59 0.75 2.71 0.59 0 0.43 0.55 
27 1.51 1.37 2.53 4.43 1.27 0.23 0.86 1.51 0 0 1.37 1.21 3.29 0.89 0 0 4.31 0.4 0 1.9 2.79 2.16 4.43 5.57 6.08 0.8 0.7 0.0 3.29 1.01 0.55 6.08 1.49 1.13 0.89 0.99 3.04 2.41 0 3.39 0 0.77 0.73 1.6 2.22 0.76 0.49 2.41 1.32 2.65 1.76 1.02 0 2.91 1.22 3.51 0 0.2 1.85 1.29 0 1.29 2.63 4.43 0 0 0 1.52 0 0 0 1.13 0 1.13 1.23 0.92 
28 2.26 0.23 0.62 3.01 1.98 1.23 0.3 3.48 0 0.72 4.71 3.2 0 3.11 3.02 0.47 0 1.09 2.9 0.68 1.91 0 0 0.43 3.58 0 2.82 3.29 0.0 1.17 0.47 5.65 0 0.25 0.47 3.67 0 0 0.85 0.73 0 0 0 0.32 3.2 1.23 3.8 0.59 0.8 0 2.71 2.16 3.67 0.75 0 0 2.82 2.92 0.73 0 0 0.94 0.1 0.33 0 2.19 0 2.54 1.6 0 1.25 0 1.72 0.68 0 0 
29 0 0 0.99 2.22 0.68 0.23 1.23 0.94 0 2.59 1.6 0 1.85 0 0 0 0 0 4.89 1.48 0.3 0 1.13 3.86 0 6.46 0.86 1.01 1.17 0.0 0.35 0 2.46 0 1.32 3.04 0 0 0 0 0.53 2.53 0.63 2.22 0 0.25 0 0.43 0 1.6 4.42 1.02 1.52 0 1.98 7.6 0 0 0 0 0.98 0 1.36 0.53 1.64 0 0.77 0 0.59 0.86 0 0.86 1.49 0.98 0.22 0.99 
30 0 0 0 0 0 0.8 0.74 3.17 2.79 1.45 3.76 2.46 0 0 0 1.17 2.26 0 5.7 0.48 0 0 1.98 3.01 0 0 1.23 0.55 0.47 0.35 0.0 0 3.2 0 1.41 2.45 0.74 0.33 0.67 3.39 0.45 0 1.17 0 1.91 0 0.28 0.22 0.27 0.55 2.53 0 0.99 0.55 1.72 2.15 2.28 0.86 3.2 2.83 0 0 0.55 2.16 3.29 0.73 2.96 0.27 0.49 0.38 0 1.6 4.31 0.63 0.37 0.68 
31 2.28 0 0.83 1.97 5.45 0 0 0 0.65 2.15 0.51 0.43 0.98 6.46 2.22 0 3.86 1.97 3.67 0 1.19 0 2.46 4.89 1.56 1.11 1.21 6.08 5.65 0 0 0.0 1.48 2.9 0.67 3.29 0 0 0.7 0.27 3.29 2.39 1.07 3.57 1.13 1.92 0.65 2.46 0 0.7 1.54 0 4.14 1.85 0 2.66 3.45 0.99 0.3 0.67 0 6.59 0 5.95 4.44 0.32 1.6 2.22 5.45 0 1.27 0 2.03 2.03 0 5.07 
32 1.36 1.21 0 0.75 0.48 4.33 0 2.63 4.18 0.89 2.79 1.37 0.51 0.72 1.56 6.21 1.6 0 0 0.67 7.35 0 2.46 1.66 0.7 0.47 0.33 1.49 0 2.46 3.2 1.48 0.0 0 1.85 0 0.89 2.07 0 1.27 0.75 0 1.52 4.31 0.31 1.41 3.93 5.95 5.19 0.3 0.12 0.59 2.16 0.55 4.33 1.23 0 0 1.17 0 8.11 1.92 3.11 2.91 4.52 0.53 0 3.17 0 5.27 2.42 3.7 0.86 0.48 0.62 1.48 
33 1.6 0.75 0.94 0.99 0 2.82 0.75 2.92 2.03 1.85 2.4 4.33 0.9 1.41 4.23 1.41 0.49 0 1.21 2.46 1.64 2.26 0.27 0 0.38 1.41 0.86 1.13 0.25 0 0 2.9 0 0.0 0.43 0 3.11 3.39 0 1.21 1.98 1.69 1.69 0 0 1.48 0.47 0 0 0 2.73 0 0 2.46 0 0 1.88 2.4 0.57 5.27 0 0 0.35 0.23 2.45 1.84 0.89 0 0.74 0.57 1.76 3.76 1.25 0.47 0 0.27 
34 0.62 4.18 1.17 2.73 0.89 1.23 1.11 0.17 0.66 1.85 1.06 3.17 1.69 0.51 2.53 2.53 3.67 0.66 2.71 0.23 2.82 3.42 3.39 3.76 0 5.07 0 0.89 0.47 1.32 1.41 0.67 1.85 0.43 0.0 0.43 1.17 0.43 2.45 2.63 0 2.71 4.05 3.67 1.85 0.62 0.19 3.17 1.79 4.81 4.81 1.98 0.07 2.15 0.28 3.08 1.8 0.74 0.86 0.52 4.81 0 3.55 2.92 6.21 2.82 4.05 0.63 1.65 1.41 3.29 4.56 2.35 1.72 2.79 0.94 
35 2.28 0.72 3.8 2.09 0 0.5 1.06 0.47 0.47 0.5 0.82 1.9 1.23 0.63 0.85 3.29 3.39 2.79 1.8 0 0 4.81 1.84 6.21 6.08 2.46 1.32 0.99 3.67 3.04 2.45 3.29 0 0 0.43 0.0 3.76 2.16 0 3.29 2.35 5.08 2.07 6.21 0 0 0 1.37 1.79 0 2.46 0 0.47 0.43 1.9 4.61 0.92 1.54 0.3 1.88 0 1.84 0 1.56 1.0 0.33 0 0.47 0 0.77 0.72 0.75 1.36 1.49 4.18 0 
36 2.03 3.2 0.4 2.96 0 0.39 0 5.07 1.37 0 0 0 0 1.6 2.9 0 0.7 0 6.02 0 0 0.17 0.47 0.77 0.95 2.54 0 3.04 0 0 0.74 0 0.89 3.11 1.17 3.76 0.0 0 3.45 2.15 0 0.7 0 2.4 0 1.23 0.53 0.37 0.74 3.08 2.35 1.49 1.09 0.78 3.11 0 0 0.78 3.14 0 0.68 0 1.6 2.4 0 0 1.04 0 0 0.43 0.2 0.12 0.89 2.82 0 1.17 
37 1.97 3.58 0.43 0 0 0 2.03 4.56 1.17 3.39 2.11 0 0 1.88 0 0 0.73 0 1.09 0.55 0.23 0 2.09 0.83 0.99 8.24 1.41 2.41 0 0 0.33 0 2.07 3.39 0.43 2.16 0 0.0 3.2 0 0.77 0.8 0 0 1.99 0.7 2.63 0 0.8 3.26 0 0 2.16 0 3.29 2.89 3.33 0.22 0 0.83 0.68 0.98 2.82 2.59 0 3.39 0.95 0 1.72 0 0 0.62 0.85 3.2 1.88 0 
38 1.02 0.83 3.86 0 1.91 0 0 0.99 0 1.36 0.43 0 0.32 2.09 0 0 1.52 1.6 0 2.16 2.15 4.99 0 0.87 2.83 0 0.78 0 0.85 0 0.67 0.7 0 0 2.45 0 3.45 3.2 0.0 0 1.42 0 3.76 3.45 1.21 2.22 0.94 0.85 0 2.71 1.29 1.97 1.72 0.74 1.25 0 0 2.59 0 0 2.5 0 4.61 0 0 0 0 0 1.33 0 0 3.82 0.8 0 0 0 
39 0.86 0 0 0.28 3.67 0 1.6 0 3.67 0.51 1.39 0.98 0 0.67 0 1.88 0.42 0 0.35 1.33 0 4.61 0.78 0 1.72 0 1.6 3.39 0.73 0 3.39 0.27 1.27 1.21 2.63 3.29 2.15 0 0 0.0 0 1.8 4.52 0 1.41 4.56 1.06 0 2.59 0.47 1.9 1.98 4.05 0.42 0 0 0.7 2.96 0.62 1.56 2.54 0.9 2.46 1.91 2.23 0.37 1.79 0.38 0.47 2.31 0 0 0.47 0.6 2.53 1.54 
40 1.32 2.73 0 0.17 1.98 2.4 0.99 2.53 1.54 1.14 0.3 0.48 0.08 4.43 0 0 0.27 0 1.98 3.01 1.96 0 2.28 0 2.26 2.41 1.39 0 0 0.53 0.45 3.29 0.75 1.98 0 2.35 0 0.77 1.42 0 0.0 3.48 0.65 1.33 0.35 2.63 2.79 1.56 0 2.66 2.03 1.39 0.43 0 0.63 0.47 3.2 0.68 0.86 2.59 0.95 0 0 0.86 1.84 0 0 2.15 2.28 1.96 3.39 0.89 0.68 1.6 1.21 0.99 
41 1.41 0.43 0.42 0.48 3.48 2.65 0 1.96 1.99 2.71 2.19 0 2.53 3.26 0 4.71 0 0.57 4.94 0.97 2.11 0 0 0.68 0.43 2.9 0.68 0.77 0 2.53 0 2.39 0 1.69 2.71 5.08 0.7 0.8 0 1.8 3.48 0.0 0 0.07 1.25 0 0.77 3.58 2.22 0.35 2.4 1.06 2.83 0 5.65 3.26 0 0.89 0 0 4.99 0.43 0.7 1.41 0 1.09 0 1.6 1.17 0 2.11 0 0 0.63 1.09 0 
42 3.39 0.17 1.48 1.91 0 3.76 2.45 0.83 3.08 0 2.23 0 2.59 1.99 2.46 2.96 0.37 3.2 0 0 0 0 0.43 0.86 1.85 0.83 1.6 0.73 0 0.63 1.17 1.07 1.52 1.69 4.05 2.07 0 0 3.76 4.52 0.65 0 0.0 0 0 0 5.7 1.37 3.11 2.26 0.7 2.63 5.7 0 0 3.45 0.23 4.8 4.89 0 4.71 0.86 0.63 1.51 0.35 0 2.78 2.53 1.13 0 4.8 4.14 0.83 0.92 0 2.03 
43 0.52 0.56 0 2.45 1.29 1.52 0 0.77 2.83 0.68 0 1.0 3.48 4.52 2.31 4.33 1.6 0 0.62 0 4.71 0 0.43 0.39 1.54 0.75 3.39 1.6 0.32 2.22 0 3.57 4.31 0 3.67 6.21 2.4 0 3.45 0 1.33 0.07 0 0.0 0.48 3.29 0 0 3.01 0 0 2.16 0.7 0.9 2.15 6.46 0.43 0 4.42 0 4.71 0 0 0.18 0.23 0 1.12 1.45 2.45 0 0 1.76 4.23 0.47 0 2.82 
44 0 2.45 1.6 0.28 0 0 0 3.67 1.33 1.52 1.6 1.49 0.55 4.05 1.6 1.84 0 0 1.77 5.19 0 0.68 0.58 1.36 0 0.63 1.88 2.22 3.2 0 1.91 1.13 0.31 0 1.85 0 0 1.99 1.21 1.41 0.35 1.25 0 0.48 0.0 0 0 0.72 0 1.22 0 1.13 0.57 0 5.83 2.26 0.45 1.88 2.79 1.99 0 4.14 0.48 1.69 1.68 0 2.65 2.26 0 0 1.0 2.23 0.3 0 1.29 0.82 
45 0 0 1.32 0 0 0 0.28 0.78 1.41 4.69 0 2.16 1.54 1.22 1.79 0.8 1.79 0 6.08 0.82 0 0.3 1.13 3.67 1.72 1.84 1.11 0.76 1.23 0.25 0 1.92 1.41 1.48 0.62 0 1.23 0.7 2.22 4.56 2.63 0 0 3.29 0 0.0 1.13 0 0 3.58 0.72 0.37 0.13 1.06 0.33 7.1 1.72 0.59 3.93 2.4 0 2.54 1.36 1.17 0 0 0 0.22 0.47 0 1.66 0 2.03 0 0.55 0 
46 0 3.29 0 1.17 0.15 0.37 0.32 0.13 0 0 0.43 0.9 0 0.22 2.28 1.98 1.85 1.69 0.73 0.47 1.91 2.73 1.49 5.32 5.57 0 0.62 0.49 3.8 0 0.28 0.65 3.93 0.47 0.19 0 0.53 2.63 0.94 1.06 2.79 0.77 5.7 0 0 1.13 0.0 3.42 1.98 3.67 2.34 2.79 0.47 0.59 0.99 4.61 2.96 2.53 2.66 0 0 1.52 0 0 6.46 0 2.82 0.56 0.25 0.63 4.69 0.62 3.04 3.8 0.4 0.47 
47 0 2.63 1.05 1.6 0.33 0 1.54 4.43 3.8 0 0 0 2.4 0 0 0.92 0 0.55 5.36 3.29 0 0.23 1.48 3.86 1.99 0.99 1.97 2.41 0.59 0.43 0.22 2.46 5.95 0 3.17 1.37 0.37 0 0.85 0 1.56 3.58 1.37 0 0.72 0 3.42 0.0 0 2.71 4.99 1.91 0 0 3.93 4.19 0 1.17 2.83 0 1.05 1.51 1.23 1.29 0 0 3.51 1.66 1.29 0.68 0 0.8 0 0 1.04 1.48 
48 0.78 1.02 0.51 0 0.55 0.43 1.17 2.73 3.17 0.72 0 0 0 1.79 0 0 1.85 0 2.03 2.82 0 0.31 2.16 2.28 0 6.72 0.42 1.32 0.8 0 0.27 0 5.19 0 1.79 1.79 0.74 0.8 0 2.59 0 2.22 3.11 3.01 0 0 1.98 0 0.0 0.65 6.08 1.6 0.7 2.22 0 1.04 0.7 0 1.52 0 0 1.79 1.69 0 2.22 3.02 0.85 0 0.25 0.66 0 0 0 0 0.75 0.28 
49 0 1.69 1.02 0 1.29 0 1.98 3.67 0.72 3.17 0.65 1.96 0.43 0 0 1.99 0.35 1.29 0 0.83 0 0.67 0 0.94 0.66 3.29 0 2.65 0 1.6 0.55 0.7 0.3 0 4.81 0 3.08 3.26 2.71 0.47 2.66 0.35 2.26 0 1.22 3.58 3.67 2.71 0.65 0.0 2.28 1.6 2.59 2.9 0.92 4.05 0 2.11 4.43 1.05 0 3.76 0.98 0.68 3.11 0.82 0 2.03 0.43 3.08 3.76 2.23 3.93 0.78 3.11 0.47 
50 0.48 2.09 0 1.52 0 0 3.55 2.16 2.53 0.68 1.6 0 0 3.14 0.78 7.1 2.53 2.66 0.37 0.78 2.58 1.99 0 2.63 1.9 0.13 3.42 1.76 2.71 4.42 2.53 1.54 0.12 2.73 4.81 2.46 2.35 0 1.29 1.9 2.03 2.4 0.7 0 0 0.72 2.34 4.99 6.08 2.28 0.0 2.07 0 0 0 0 3.01 0 3.17 2.15 1.19 0 0.65 0.43 3.14 0 0 4.18 4.05 5.83 1.17 2.62 0.78 2.09 0 1.91 
51 0.18 1.11 0 0.39 1.51 0 0.56 2.91 3.29 1.23 3.67 2.22 0.8 0.55 0 0.6 0.49 0.1 2.45 0.57 0 2.82 1.6 1.98 0.86 2.54 0 1.02 2.16 1.02 0 0 0.59 0 1.98 0 1.49 0 1.97 1.98 1.39 1.06 2.63 2.16 1.13 0.37 2.79 1.91 1.6 1.6 2.07 0.0 1.54 0 2.34 2.22 0 0 0.38 1.88 0 3.11 1.17 1.13 3.39 1.45 0 0 0.62 2.46 0 0.75 0.35 0.25 0 0.18 
52 0.55 4.43 0 4.18 0 0.7 0.35 1.13 0.89 0.58 2.92 1.66 0.38 0.13 1.23 0.99 4.18 1.29 1.88 0.2 0 0 0 4.14 5.95 5.7 0.92 0 3.67 1.52 0.99 4.14 2.16 0 0.07 0.47 1.09 2.16 1.72 4.05 0.43 2.83 5.7 0.7 0.57 0.13 0.47 0 0.7 2.59 0 1.54 0.0 2.41 0.8 2.11 0.82 1.9 3.29 0.5 4.43 0 0.5 1.33 0 0.53 2.09 0.85 0.27 2.09 4.05 1.29 0 1.85 0.37 1.77 
53 1.36 0 0.6 0 0.4 0 0.52 0.75 0 1.13 1.05 0 1.23 0.38 0.12 0 1.52 0.98 0.77 1.04 2.71 1.76 2.03 3.2 0 0.63 0.66 2.91 0.75 0 0.55 1.85 0.55 2.46 2.15 0.43 0.78 0 0.74 0.42 0 0 0 0.9 0 1.06 0.59 0 2.22 2.9 0 0 2.41 0.0 1.23 0 0 1.91 0 0.27 0 2.11 4.14 2.71 4.0 0.22 0 0.7 0 2.07 0 0.87 1.23 0 3.67 1.54 
54 2.54 1.88 3.2 5.83 0.37 3.04 0.57 2.41 0.74 0.73 3.39 0 4.18 0.89 2.03 0.28 0 3.2 7.48 0.49 1.06 0.6 0 2.23 1.0 3.39 3.29 1.22 0 1.98 1.72 0 4.33 0 0.28 1.9 3.11 3.29 1.25 0 0.63 5.65 0 2.15 5.83 0.33 0.99 3.93 0 0.92 0 2.34 0.8 1.23 0.0 0 0 0.86 3.11 0 1.45 0.77 3.95 0.8 7.98 3.11 3.01 2.79 1.85 1.56 0.55 0 0 0.72 0.57 1.06 
55 1.64 0 0.85 2.54 0.82 4.13 1.64 2.71 1.99 0.74 1.17 1.76 3.93 7.86 0 0 2.16 2.09 0.55 3.45 4.87 0 0.99 0 1.06 0.85 1.52 3.51 0 7.6 2.15 2.66 1.23 0 3.08 4.61 0 2.89 0 0 0.47 3.26 3.45 6.46 2.26 7.1 4.61 4.19 1.04 4.05 0 2.22 2.11 0 0 0.0 0 8.74 3.93 0 1.42 2.7 0 2.53 8.24 2.46 0 0 4.33 3.01 5.11 7.62 1.02 0 2.27 5.57 
56 0 0 2.82 1.54 0 4.61 2.63 0 6.59 0.65 4.99 2.46 0.63 7.1 0 0 0 3.11 0 7.6 0 3.67 2.16 0 0 3.76 3.76 0 2.82 0 2.28 3.45 0 1.88 1.8 0.92 0 3.33 0 0.7 3.2 0 0.23 0.43 0.45 1.72 2.96 0 0.7 0 3.01 0 0.82 0 0 0 0.0 2.31 4.52 1.24 5.74 0 2.26 1.32 0 0 0 2.59 0 2.96 1.04 0.94 0.75 1.29 0.57 0 
57 1.09 0.72 2.73 0 0.35 0.74 0.53 3.42 1.23 0 2.83 2.4 1.49 0.13 1.17 0.25 1.72 0 7.98 0 0.51 0 0 0 1.0 0 1.85 0.2 2.92 0 0.86 0.99 0 2.4 0.74 1.54 0.78 0.22 2.59 2.96 0.68 0.89 4.8 0 1.88 0.59 2.53 1.17 0 2.11 0 0 1.9 1.91 0.86 8.74 2.31 0.0 0 0 0 3.29 0 1.76 0 0 2.77 0 1.06 1.66 0.74 0 0.73 0 0 1.6 
58 0 1.64 1.33 1.48 2.35 1.64 1.02 0.23 0.35 0.55 0 0 0 0.55 1.36 0 2.82 1.05 1.91 3.17 0 2.9 0.82 4.05 1.45 2.16 1.77 1.85 0.73 0 3.2 0.3 1.17 0.57 0.86 0.3 3.14 0 0 0.62 0.86 0 4.89 4.42 2.79 3.93 2.66 2.83 1.52 4.43 3.17 0.38 3.29 0 3.11 3.93 4.52 0 0.0 0 0 5.08 3.86 3.39 2.35 0 1.23 0 1.66 2.19 0.97 0 0.47 3.58 0 1.42 
59 0 1.05 4.71 0.87 2.34 0 0 0 0 2.71 0 0 1.45 3.8 0 0 0 0 0 0.66 0 0 4.13 1.15 0 0 0 1.29 0 0 2.83 0.67 0 5.27 0.52 1.88 0 0.83 0 1.56 2.59 0 0 0 1.99 2.4 0 0 0 1.05 2.15 1.88 0.5 0.27 0 0 1.24 0 0 0.0 2.35 0 5.55 3.7 4.93 0 0.92 0 0 0 3.45 0 0 2.27 4.99 0.67 
60 0 4.23 1.37 0.99 2.22 0.3 0 6.08 5.19 0 1.1 2.39 0.92 0.52 2.07 0.78 0.89 0.83 9.5 2.71 0.39 0 3.67 2.27 0 0 0.78 0 0 0.98 0 0 8.11 0 4.81 0 0.68 0.68 2.5 2.54 0.95 4.99 4.71 4.71 0 0 0 1.05 0 0 1.19 0 4.43 0 1.45 1.42 5.74 0 0 2.35 0.0 0.47 3.48 0 0.82 2.62 0 2.59 2.34 0 0.25 0.31 2.46 0.7 1.09 0 
61 3.2 0.35 1.23 3.86 0 0 0 0.77 0.72 0 3.7 0 0.75 4.81 5.36 2.92 0.55 0.63 2.19 3.02 2.92 0 1.13 0.55 0.78 1.02 0.67 1.29 0.94 0 0 6.59 1.92 0 0 1.84 0 0.98 0 0.9 0 0.43 0.86 0 4.14 2.54 1.52 1.51 1.79 3.76 0 3.11 0 2.11 0.77 2.7 0 3.29 5.08 0 0.47 0.0 0.25 2.63 1.29 0 0 3.48 0.45 0.86 2.82 0 0 1.23 0 2.92 
62 1.36 0.49 0 2.45 0.82 1.54 0.23 0 3.29 1.52 0 0.85 0 3.29 0.8 1.97 0.3 0.94 1.6 0.7 2.22 0 0 0 1.25 4.23 1.09 2.63 0.1 1.36 0.55 0 3.11 0.35 3.55 0 1.6 2.82 4.61 2.46 0 0.7 0.63 0 0.48 1.36 0 1.23 1.69 0.98 0.65 1.17 0.5 4.14 3.95 0 2.26 0 3.86 5.55 3.48 0.25 0.0 0 0.35 3.26 5.46 0.43 0.92 0 0.62 1.25 0 0 0 1.17 
63 2.07 0 0.63 0 0 0 0 0.6 3.58 2.73 5.19 0 2.35 5.32 0 0 0.23 1.79 3.55 4.23 0 2.73 1.69 0.85 1.69 4.31 0 4.43 0.33 0.53 2.16 5.95 2.91 0.23 2.92 1.56 2.4 2.59 0 1.91 0.86 1.41 1.51 0.18 1.69 1.17 0 1.29 0 0.68 0.43 1.13 1.33 2.71 0.8 2.53 1.32 1.76 3.39 3.7 0 2.63 0 0.0 0 1.96 3.39 0 0 2.4 0 0 2.03 0.85 0.37 0.35 
64 2.65 0 1.79 0 3.95 0 2.09 7.22 3.45 0.92 0 0 0 0.92 2.74 0 1.21 2.59 0 1.05 1.99 0 0.8 2.16 3.58 7.48 2.96 0 0 1.64 3.29 4.44 4.52 2.45 6.21 1.0 0 0 0 2.23 1.84 0 0.35 0.23 1.68 0 6.46 0 2.22 3.11 3.14 3.39 0 4.0 7.98 8.24 0 0 2.35 4.93 0.82 1.29 0.35 0 0.0 0 0 0.78 2.22 1.37 3.14 4.14 2.27 0.37 2.73 3.76 
65 0 0 4.33 0 2.16 0 2.4 2.53 2.35 1.6 0.62 0.27 0 0 0 1.84 0.73 0.52 2.65 0 0.97 0.95 5.74 0 0 0.55 0.98 0 2.19 0 0.73 0.32 0.53 1.84 2.82 0.33 0 3.39 0 0.37 0 1.09 0 0 0 0 0 0 3.02 0.82 0 1.45 0.53 0.22 3.11 2.46 0 0 0 0 2.62 0 3.26 1.96 0 0.0 0 1.72 0 2.58 3.94 2.54 0.7 4.8 0.83 1.33 
66 0 0 4.71 0 0 3.2 2.71 2.91 1.06 0.55 0 0.12 0.5 4.69 0.92 0 3.08 0 0 3.04 0 3.7 1.1 2.46 0 2.46 0.5 0 0 0.77 2.96 1.6 0 0.89 4.05 0 1.04 0.95 0 1.79 0 0 2.78 1.12 2.65 0 2.82 3.51 0.85 0 0 0 2.09 0 3.01 0 0 2.77 1.23 0.92 0 0 5.46 3.39 0 0 0.0 0 0 1.14 1.07 0 1.54 2.19 5.08 2.34 
67 0.08 2.82 1.69 0 0 0 0 0.35 0.62 3.17 0.94 0 0.8 2.28 0 0 2.26 0 0 2.28 0.58 0.48 0.57 0.6 1.49 1.37 0.2 1.52 2.54 0 0.27 2.22 3.17 0 0.63 0.47 0 0 0 0.38 2.15 1.6 2.53 1.45 2.26 0.22 0.56 1.66 0 2.03 4.18 0 0.85 0.7 2.79 0 2.59 0 0 0 2.59 3.48 0.43 0 0.78 1.72 0 0.0 0 2.34 2.4 0.65 0 2.35 0.37 0.12 
68 0 0.32 0.12 0.78 0 0 0.2 1.23 1.88 2.63 0 2.22 0.3 0 0 0 0.28 0 1.45 1.09 0 1.23 0 2.54 0 3.48 0.8 0 1.6 0.59 0.49 5.45 0 0.74 1.65 0 0 1.72 1.33 0.47 2.28 1.17 1.13 2.45 0 0.47 0.25 1.29 0.25 0.43 4.05 0.62 0.27 0 1.85 4.33 0 1.06 1.66 0 2.34 0.45 0.92 0 2.22 0 0 0 0.0 0 0 0 3.42 1.32 1.22 0 
69 0 0 0 0 0 0 0 5.83 0 1.0 3.82 3.76 3.02 0 2.11 0 0 0 8.36 2.77 0 0 0.42 4.23 0 6.4 2.59 0 0 0.86 0.38 0 5.27 0.57 1.41 0.77 0.43 0 0 2.31 1.96 0 0 0 0 0 0.63 0.68 0.66 3.08 5.83 2.46 2.09 2.07 1.56 3.01 2.96 1.66 2.19 0 0 0.86 0 2.4 1.37 2.58 1.14 2.34 0 0.0 0.63 0.55 2.23 1.85 0 0.57 
70 0 0 2.09 2.27 2.09 0 0 2.71 4.81 0 3.88 3.57 0 3.42 0.82 0.99 0.89 0 0 0.67 0.37 1.36 0 3.57 0 4.56 0.75 0 1.25 0 0 1.27 2.42 1.76 3.29 0.72 0.2 0 0 0 3.39 2.11 4.8 0 1.0 1.66 4.69 0 0 3.76 1.17 0 4.05 0 0.55 5.11 1.04 0.74 0.97 3.45 0.25 2.82 0.62 0 3.14 3.94 1.07 2.4 0 0.63 0.0 0 2.35 0 1.72 0 
71 2.4 0 2.92 0 0 0 2.34 0 1.56 0 3.88 2.35 3.14 0.5 0 0 0 2.83 2.78 4.05 0.68 1.6 2.03 4.99 2.5 0 2.71 1.13 0 0.86 1.6 0 3.7 3.76 4.56 0.75 0.12 0.62 3.82 0 0.89 0 4.14 1.76 2.23 0 0.62 0.8 0 2.23 2.62 0.75 1.29 0.87 0 7.62 0.94 0 0 0 0.31 0 1.25 0 4.14 2.54 0 0.65 0 0.55 0 0.0 0 0 0.4 0 
72 2.53 2.46 2.09 0.78 0 0 0.43 2.28 0.98 1.14 0.66 0 0 3.39 0 0 3.42 0.99 0.43 1.79 0.92 0.78 1.84 1.56 4.05 1.69 0.59 0 1.72 1.49 4.31 2.03 0.86 1.25 2.35 1.36 0.89 0.85 0.8 0.47 0.68 0 0.83 4.23 0.3 2.03 3.04 0 0 3.93 0.78 0.35 0 1.23 0 1.02 0.75 0.73 0.47 0 2.46 0 0 2.03 2.27 0.7 1.54 0 3.42 2.23 2.35 0 0.0 3.39 0 2.16 
73 0.33 0.31 0.15 0 0 0.47 0.18 2.09 2.16 2.16 4.05 4.61 1.72 2.22 0 2.16 0.8 0.33 0 1.64 3.76 0 0 0 0.45 0 0 1.13 0.68 0.98 0.63 2.03 0.48 0.47 1.72 1.49 2.82 3.2 0 0.6 1.6 0.63 0.92 0.47 0 0 3.8 0 0 0.78 2.09 0.25 1.85 0 0.72 0 1.29 0 3.58 2.27 0.7 1.23 0 0.85 0.37 4.8 2.19 2.35 1.32 1.85 0 0 3.39 0.0 0.8 1.69 
74 0 1.69 0 1.91 0 0 0 3.93 0.48 2.53 1.8 0.78 1.21 0 1.68 0 0.94 0 4.42 2.16 0 0.49 0 0.5 0 3.02 0.43 1.23 0 0.22 0.37 0 0.62 0 2.79 4.18 0 1.88 0 2.53 1.21 1.09 0 0 1.29 0.55 0.4 1.04 0.75 3.11 0 0 0.37 3.67 0.57 2.27 0.57 0 0 4.99 1.09 0 0 0.37 2.73 0.83 5.08 0.37 1.22 0 1.72 0.4 0 0.8 0.0 0 
75 0 1.42 0.18 0 0.2 1.36 0.12 0 1.05 0 2.73 0.52 1.32 0 1.79 0 0.74 0 4.56 0 0 1.48 2.54 1.17 1.29 4.43 0.55 0.92 0 0.99 0.68 5.07 1.48 0.27 0.94 0 1.17 0 0 1.54 0.99 0 2.03 2.82 0.82 0 0.47 1.48 0.28 0.47 1.91 0.18 1.77 1.54 1.06 5.57 0 1.6 1.42 0.67 0 2.92 1.17 0.35 3.76 1.33 2.34 0.12 0 0.57 0 0 2.16 1.69 0 0.0 

;