set O:= 0;
set N:= 1 2 3 4 5 6 7 8 9 10 11 12 13 14 15 16 17 18 19 20 21 22 23 24 25 26 27 28 29 30 31 32 33 34 35 36 37 38 39 40 41 42 43 44 45 46 47 48 49 50 51 52 53 54;
set K:= 1 2 3 4 5 6 7;
param V:= 7;
param cp:= 170;
param dm:= 2.0;
param o:=
0 0
1 18
2 26
3 11
4 30
5 21
6 19
7 15
8 16
9 29
10 26
11 37
12 16
13 12
14 31
15 8
16 19
17 20
18 13
19 15
20 22
21 28
22 12
23 6
24 27
25 14
26 18
27 17
28 29
29 13
30 22
31 25
32 28
33 27
34 19
35 10
36 12
37 14
38 24
39 16
40 33
41 15
42 11
43 18
44 17
45 21
46 27
47 19
48 20
49 5
50 22
51 12
52 19
53 22
54 16
;
param c[*,*]
: 0 1 2 3 4 5 6 7 8 9 10 11 12 13 14 15 16 17 18 19 20 21 22 23 24 25 26 27 28 29 30 31 32 33 34 35 36 37 38 39 40 41 42 43 44 45 46 47 48 49 50 51 52 53 54:=
0 0 9 4 4 5 9 2 4 5416 10 38 10 5 7944 9 7539 5 1776 8 7 13 7539 17 14 7 48 1 23 6701 6 5 27 10 3775 7 5026 9214 8935 29 10 12 26 12999 14 5 6 4 8 22 7 7 3 6 6143 39 
1 9 0 5 5107 12 15 7 11 14443 17 21 15 45 15 15 18 3 9 9 13123 20 6 3 17 11 15165 10832 16 5 11 7 22 9 1776 11915 13 12277 13721 28 15 10471 8 5 2166 5773 12 51 10110 19 3997 15 16 12638 17 22 
2 4 5 0 7 4333 6 2 7539 12 9493 11 24 6980 10 22 29 5026 10 12 19 8935 5 4467 14 9214 13 6 7222 11 18 2 17 8 2792 14 8376 8 9 11448 11 7 9 27 7 29 5055 8 19 7 15 11 4 8 13 49 
3 4 5107 7 0 10 9 4 8 12277 10 10110 22 13 17 12 41 4 2665 3553 23 15 11 9 5 4 7 4441 12638 8935 7994 8 23 7 14 42 19 10658 14 12 7 2 8 28 5773 666 12 14 36 10 2 2665 4 11915 13 16609 
4 5 12 4333 10 0 8 5 5416 6 43 12 14 6499 7 39 9 35 11 14804 9 10471 16 10471 12 17 18 3972 3611 7583 3972 3 15526 12 7 2528 6 12 9 11193 10471 30 13360 13 24 10 3 4 14 20 24 13 5777 3 17 9 
5 9 15 6 9 8 0 5773 17 36 69 17332 14 10051 7 13 2 8216 9 14 9 3350 3630 8097 32 24 23 16 6 22 7 3630 27 41 6661 14 9 11 2 13 19 10889 62 14443 28 12 4 9 2 1954 13 12 9 8 13 8666 
6 2 7 2 4 5 5773 0 6 17 22 7106 8 15 12 8216 7 3 4 14 14 9 8 7 4885 7 8 4 10 6 4441 3350 9 5 1776 13 7 7 7328 9 12 7 6 5773 5 4 12 8 5551 4219 4663 6217 1332 8 14 14 
7 4 11 7539 8 5416 17 6 0 2528 9027 26 17 5 9 4 7818 7 10 11 3 10889 41 12285 12285 13 14 3 23 41 8 6980 12 31 28 4 6 11168 10051 9 8 5584 17 16 14 8097 9 3 9772 32 44 20 5107 17 9 6860 
8 5416 14443 12 12277 6 36 17 2528 0 23 10 7 14 5 9 8 13 10 21 10 12 13 31 16971 19 61 20 4 13 7 7944 16 11915 24 10 7 16 14 8 10471 18 23 36 33 15 22 2 10832 9027 17 30 9388 2528 4 9 
9 10 17 9493 10 43 69 22 9027 23 0 7 13 5 16 12999 36 20 5777 8 13360 27 17 12844 15 9 5 6860 14 15 15165 13 6138 2528 27 22 12 25 19859 7944 1444 3250 64 18 19 4333 13360 11 20 31 9027 8 9 14 42 18 
10 38 21 11 10110 12 17332 7106 26 10 7 0 6 5416 14 10 34 10 10 23 10110 42 30 15077 16971 14443 17 8 16 13960 59 45 6 7944 35 12 9 21 78 2528 3972 7 40 41 19 19 13 10 23 18 16 19 6439 45 6138 52 
11 10 15 24 22 14 14 8 17 7 13 6 0 8 14 3 11 9770 9 12844 20 14519 16 16473 32 15 17 6 14 58 12 11168 19 39 10214 9027 4188 17 17 3 36 16 22 22 34 42 12638 10 14 14 56 11 7994 19 2 9 
12 5 45 6980 13 6499 10051 15 5 14 5 5416 8 0 11 30 42 18 3 5773 15 15 44 12 13 6439 7944 3 9388 10 8376 7 11 4 10 26 11 13 12 11 4 1 59 61 13360 4 18 6 10889 10 6 4 6 9 5584 11915 
13 7944 15 10 17 7 7 12 9 5 16 14 14 11 0 7944 3972 14804 12 41 19 15 20 30 18 20 38 8305 2528 48 5 8 18415 17 16 6 7 19 29 25 16 12638 38 23 69 62 19 5 8 27 18 37 13 3 9 2528 
14 9 15 22 12 39 13 8216 4 9 12999 10 3 30 7944 0 9214 41 11 14798 3 15 13123 15636 20 63 16 6 9 55 9 11 12999 45 9992 7222 10 13123 12 5 14 9 22 70 66 46 10471 6499 12 13 16 26 10 14 4 5777 
15 7539 18 29 41 9 2 7 7818 8 36 34 11 42 3972 9214 0 12 12 27 7 2792 7 13 37 26 22 8376 4 10 3 5305 24 10880 16 7222 7259 4 3 12 69 14 18054 69 16609 42 4694 30 4188 4 45 12435 16 12 12 7 
16 5 3 5026 4 35 8216 3 7 13 20 10 9770 18 14804 41 12 0 3109 20 9326 11 8935 8 3 3 25 5 12277 7 7 6701 36 15 7 10471 32 19 20 35 6 4 5 6 3775 3 42 22 10 6661 4 4441 7 11915 35 17 
17 1776 9 10 2665 11 9 4 10 10 5777 10 9 3 12 11 12 3109 0 5773 10 14 10 35 11 5773 9027 2 10 16 9 6 23 3 4 8 6143 14 11 7259 6 1 15 12277 11 3 9 26 18 8 19 4663 2 15 28 49 
18 8 9 12 3553 14804 14 14 11 21 8 23 12844 5773 41 14798 27 20 5773 0 59 15543 15 13 6217 12 4 7 18 52 46 12564 10471 3 14 32 16 57 16 14 8 19 8660 9 9 3109 17332 18 51 14 4 3 23 22 26 21303 
19 7 13123 19 23 9 9 14 3 10 13360 10110 20 15 19 3 7 9326 10 59 0 12 44 16 15 15356 34 12 5416 13 13 9 15 12 18 6 2 11 10 26 15 36 18 16 15 11448 9 5 39 34 16 15 8 5 12 6 
20 13 20 8935 15 10471 3350 9 10889 12 27 42 14519 15 15 15 2792 11 14 15543 12 0 25 12 20220 18 25275 11168 7944 35 10 8 51 12879 19 43 10 4 7 61 21 56 39 18 18054 16 9 22 4 7 13 18 11 9 12285 12 
21 7539 6 5 11 16 3630 8 41 13 17 30 16 44 20 13123 7 8935 10 15 44 25 0 6 13 15 32 37 33 3 4 4 20 13 6701 9749 10610 3 5 14798 13681 12 9 9 8 14 8 42 3 4 14 28 8376 9 25 14 
22 17 3 4467 9 10471 8097 7 12285 31 12844 15077 16473 12 30 15636 13 8 35 13 16 12 6 0 5863 11 14 10 12638 3 16 5863 35 45 6 52 16 10 38 18 16 41 4 6 6 12 21 17 27 6422 9 12 29 13 29 18 
23 14 17 14 5 12 32 4885 12285 16971 15 16971 32 13 18 20 37 3 11 6217 15 20220 13 5863 0 3 26 14 15887 9 14804 8935 18776 12 4 58 13681 21 23 29 13 12 16 20 7 20 14082 15165 14804 53 2220 25 4663 64 14519 26 
24 7 11 9214 4 17 24 7 13 19 9 14443 15 6439 20 63 26 3 5773 12 15356 18 15 11 3 0 9 15 17332 10610 13 11 18 5 6 16 13402 25 26 12844 20 21 7 27 22 3 32 15887 45 11 1554 3331 10 16971 17 24 
25 48 15165 13 7 18 23 8 14 61 5 17 17 7944 38 16 22 25 9027 4 34 25275 32 14 26 9 0 11 19 16 18415 13 13 5 16 14443 29 29 23470 14 5 6860 34 20 18 7 21 14 24 19137 9388 3 24 16248 27 40 
26 1 10832 6 4441 3972 16 4 3 20 6860 8 6 3 8305 6 8376 5 2 7 12 11168 37 10 14 15 11 0 8 8376 25 5584 14 5 10 4 16 13 40 22 25 2443 19 30 12999 4441 6499 7 8935 14 7 5995 3 11 19 9388 
27 23 16 7222 12638 3611 6 10 23 4 14 16 14 9388 2528 9 4 12277 10 18 5416 7944 33 12638 15887 17332 19 8 0 9388 2889 6 17332 17 13 2528 12 8666 6860 12 52 10 18 18 19 26 2166 6 6860 20 31 20 12 1 8305 19 
28 6701 5 11 8935 7583 22 6 41 13 15 13960 58 10 48 55 10 7 16 52 13 35 3 3 9 10610 16 8376 9388 0 21 7 16752 12 5 11 44 5 8 18 15 11 7 6 7 9493 29 10832 8 15 9 49 6422 10471 16 14 
29 6 11 18 7994 3972 7 4441 8 7 15165 59 12 8376 5 9 3 7 9 46 13 10 4 16 14804 13 18415 25 2889 21 0 10 19 18 6 20 6701 5 4 11 16 18 59 17 52 9 1444 6 12 2 36 42 23 4333 11 30 
30 5 7 2 8 3 3630 3350 6980 7944 13 45 11168 7 8 11 5305 6701 6 12564 9 8 4 5863 8935 11 13 5584 6 7 10 0 14 38 5 22 29 21 11 22 40 8 10 17 8 35 4 7 7 8 12 23 6 12 18 20 
31 27 22 17 23 15526 27 9 12 16 6138 6 19 11 18415 12999 24 36 23 10471 15 51 20 35 18776 18 13 14 17332 16752 19 14 0 17 42 16 51 31 27 26 6 9388 44 29 84 13 22 16 91 21 17 18 8 64 10832 18 
32 10 9 8 7 12 41 5 31 11915 2528 7944 39 4 17 45 10880 15 3 3 12 12879 13 45 12 5 5 5 17 12 18 38 17 0 5 22 9 13 15 8 3611 7 8 11 7550 2 16 11193 10436 9104 4 2 4 25 18 66 
33 3775 1776 2792 14 7 6661 1776 28 24 27 35 10214 10 16 9992 16 7 4 14 18 19 6701 6 4 6 16 10 13 5 6 5 42 5 0 10 8 7328 7994 10 14 4663 3997 3997 3 5 35 11 6 5 4 6439 2 10 36 15 
34 7 11915 14 42 2528 14 13 4 10 22 12 9027 26 6 7222 7222 10471 8 32 6 43 9749 52 58 16 14443 4 2528 11 20 22 16 22 10 0 5 14 10 38 40 8 32 62 56 22 7 3 9027 27 13721 13721 30 2 6138 7 
35 5026 13 8376 19 6 9 7 6 7 12 9 4188 11 7 10 7259 32 6143 16 2 10 10610 16 13681 13402 29 16 12 44 6701 29 51 9 8 5 0 45 20 5 9388 28 60 18 13681 9 7 3 12 16 12 22 6 5 4 5416 
36 9214 12277 8 10658 12 11 7 11168 16 25 21 17 13 19 13123 4 19 14 57 11 4 3 10 21 25 29 13 8666 5 5 21 31 13 7328 14 45 0 2 15636 79 13 19 14 56 11 7222 13 1675 3350 11102 17 34 13 26 48 
37 8935 13721 9 14 9 2 7328 10051 14 19859 78 17 12 29 12 3 20 11 16 10 7 5 38 23 26 23470 40 6860 8 4 11 27 15 7994 10 20 2 0 14519 24 26 22 18 18 45 26 40 3 3630 11769 13 11 33 13 9388 
38 29 28 11448 12 11193 13 9 9 8 7944 2528 3 11 25 5 12 35 7259 14 26 61 14798 18 29 12844 14 22 12 18 11 22 26 8 10 38 5 15636 14519 0 8 6422 19 17032 15636 35 12999 11 28 14 12285 37 7106 20 3350 14 
39 10 15 11 7 10471 19 12 8 10471 1444 3972 36 4 16 14 69 6 6 8 15 21 13681 16 13 20 5 25 52 15 16 40 6 3611 14 40 9388 79 24 8 0 4 33 17332 17 22 12999 12 20 15165 11 5416 19 11554 18 15 
40 12 10471 7 2 30 10889 7 5584 18 3250 7 16 1 12638 9 14 4 1 19 36 56 12 41 12 21 6860 2443 10 11 18 8 9388 7 4663 8 28 13 26 6422 4 0 13360 18 25 2 40 7944 45 9 4663 3553 2443 10 8 15 
41 26 8 9 8 13360 62 6 17 23 64 40 22 59 38 22 18054 5 15 8660 18 39 9 4 16 7 34 19 18 7 59 10 44 8 3997 32 60 19 22 19 33 13360 0 1 2 14 14 18 13721 52 6 17 12 33 16 87 
42 12999 5 27 28 13 14443 5773 16 36 18 41 22 61 23 70 69 6 12277 9 16 18 9 6 20 27 20 30 18 6 17 17 29 11 3997 62 18 14 18 17032 17332 18 1 0 2 8 14 16248 25 11915 5329 10 6217 16248 18 21 
43 14 2166 7 5773 24 28 5 14 33 19 19 34 13360 69 66 16609 3775 11 9 15 18054 8 6 7 22 18 12999 19 7 52 8 84 7550 3 56 13681 56 18 15636 17 25 2 2 0 8 12638 15 12 11554 4 8 5107 17 30 25 
44 5 5773 29 666 10 12 4 8097 15 4333 19 42 4 62 46 42 3 3 3109 11448 16 14 12 20 3 7 4441 26 9493 9 35 13 2 5 22 9 11 45 35 22 2 14 8 8 0 12 11 19 11 2887 2 2665 14 10 16609 
45 6 12 5055 12 3 4 12 9 22 13360 13 12638 18 19 10471 4694 42 9 17332 9 9 8 21 14082 32 21 6499 2166 29 1444 4 22 16 35 7 7 7222 26 12999 12999 40 14 14 12638 12 0 17 5 4 13721 17 10 3 39 8 
46 4 51 8 14 4 9 8 3 2 11 10 10 6 5 6499 30 22 26 18 5 22 42 17 15165 15887 14 7 6 10832 6 7 16 11193 11 3 3 13 40 11 12 7944 18 16248 15 11 17 0 9749 30 56 27 7944 7 7 12 
47 8 10110 19 36 14 2 5551 9772 10832 20 23 14 10889 8 12 4188 10 18 51 39 4 3 27 14804 45 24 8935 6860 8 12 7 91 10436 6 9027 12 1675 3 28 20 45 13721 25 12 19 5 9749 0 2 9770 47 6883 8 12 11193 
48 22 19 7 10 20 1954 4219 32 9027 31 18 14 10 27 13 4 6661 8 14 34 7 4 6422 53 11 19137 14 20 15 2 8 21 9104 5 27 16 3350 3630 14 15165 9 52 11915 11554 11 4 30 2 0 17 10658 5773 8 10051 10 
49 7 3997 15 2 24 13 4663 44 17 9027 16 56 6 18 16 45 4 19 4 16 13 14 9 2220 1554 9388 7 31 9 36 12 17 4 4 13721 12 11102 11769 12285 11 4663 6 5329 4 2887 13721 56 9770 17 0 3997 3775 30 13123 22 
50 7 15 11 2665 13 12 6217 20 30 8 19 11 4 37 26 12435 4441 4663 3 15 18 28 12 25 3331 3 5995 20 49 42 23 18 2 6439 13721 22 17 13 37 5416 3553 17 10 8 2 17 27 47 10658 3997 0 20 15 14 19 
51 3 16 4 4 5777 9 1332 5107 9388 9 6439 7994 6 13 10 16 7 2 23 8 11 8376 29 4663 10 24 3 12 6422 23 6 8 4 2 30 6 34 11 7106 19 2443 12 6217 5107 2665 10 7944 6883 5773 3775 20 0 18 9 27 
52 6 12638 8 11915 3 8 8 17 2528 14 45 19 9 3 14 12 11915 15 22 5 9 9 13 64 16971 16248 11 1 10471 4333 12 64 25 10 2 5 13 33 20 11554 10 33 16248 17 14 3 7 8 8 30 15 18 0 6860 9 
53 6143 17 13 13 17 13 14 9 4 42 6138 2 5584 9 4 12 35 28 26 12 12285 25 29 14519 17 27 19 8305 16 11 18 10832 18 36 6138 4 26 13 3350 18 8 16 18 30 10 39 7 12 10051 13123 14 9 6860 0 14 
54 39 22 49 16609 9 8666 14 6860 9 18 52 9 11915 2528 5777 7 17 49 21303 6 12 14 18 26 24 40 9388 19 14 30 20 18 66 15 7 5416 48 9388 14 15 15 87 21 25 16609 8 12 11193 10 22 19 27 9 14 0 

;param cto[*,*]
: 0 1 2 3 4 5 6 7 8 9 10 11 12 13 14 15 16 17 18 19 20 21 22 23 24 25 26 27 28 29 30 31 32 33 34 35 36 37 38 39 40 41 42 43 44 45 46 47 48 49 50 51 52 53 54:=
0 0 46 44 45 39 42 43 44 40 42 42 43 40 42 43 43 41 39 48 42 44 43 43 43 48 44 39 41 42 41 40 44 42 41 40 41 44 44 42 42 40 44 44 43 41 40 44 42 41 43 43 40 40 42 43 
1 46 0 40 42 42 44 41 49 45 44 46 51 43 49 51 45 44 46 44 46 46 46 43 40 42 45 43 44 40 47 42 47 43 39 44 46 44 45 47 45 43 40 40 39 42 43 44 43 42 41 44 41 44 46 46 
2 44 40 0 46 40 41 43 43 42 44 49 46 42 46 45 42 41 41 45 44 44 40 41 42 44 45 45 41 40 41 43 47 47 40 41 43 42 42 45 44 46 42 42 42 42 40 45 41 40 42 44 40 45 44 44 
3 45 42 46 0 42 49 41 47 44 40 43 45 40 45 49 46 39 40 41 45 47 49 47 41 40 45 41 44 44 44 47 44 39 41 43 44 46 47 44 41 40 43 43 42 38 47 43 45 44 44 40 40 44 44 46 
4 39 42 40 42 0 41 40 40 40 43 43 43 41 41 43 41 42 40 45 42 43 42 43 48 45 45 40 40 42 40 43 46 43 45 39 45 42 46 43 43 42 44 48 44 46 39 39 41 40 44 48 41 43 42 42 
5 42 44 41 49 41 0 42 43 42 46 46 46 44 41 44 39 44 47 48 43 40 40 43 46 47 48 43 40 41 39 40 49 46 43 41 43 40 43 50 46 45 46 45 45 46 44 42 39 39 46 51 44 41 44 42 
6 43 41 43 41 40 42 0 42 42 42 44 48 41 43 44 47 40 40 44 44 45 42 42 42 43 44 40 42 41 41 40 49 45 39 41 43 47 44 44 42 41 46 42 46 45 41 41 42 41 42 43 39 42 43 44 
7 44 49 43 47 40 43 42 0 39 42 41 40 40 41 40 43 47 41 49 44 45 44 46 46 46 44 43 41 44 42 42 47 43 43 40 39 45 44 41 46 41 47 47 46 43 41 39 44 43 45 44 42 40 39 41 
8 40 45 42 44 40 42 42 39 0 44 42 45 41 40 40 46 48 42 46 39 47 44 46 46 46 45 40 44 48 45 42 45 44 44 39 39 44 43 46 43 42 47 47 46 44 40 42 43 42 46 45 42 39 44 40 
9 42 44 44 40 43 46 42 42 44 0 40 43 40 49 44 47 42 41 41 44 49 47 46 44 46 40 41 48 46 45 44 41 39 43 43 43 48 48 42 38 39 46 46 45 40 44 47 47 46 42 40 41 44 43 46 
10 42 46 49 43 43 46 44 41 42 40 0 40 40 48 42 46 44 42 44 43 48 47 47 46 45 42 41 44 47 45 45 40 42 45 43 42 52 47 39 40 41 48 48 51 42 48 42 47 46 45 42 43 43 41 44 
11 43 51 46 45 43 46 48 40 45 43 40 0 42 43 40 49 46 43 46 41 47 47 48 48 51 45 46 43 47 45 45 42 44 46 42 40 48 47 39 42 43 49 49 49 45 44 42 51 46 47 49 44 43 39 46 
12 40 43 42 40 41 44 41 40 41 40 40 42 0 47 43 45 41 39 42 43 46 45 45 44 43 42 39 42 48 43 46 42 40 42 41 41 50 49 41 43 39 45 45 44 40 42 45 45 44 42 45 40 42 41 44 
13 42 49 46 45 41 41 43 41 40 49 48 43 47 0 42 40 45 43 48 40 42 43 45 51 51 47 42 39 44 44 45 47 46 44 40 41 42 41 44 45 44 47 47 46 46 40 40 46 41 51 47 44 39 42 39 
14 43 51 45 49 43 44 44 40 40 44 42 40 43 42 0 44 46 43 47 43 46 46 48 48 48 50 46 46 47 47 44 44 45 46 41 39 46 49 41 44 47 49 49 48 45 43 41 49 45 47 46 44 41 39 41 
15 43 45 42 46 41 39 47 43 46 47 46 49 45 40 44 0 45 44 49 46 40 42 44 47 48 52 43 44 43 40 41 49 47 44 41 42 44 39 49 46 45 47 46 46 46 40 42 40 44 47 48 44 41 44 41 
16 41 44 41 39 42 44 40 47 48 42 44 46 41 45 46 45 0 40 42 45 51 44 42 40 44 43 46 44 46 47 42 45 41 39 43 44 45 46 45 42 41 42 42 41 40 43 43 44 43 39 41 39 44 45 50 
17 39 46 41 40 40 47 40 41 42 41 42 43 39 43 43 44 40 0 42 43 46 44 43 43 42 42 43 42 43 42 45 44 44 41 41 42 45 49 42 44 43 44 44 47 40 42 41 44 43 42 42 39 42 42 44 
18 48 44 45 41 45 48 44 49 46 41 44 46 42 48 47 49 42 42 0 47 50 51 50 43 40 44 48 51 46 47 46 43 44 43 46 46 49 49 45 42 42 45 49 44 40 46 46 48 47 45 39 42 46 46 48 
19 42 46 44 45 42 43 44 44 39 44 43 41 43 40 43 46 45 43 47 0 44 45 47 51 48 46 42 40 45 42 43 49 45 45 40 43 48 44 42 44 44 48 52 51 45 42 40 44 43 47 46 44 40 40 39 
20 44 46 44 47 43 40 45 45 47 49 48 47 46 42 46 40 51 46 50 44 0 42 45 48 49 50 45 42 43 41 42 51 48 45 43 48 40 39 48 52 47 47 51 47 48 42 43 44 41 52 50 46 46 46 43 
21 43 46 40 49 42 40 42 44 44 47 47 47 45 43 46 42 44 44 51 45 42 0 41 44 46 48 44 42 43 44 40 49 50 42 43 45 40 41 47 47 45 47 43 47 45 41 43 39 39 45 47 43 46 46 44 
22 43 43 41 47 43 43 42 46 46 46 47 48 45 45 48 44 42 43 50 47 45 41 0 42 44 51 48 44 39 43 42 49 45 41 44 46 43 44 48 46 44 44 40 40 44 43 45 42 42 43 49 42 48 47 50 
23 43 40 42 41 48 46 42 46 46 44 46 48 44 51 48 47 40 43 43 51 48 44 42 0 44 44 44 46 42 45 44 47 43 40 45 47 46 47 47 48 43 40 40 40 42 45 45 45 44 40 43 42 46 47 48 
24 48 42 44 40 45 47 43 46 46 46 45 51 43 51 48 48 44 42 40 48 49 46 44 44 0 42 44 46 45 46 49 45 41 42 49 46 48 48 46 43 42 42 43 42 40 46 46 47 46 39 40 42 46 47 49 
25 44 45 45 45 45 48 44 44 45 40 42 45 42 47 50 52 43 42 44 46 50 48 51 44 42 0 47 46 47 47 50 41 40 44 45 45 49 49 43 44 41 46 47 46 41 46 49 48 47 42 39 43 46 45 48 
26 39 43 45 41 40 43 40 43 40 41 41 46 39 42 46 43 46 43 48 42 45 44 48 44 44 47 0 41 43 42 41 43 41 42 43 40 45 44 41 41 40 45 45 44 41 41 40 44 42 47 43 40 40 41 42 
27 41 44 41 44 40 40 42 41 44 48 44 43 42 39 46 44 44 42 51 40 42 42 44 46 46 46 41 0 42 39 40 46 45 43 39 41 42 41 47 44 47 46 46 45 44 39 39 41 40 46 46 42 42 42 40 
28 42 40 40 44 42 41 41 44 48 46 47 47 48 44 47 43 46 43 46 45 43 43 39 42 45 47 43 42 0 41 40 49 45 40 43 45 45 42 47 46 44 42 41 41 44 41 43 40 40 47 46 42 43 46 49 
29 41 47 41 44 40 39 41 42 45 45 45 45 43 44 47 40 47 42 47 42 41 44 43 45 46 47 42 39 41 0 39 51 45 42 40 42 41 40 49 45 44 45 45 44 45 38 44 40 43 45 46 42 40 43 42 
30 40 42 43 47 43 40 40 42 42 44 45 45 46 45 44 41 42 45 46 43 42 40 42 44 49 50 41 40 40 39 0 51 44 45 40 42 41 41 45 44 43 44 43 43 43 39 41 40 39 44 45 41 41 44 43 
31 44 47 47 44 46 49 49 47 45 41 40 42 42 47 44 49 45 44 43 49 51 49 49 47 45 41 43 46 49 51 51 0 42 46 45 44 50 50 41 41 42 49 49 48 43 47 45 49 52 45 42 48 46 43 51 
32 42 43 47 39 43 46 45 43 44 39 42 44 40 46 45 47 41 44 44 45 48 50 45 43 41 40 41 45 45 45 44 42 0 46 43 48 47 47 47 40 39 48 45 44 39 44 43 46 45 41 39 40 44 44 46 
33 41 39 40 41 45 43 39 43 44 43 45 46 42 44 46 44 39 41 43 45 45 42 41 40 42 44 42 43 40 42 45 46 46 0 42 48 44 44 45 43 42 41 41 44 41 42 43 46 46 41 43 40 47 45 49 
34 40 44 41 43 39 41 41 40 39 43 43 42 41 40 41 41 43 41 46 40 43 43 44 45 49 45 43 39 43 40 40 45 43 42 0 40 43 42 42 43 46 46 46 45 43 40 38 42 41 45 45 42 38 41 41 
35 41 46 43 44 45 43 43 39 39 43 42 40 41 41 39 42 44 42 46 43 48 45 46 47 46 45 40 41 45 42 42 44 48 48 40 0 45 44 45 42 42 47 47 47 48 45 43 44 43 49 45 47 40 39 40 
36 44 44 42 46 42 40 47 45 44 48 52 48 50 42 46 44 45 45 49 48 40 40 43 46 48 49 45 42 45 41 41 50 47 44 43 45 0 39 48 48 50 45 49 45 51 41 44 39 40 47 49 45 43 46 44 
37 44 45 42 47 46 43 44 44 43 48 47 47 49 41 49 39 46 49 49 44 39 41 44 47 48 49 44 41 42 40 41 50 47 44 42 44 39 0 47 47 46 46 46 46 47 41 43 40 40 47 52 45 42 45 42 
38 42 47 45 44 43 50 44 41 46 42 39 39 41 44 41 49 45 42 45 42 48 47 48 47 46 43 41 47 47 49 45 41 47 45 42 45 48 47 0 41 42 49 49 48 43 44 42 47 46 46 44 44 43 40 44 
39 42 45 44 41 43 46 42 46 43 38 40 42 43 45 44 46 42 44 42 44 52 47 46 48 43 44 41 44 46 45 44 41 40 43 43 42 48 47 41 0 43 46 46 46 40 44 43 47 45 43 40 42 44 42 49 
40 40 43 46 40 42 45 41 41 42 39 41 43 39 44 47 45 41 43 42 44 47 45 44 43 42 41 40 47 44 44 43 42 39 42 46 42 50 46 42 43 0 44 45 44 39 43 42 45 48 42 41 40 42 42 45 
41 44 40 42 43 44 46 46 47 47 46 48 49 45 47 49 47 42 44 45 48 47 47 44 40 42 46 45 46 42 45 44 49 48 41 46 47 45 46 49 46 44 0 42 38 44 49 46 45 44 42 45 43 46 52 49 
42 44 40 42 43 48 45 42 47 47 46 48 49 45 47 49 46 42 44 49 52 51 43 40 40 43 47 45 46 41 45 43 49 45 41 46 47 49 46 49 46 45 42 0 42 44 48 46 44 44 42 45 43 46 48 52 
43 43 39 42 42 44 45 46 46 46 45 51 49 44 46 48 46 41 47 44 51 47 47 40 40 42 46 44 45 41 44 43 48 44 44 45 47 45 46 48 46 44 38 42 0 43 44 49 48 44 45 48 42 45 47 48 
44 41 42 42 38 46 46 45 43 44 40 42 45 40 46 45 46 40 40 40 45 48 45 44 42 40 41 41 44 44 45 43 43 39 41 43 48 51 47 43 40 39 44 44 43 0 48 47 46 45 40 43 40 44 48 46 
45 40 43 40 47 39 44 41 41 40 44 48 44 42 40 43 40 43 42 46 42 42 41 43 45 46 46 41 39 41 38 39 47 44 42 40 45 41 41 44 44 43 49 48 44 48 0 40 44 39 45 46 42 39 43 41 
46 44 44 45 43 39 42 41 39 42 47 42 42 45 40 41 42 43 41 46 40 43 43 45 45 46 49 40 39 43 44 41 45 43 43 38 43 44 43 42 43 42 46 46 49 47 40 0 43 42 45 45 42 39 40 41 
47 42 43 41 45 41 39 42 44 43 47 47 51 45 46 49 40 44 44 48 44 44 39 42 45 47 48 44 41 40 40 40 49 46 46 42 44 39 40 47 47 45 45 44 48 46 44 43 0 39 46 47 43 46 49 43 
48 41 42 40 44 40 39 41 43 42 46 46 46 44 41 45 44 43 43 47 43 41 39 42 44 46 47 42 40 40 43 39 52 45 46 41 43 40 40 46 45 48 44 44 44 45 39 42 39 0 45 46 42 41 44 46 
49 43 41 42 44 44 46 42 45 46 42 45 47 42 51 47 47 39 42 45 47 52 45 43 40 39 42 47 46 47 45 44 45 41 41 45 49 47 47 46 43 42 42 42 45 40 45 45 46 45 0 41 41 45 46 48 
50 43 44 44 40 48 51 43 44 45 40 42 49 45 47 46 48 41 42 39 46 50 47 49 43 40 39 43 46 46 46 45 42 39 43 45 45 49 52 44 40 41 45 45 48 43 46 45 47 46 41 0 42 49 45 51 
51 40 41 40 40 41 44 39 42 42 41 43 44 40 44 44 44 39 39 42 44 46 43 42 42 42 43 40 42 42 42 41 48 40 40 42 47 45 45 44 42 40 43 43 42 40 42 42 43 42 41 42 0 42 43 45 
52 40 44 45 44 43 41 42 40 39 44 43 43 42 39 41 41 44 42 46 40 46 46 48 46 46 46 40 42 43 40 41 46 44 47 38 40 43 42 43 44 42 46 46 45 44 39 39 46 41 45 49 42 0 41 40 
53 42 46 44 44 42 44 43 39 44 43 41 39 41 42 39 44 45 42 46 40 46 46 47 47 47 45 41 42 46 43 44 43 44 45 41 39 46 45 40 42 42 52 48 47 48 43 40 49 44 46 45 43 41 0 41 
54 43 46 44 46 42 42 44 41 40 46 44 46 44 39 41 41 50 44 48 39 43 44 50 48 49 48 42 40 49 42 43 51 46 49 41 40 44 42 44 49 45 49 52 48 46 41 41 43 46 48 51 45 40 41 0 

;param d[*,*]
: 0 1 2 3 4 5 6 7 8 9 10 11 12 13 14 15 16 17 18 19 20 21 22 23 24 25 26 27 28 29 30 31 32 33 34 35 36 37 38 39 40 41 42 43 44 45 46 47 48 49 50 51 52 53 54:=
0 0.0 0 0 0 0.43 0.42 0 0 1.9 0.9 2.45 0.48 0.2 2.79 0.45 2.54 0 0.49 0 0 0.6 2.54 1.17 1.21 0 3.11 0 1.51 2.26 0 0.23 2.28 0.37 1.05 0.62 1.69 3.11 3.01 1.6 0.86 0.55 2.22 4.56 1.21 0 0.23 0 0 1.23 0 0 0 0.55 2.07 2.54 
1 0 0.0 0.23 1.42 1.02 1.29 0.27 0 5.07 1.45 1.84 0 2.92 0 0 1.56 0 0 0 4.42 1.72 0 0 1.13 0.42 5.32 3.8 1.37 0.23 0 0 0.9 0 0.49 4.18 0 4.31 4.81 1.96 0.63 3.67 0.68 0.39 0.76 1.6 0.48 3.29 3.55 1.6 1.11 0.57 0.7 4.43 0.8 1.88 
2 0 0.23 0.0 0 1.52 0 0 2.54 1.02 3.2 0 1.68 2.35 0 1.56 1.6 1.69 0.7 0 1.33 3.01 0.25 1.51 0.98 3.11 0 0 2.53 0.62 0.99 0 0.83 0 0.94 1.17 2.82 0.4 0.43 3.86 0 0 0.42 1.48 0 1.6 1.77 0 1.05 0.51 1.02 0 0 0 0.6 3.2 
3 0 1.42 0 0.0 0.43 0 0 0 4.31 0.86 3.55 1.52 0.59 0.7 0 1.8 0.15 0.74 0.99 1.6 0 0 0 0 0 0 1.23 4.43 3.01 2.22 0 1.97 0.31 0.63 2.73 1.33 2.96 0 0.55 0.28 0 0 1.21 1.6 0.18 0 1.17 1.6 0 0 0.74 0.17 4.18 0.6 5.83 
4 0.43 1.02 1.52 0.43 0.0 0.7 0.47 1.9 0.23 2.82 0.52 1.21 2.28 0.28 2.54 0.78 2.26 0.92 5.19 0.82 3.67 1.36 3.67 0 1.49 1.56 1.39 1.27 2.66 1.39 0 5.45 0.48 0 0.89 0 1.02 0 3.93 3.67 1.98 4.69 0 2.03 0 0.12 0.15 1.23 1.32 2.03 0 2.03 0 1.48 0.37 
5 0.42 1.29 0 0 0.7 0.0 1.6 1.17 2.35 4.52 6.08 0 3.39 0.63 0.62 0 2.28 0 0 0 1.13 1.22 2.73 2.71 0.89 0.97 1.13 0.23 1.23 0.37 1.22 2.35 1.8 1.85 1.23 0 0.62 0 0 0.78 3.67 4.05 5.07 2.4 0 0 0.37 0 0.66 0 0 0 0.7 0.62 3.04 
6 0 0.27 0 0 0.47 1.6 0.0 0 1.48 0.98 1.97 0 0.66 0.48 2.28 0 0 0.17 0.53 0.53 0 0.38 0 1.36 0 0 0 0.86 0.3 1.23 1.13 0 0 0.49 1.11 0 0 2.03 0 0.43 0.27 0 1.6 0 0 1.05 0.32 1.54 1.17 1.29 1.72 0.37 0.35 0.52 0.57 
7 0 0 2.54 0 1.9 1.17 0 0.0 0.89 3.17 1.69 0.92 0 0.74 0 2.63 0 0.7 0 0 3.67 2.28 4.14 4.14 0 0.58 0 1.51 2.28 0.4 2.35 0 1.72 1.21 0.17 0.31 3.76 3.39 0.63 0 1.88 0.83 0 0 2.73 0.78 0.13 3.29 1.79 2.4 1.37 1.42 1.13 0.49 2.41 
8 1.9 5.07 1.02 4.31 0.23 2.35 1.48 0.89 0.0 1.97 0.42 0 1.23 0.47 0.8 0 0 0.86 1.84 0.66 0 0.55 2.65 5.95 0.8 3.95 1.32 0 0 0 2.79 0.65 4.18 2.03 0.66 0.47 1.37 1.17 0 3.67 1.54 1.99 3.08 2.83 1.33 1.41 0 3.8 3.17 0.72 2.53 3.29 0.89 0 0.74 
9 0.9 1.45 3.2 0.86 2.82 4.52 0.98 3.17 1.97 0.0 0.59 1.13 0.2 0 4.56 3.08 0.9 2.03 0.66 4.69 2.35 0.82 4.33 1.33 0 0.39 2.41 0 0.72 5.32 0.62 2.15 0.89 1.17 1.85 0.5 2.19 6.97 2.79 0.51 1.14 4.14 0.77 1.6 1.52 4.69 0 0.83 2.65 3.17 0.68 0.33 0.58 2.73 0.73 
10 2.45 1.84 0 3.55 0.52 6.08 1.97 1.69 0.42 0.59 0.0 0.25 1.9 0 0.9 2.9 0 0.9 1.97 3.55 3.57 2.07 5.08 5.95 5.07 1.42 0.33 1.37 4.71 3.86 2.46 0.51 2.79 1.52 1.06 0.82 0 5.08 0.89 1.39 0.3 3.45 3.51 0 1.6 0 0.43 1.99 0.75 0.65 1.6 1.79 2.92 2.15 3.39 
11 0.48 0 1.68 1.52 1.21 0 0 0.92 0 1.13 0.25 0.0 0.4 1.17 0.17 0 2.71 0 4.33 1.11 4.89 0 5.55 2.23 0 1.49 0 1.21 3.2 0 3.76 1.6 2.16 2.83 3.17 1.41 0 0.83 0.13 2.35 1.13 1.07 1.07 2.35 2.34 4.43 0.9 0 0 3.08 0 2.22 1.66 0 0 
12 0.2 2.92 2.35 0.59 2.28 3.39 0.66 0 1.23 0.2 1.9 0.4 0.0 0 1.66 2.34 0.78 0.12 1.6 1.06 0 2.4 0 0.55 1.79 2.79 0.12 3.29 0 2.82 0 0.98 0 0.38 1.69 0.78 0 0 0.74 0 0 3.86 3.95 4.69 0 1.54 0 3.67 0 0 0 0.22 0.38 1.88 4.18 
13 2.79 0 0 0.7 0.28 0.63 0.48 0.74 0.47 0 0 1.17 0 0.0 2.79 1.39 5.19 0.5 3.51 1.22 1.29 1.72 2.59 0 0 3.26 2.91 0.89 3.11 0 0 6.46 0.72 1.41 0.51 0.63 1.6 1.88 2.09 0.67 4.43 3.26 1.99 4.52 4.05 1.22 0.22 0 1.79 0 3.14 0.55 0.13 0.38 0.89 
14 0.45 0 1.56 0 2.54 0.62 2.28 0 0.8 4.56 0.9 0.17 1.66 2.79 0.0 3.11 1.8 0.52 4.99 0 0.72 4.42 5.27 0.97 3.45 0 0 0 3.02 0 0 4.56 2.46 2.77 2.53 0.55 4.42 0 0 1.25 0 1.07 3.88 3.63 2.53 3.67 2.28 0 0.63 0 1.84 0 1.23 0.27 2.03 
15 2.54 1.56 1.6 1.8 0.78 0 0 2.63 0 3.08 2.9 0 2.34 1.39 3.11 0.0 0 0.58 1.02 0 0.94 0 0.62 3.14 0.97 0 2.82 0 0.47 0 1.79 1.0 3.02 0.6 2.53 2.45 0 0.15 0 4.52 0.68 6.33 4.52 5.83 1.84 1.65 1.98 1.41 0 1.99 3.45 0.6 0.99 0.55 0.28 
16 0 0 1.69 0.15 2.26 2.28 0 0 0 0.9 0 2.71 0.78 5.19 1.8 0 0.0 0.86 0.9 2.59 0 3.01 0.38 0 0 1.09 0 4.31 0 0 2.26 1.6 0.66 0.31 3.67 1.41 0.7 0.73 1.52 0 0 0 0 1.05 0 2.73 1.85 0 1.85 0.15 1.23 0.31 4.18 1.52 0 
17 0.49 0 0.7 0.74 0.92 0 0.17 0.7 0.86 2.03 0.9 0 0.12 0.5 0.52 0.58 0.86 0.0 1.6 0.48 0 0 1.91 0.45 1.6 3.17 0 0.4 1.09 0.43 0 1.97 0 0 0.66 2.07 0.65 0 2.45 0 0 1.33 4.31 0 0 0.37 1.69 1.29 0 0.82 1.29 0 1.29 1.54 3.2 
18 0 0 0 0.99 5.19 0 0.53 0 1.84 0.66 1.97 4.33 1.6 3.51 4.99 1.02 0.9 1.6 0.0 3.26 4.31 0 0 1.72 0.51 0 0 0 2.9 2.03 4.23 3.67 0 0.52 2.71 0.77 2.5 0 0.65 0.35 0.82 2.4 0 0 0.86 6.08 0.73 2.23 0 0 0.1 1.02 1.88 1.8 7.48 
19 0 4.42 1.33 1.6 0.82 0 0.53 0 0.66 4.69 3.55 1.11 1.06 1.22 0 0 2.59 0.48 3.26 0.0 0.57 2.4 0 0 5.18 2.9 0.82 1.9 0 0.94 0 0 0 0.67 0.23 0 0 0 1.42 1.33 1.97 0 0 0 3.86 0.82 0.47 2.16 1.85 0 0 0 0.2 0.68 0.49 
20 0.6 1.72 3.01 0 3.67 1.13 0 3.67 0 2.35 3.57 4.89 0 1.29 0.72 0.94 0 0 4.31 0.57 0.0 1.36 0 7.1 0 8.87 3.76 2.79 1.91 0.7 0 4.37 3.57 0.7 2.82 0 0 0.37 3.39 0 3.08 3.33 0 6.33 0 0.37 1.91 0 0.32 0 0 0 0 4.14 1.06 
21 2.54 0 0.25 0 1.36 1.22 0.38 2.28 0.55 0.82 2.07 0 2.4 1.72 4.42 0 3.01 0 0 2.4 1.36 0.0 0.3 0.6 0 2.23 2.03 2.16 0 0 0 0 0 2.26 3.42 3.58 0.17 0 4.99 4.61 0 0 0 0 0.68 0.7 2.73 0.23 0.31 0.67 1.99 2.82 0 1.76 0.6 
22 1.17 0 1.51 0 3.67 2.73 0 4.14 2.65 4.33 5.08 5.55 0 2.59 5.27 0.62 0.38 1.91 0 0 0 0.3 0.0 1.98 0 0 0 4.43 0 1.13 1.98 2.46 2.46 0.27 3.39 0.78 0.47 2.09 0 0.78 2.28 0 0.43 0.43 0.58 1.79 1.49 1.48 2.16 0 0 1.6 0 2.03 0 
23 1.21 1.13 0.98 0 0 2.71 1.36 4.14 5.95 1.33 5.95 2.23 0.55 0 0.97 3.14 0 0.45 1.72 0 7.1 0.6 1.98 0.0 0 2.22 0.57 5.57 0.43 5.19 3.01 6.59 0.45 0 3.76 4.61 1.8 1.96 2.03 0 0.48 1.04 1.32 0.62 0.86 4.94 5.32 5.19 3.48 0.62 1.09 1.29 4.14 4.89 2.23 
24 0 0.42 3.11 0 1.49 0.89 0 0 0.8 0 5.07 0 1.79 0 3.45 0.97 0 1.6 0.51 5.18 0 0 0 0 0.0 0.38 0.57 6.08 3.58 0 0 1.56 0 0 0 4.52 0.95 0.99 4.33 1.72 0.94 0 1.17 0.98 0 2.71 5.57 1.99 0 0.43 0.92 0.37 5.95 0.83 1.0 
25 3.11 5.32 0 0 1.56 0.97 0 0.58 3.95 0.39 1.42 1.49 2.79 3.26 0 0 1.09 3.17 0 2.9 8.87 2.23 0 2.22 0.38 0.0 0 0.8 0 6.46 0 1.11 0.47 0.6 5.07 2.46 2.54 8.24 1.17 0 2.41 2.9 0.83 0.75 0.63 1.84 0 0.99 6.72 3.29 0.13 1.06 5.7 2.34 3.39 
26 0 3.8 0 1.23 1.39 1.13 0 0 1.32 2.41 0.33 0 0.12 2.91 0 2.82 0 0 0 0.82 3.76 2.03 0 0.57 0.57 0 0.0 0.7 2.82 1.36 1.88 1.21 0 0.37 0 0.86 0.63 2.22 1.23 1.6 0.68 1.6 2.53 4.56 1.23 2.28 0.62 3.01 0.98 0 1.66 0 0.92 1.05 3.29 
27 1.51 1.37 2.53 4.43 1.27 0.23 0.86 1.51 0 0 1.37 1.21 3.29 0.89 0 0 4.31 0.4 0 1.9 2.79 2.16 4.43 5.57 6.08 0.8 0.7 0.0 3.29 1.01 0.55 6.08 1.49 1.13 0.89 0.99 3.04 2.41 0 3.39 0 0.77 0.73 1.6 2.22 0.76 0.49 2.41 1.32 2.65 1.76 1.02 0 2.91 1.22 
28 2.26 0.23 0.62 3.01 2.66 1.23 0.3 2.28 0 0.72 4.71 3.2 0 3.11 3.02 0.47 0 1.09 2.9 0 1.91 0 0 0.43 3.58 0 2.82 3.29 0.0 1.17 0.47 5.65 0 0.25 0.47 2.4 0 0 0.85 0.73 0 0 0 0.32 3.2 1.88 3.8 0.59 0.8 0 2.71 2.16 3.67 0.75 0 
29 0 0 0.99 2.22 1.39 0.37 1.23 0.4 0 5.32 3.86 0 2.82 0 0 0 0 0.43 2.03 0.94 0.7 0 1.13 5.19 0 6.46 1.36 1.01 1.17 0.0 0.55 0 0.67 0 1.32 2.26 0 0 0 0.67 1.25 3.86 1.49 3.39 0 0.51 0 0.68 0 1.6 1.84 1.02 1.52 0.52 1.98 
30 0.23 0 0 0 0 1.22 1.13 2.35 2.79 0.62 2.46 3.76 0 0 0 1.79 2.26 0 4.23 0 0 0 1.98 3.01 0 0 1.88 0.55 0.47 0.55 0.0 0 2.09 0 1.41 1.6 1.17 0.78 1.56 2.22 0 0 1.17 0 1.91 0.31 0.28 0.51 0.43 0.55 1.6 0 0.99 1.29 1.72 
31 2.28 0.9 0.83 1.97 5.45 2.35 0 0 0.65 2.15 0.51 1.6 0.98 6.46 4.56 1.0 1.6 1.97 3.67 0 4.37 0 2.46 6.59 1.56 1.11 1.21 6.08 5.65 0 0 0.0 1.48 1.84 0.67 3.29 2.7 1.12 1.69 0.27 3.29 3.76 2.5 5.46 1.13 1.92 0.65 5.93 0 0.7 1.54 0 4.14 3.8 0 
32 0.37 0 0 0.31 0.48 1.8 0 1.72 4.18 0.89 2.79 2.16 0 0.72 2.46 3.02 0.66 0 0 0 3.57 0 2.46 0.45 0 0.47 0 1.49 0 0.67 2.09 1.48 0.0 0 1.85 0 0 0 0 1.27 0.31 0 0 2.09 0.08 1.41 3.93 2.9 2.53 0 0 0 2.16 1.29 4.33 
33 1.05 0.49 0.94 0.63 0 1.85 0.49 1.21 2.03 1.17 1.52 2.83 0.38 1.41 2.77 0.6 0.31 0 0.52 0.67 0.7 2.26 0.27 0 0 0.6 0.37 1.13 0.25 0 0 1.84 0 0.0 0.43 0 2.03 2.22 0 0.52 1.29 1.11 1.11 0 0 2.26 0.47 0 0 0 1.79 0 0 1.56 0 
34 0.62 4.18 1.17 2.73 0.89 1.23 1.11 0.17 0.66 1.85 1.06 3.17 1.69 0.51 2.53 2.53 3.67 0.66 2.71 0.23 2.82 3.42 3.39 3.76 0 5.07 0 0.89 0.47 1.32 1.41 0.67 1.85 0.43 0.0 0.43 1.17 0.43 2.45 2.63 0 2.71 4.05 3.67 1.85 0.62 0.19 3.17 1.79 4.81 4.81 1.98 0.07 2.15 0.28 
35 1.69 0 2.82 1.33 0 0 0 0.31 0.47 0.5 0.82 1.41 0.78 0.63 0.55 2.45 1.41 2.07 0.77 0 0 3.58 0.78 4.61 4.52 2.46 0.86 0.99 2.4 2.26 1.6 3.29 0 0 0.43 0.0 2.46 1.37 0 3.29 1.54 3.33 0.89 4.61 0 0 0 0.58 1.13 0 1.56 0 0.47 0.27 1.9 
36 3.11 4.31 0.4 2.96 1.02 0.62 0 3.76 1.37 2.19 0 0 0 1.6 4.42 0 0.7 0.65 2.5 0 0 0.17 0.47 1.8 0.95 2.54 0.63 3.04 0 0 1.17 2.7 0 2.03 1.17 2.46 0.0 0.12 5.27 5.18 0 1.64 0 3.67 0 2.53 0.53 0.56 1.13 3.08 0 1.49 1.09 1.84 3.11 
37 3.01 4.81 0.43 0 0 0 2.03 3.39 1.17 6.97 5.08 0.83 0 1.88 0 0.15 0.73 0 0 0 0.37 0 2.09 1.96 0.99 8.24 2.22 2.41 0 0 0.78 1.12 0 2.22 0.43 1.37 0.12 0.0 4.89 2.11 1.8 1.88 0.75 0.73 1.99 1.69 2.63 0 1.22 3.26 0 0 2.16 0 3.29 
38 1.6 1.96 3.86 0.55 3.93 0 0 0.63 0 2.79 0.89 0.13 0.74 2.09 0 0 1.52 2.45 0.65 1.42 3.39 4.99 0 2.03 4.33 1.17 1.23 0 0.85 0 1.56 1.69 0 0 2.45 0 5.27 4.89 0.0 0.7 2.16 0 5.74 5.27 1.91 4.56 0.94 1.99 0 4.14 2.03 1.97 1.72 1.13 1.25 
39 0.86 0.63 0 0.28 3.67 0.78 0.43 0 3.67 0.51 1.39 2.35 0 0.67 1.25 4.52 0 0 0.35 1.33 0 4.61 0.78 0 1.72 0 1.6 3.39 0.73 0.67 2.22 0.27 1.27 0.52 2.63 3.29 5.18 2.11 0.7 0.0 0 2.83 6.08 0.72 1.41 4.56 1.06 0.82 5.32 0.47 1.9 0.82 4.05 1.54 0 
40 0.55 3.67 0 0 1.98 3.67 0.27 1.88 1.54 1.14 0.3 1.13 0 4.43 0 0.68 0 0 0.82 1.97 3.08 0 2.28 0.48 0.94 2.41 0.68 0 0 1.25 0 3.29 0.31 1.29 0 1.54 0 1.8 2.16 0 0.0 4.69 1.52 2.09 0 2.63 2.79 2.46 0 1.29 0.99 0.68 0.43 0 0.63 
41 2.22 0.68 0.42 0 4.69 4.05 0 0.83 1.99 4.14 3.45 1.07 3.86 3.26 1.07 6.33 0 1.33 2.4 0 3.33 0 0 1.04 0 2.9 1.6 0.77 0 3.86 0 3.76 0 1.11 2.71 3.33 1.64 1.88 0 2.83 4.69 0.0 0 0.16 0.53 0 0.77 4.81 3.39 0 0.65 0.45 2.83 0 5.65 
42 4.56 0.39 1.48 1.21 0 5.07 1.6 0 3.08 0.77 3.51 1.07 3.95 1.99 3.88 4.52 0 4.31 0 0 0 0 0.43 1.32 1.17 0.83 2.53 0.73 0 1.49 1.17 2.5 0 1.11 4.05 0.89 0 0.75 5.74 6.08 1.52 0 0.0 0 0 0 5.7 2.16 4.18 1.48 0 1.72 5.7 0 0 
43 1.21 0.76 0 1.6 2.03 2.4 0 0 2.83 1.6 0 2.35 4.69 4.52 3.63 5.83 1.05 0 0 0 6.33 0 0.43 0.62 0.98 0.75 4.56 1.6 0.32 3.39 0 5.46 2.09 0 3.67 4.61 3.67 0.73 5.27 0.72 2.09 0.16 0 0.0 0 4.43 0 0 4.05 0 0 1.42 0.7 2.11 2.15 
44 0 1.6 1.6 0.18 0 0 0 2.73 1.33 1.52 1.6 2.34 0 4.05 2.53 1.84 0 0 0.86 3.86 0 0.68 0.58 0.86 0 0.63 1.23 2.22 3.2 0 1.91 1.13 0.08 0 1.85 0 0 1.99 1.91 1.41 0 0.53 0 0 0.0 0 0 0.72 0 0.8 0 0.74 0.57 0 5.83 
45 0.23 0.48 1.77 0 0.12 0 1.05 0.78 1.41 4.69 0 4.43 1.54 1.22 3.67 1.65 2.73 0.37 6.08 0.82 0.37 0.7 1.79 4.94 2.71 1.84 2.28 0.76 1.88 0.51 0.31 1.92 1.41 2.26 0.62 0 2.53 1.69 4.56 4.56 2.63 0 0 4.43 0 0.0 1.13 0 0.35 4.81 0.72 0.86 0.13 2.54 0.33 
46 0 3.29 0 1.17 0.15 0.37 0.32 0.13 0 0 0.43 0.9 0 0.22 2.28 1.98 1.85 1.69 0.73 0.47 1.91 2.73 1.49 5.32 5.57 0 0.62 0.49 3.8 0 0.28 0.65 3.93 0.47 0.19 0 0.53 2.63 0.94 1.06 2.79 0.77 5.7 0 0 1.13 0.0 3.42 1.98 3.67 2.34 2.79 0.47 0.59 0.99 
47 0 3.55 1.05 1.6 1.23 0 1.54 3.29 3.8 0.83 1.99 0 3.67 0 0 1.41 0 1.29 2.23 2.16 0 0.23 1.48 5.19 1.99 0.99 3.01 2.41 0.59 0.68 0.51 5.93 2.9 0 3.17 0.58 0.56 0 1.99 0.82 2.46 4.81 2.16 0 0.72 0 3.42 0.0 0 2.71 2.07 1.91 0 0 3.93 
48 1.23 1.6 0.51 0 1.32 0.66 1.17 1.79 3.17 2.65 0.75 0 0 1.79 0.63 0 1.85 0 0 1.85 0.32 0.31 2.16 3.48 0 6.72 0.98 1.32 0.8 0 0.43 0 2.53 0 1.79 1.13 1.13 1.22 0 5.32 0 3.39 4.18 4.05 0 0.35 1.98 0 0.0 0.65 2.96 1.6 0.7 3.39 0 
49 0 1.11 1.02 0 2.03 0 1.29 2.4 0.72 3.17 0.65 3.08 0 0 0 1.99 0.15 0.82 0 0 0 0.67 0 0.62 0.43 3.29 0 2.65 0 1.6 0.55 0.7 0 0 4.81 0 3.08 3.26 4.14 0.47 1.29 0 1.48 0 0.8 4.81 3.67 2.71 0.65 0.0 1.11 1.05 2.59 4.42 0.92 
50 0 0.57 0 0.74 0 0 1.72 1.37 2.53 0.68 1.6 0 0 3.14 1.84 3.45 1.23 1.29 0.1 0 0 1.99 0 1.09 0.92 0.13 1.66 1.76 2.71 1.84 1.6 1.54 0 1.79 4.81 1.56 0 0 2.03 1.9 0.99 0.65 0 0 0 0.72 2.34 2.07 2.96 1.11 0.0 0.86 0 0.67 0 
51 0 0.7 0 0.17 2.03 0 0.37 1.42 3.29 0.33 1.79 2.22 0.22 0.55 0 0.6 0.31 0 1.02 0 0 2.82 1.6 1.29 0.37 1.06 0 1.02 2.16 1.02 0 0 0 0 1.98 0 1.49 0 1.97 0.82 0.68 0.45 1.72 1.42 0.74 0.86 2.79 1.91 1.6 1.05 0.86 0.0 1.54 0 2.34 
52 0.55 4.43 0 4.18 0 0.7 0.35 1.13 0.89 0.58 2.92 1.66 0.38 0.13 1.23 0.99 4.18 1.29 1.88 0.2 0 0 0 4.14 5.95 5.7 0.92 0 3.67 1.52 0.99 4.14 2.16 0 0.07 0.47 1.09 2.16 1.72 4.05 0.43 2.83 5.7 0.7 0.57 0.13 0.47 0 0.7 2.59 0 1.54 0.0 2.41 0.8 
53 2.07 0.8 0.6 0.6 1.48 0.62 0.52 0.49 0 2.73 2.15 0 1.88 0.38 0.27 0.55 1.52 1.54 1.8 0.68 4.14 1.76 2.03 4.89 0.83 2.34 1.05 2.91 0.75 0.52 1.29 3.8 1.29 1.56 2.15 0.27 1.84 0 1.13 1.54 0 0 0 2.11 0 2.54 0.59 0 3.39 4.42 0.67 0 2.41 0.0 1.23 
54 2.54 1.88 3.2 5.83 0.37 3.04 0.57 2.41 0.74 0.73 3.39 0 4.18 0.89 2.03 0.28 0 3.2 7.48 0.49 1.06 0.6 0 2.23 1.0 3.39 3.29 1.22 0 1.98 1.72 0 4.33 0 0.28 1.9 3.11 3.29 1.25 0 0.63 5.65 0 2.15 5.83 0.33 0.99 3.93 0 0.92 0 2.34 0.8 1.23 0.0 

;