set O:= 0;
set N:= 1 2 3 4 5 6 7 8 9 10 11 12 13 14 15 16 17 18 19 20 21 22 23 24 25 26 27 28 29 30 31 32 33 34 35 36 37 38 39 40 41 42 43 44 45 46 47 48 49 50 51 52 53 54;
set K:= 1 2 3 4 5 6 7 8 9 10;
param V:= 10;
param cp:= 115;
param dm:= 5.0;
param o:=
0 0
1 18
2 26
3 11
4 30
5 21
6 19
7 15
8 16
9 29
10 26
11 37
12 16
13 12
14 31
15 8
16 19
17 20
18 13
19 15
20 22
21 28
22 12
23 6
24 27
25 14
26 18
27 17
28 29
29 13
30 22
31 25
32 28
33 27
34 19
35 10
36 12
37 14
38 24
39 16
40 33
41 15
42 11
43 18
44 17
45 21
46 27
47 19
48 20
49 5
50 22
51 12
52 19
53 22
54 16
;
param c[*,*]
: 0 1 2 3 4 5 6 7 8 9 10 11 12 13 14 15 16 17 18 19 20 21 22 23 24 25 26 27 28 29 30 31 32 33 34 35 36 37 38 39 40 41 42 43 44 45 46 47 48 49 50 51 52 53 54:=
0 0 9 5 5 5 11 3 3 5416 8 38 8 9 7944 7 9749 9 2889 9 6 16 9749 22 14 12 37 2 23 8666 7 6 27 12 6138 7 3997 11915 11554 38 10 20 26 12999 14 6 6 4 10 29 11 9 5 6 4885 39 
1 9 0 6 6422 12 12 12 9 14443 13 21 12 45 15 12 14 3 9 11 10436 15 6 3 11 11 11727 10832 16 6 8 8 22 11 2889 11915 11 9493 10610 36 15 10471 8 5 2166 7259 12 51 7818 15 3997 19 26 12638 13 22 
2 5 6 0 9 4333 8 3 9749 12 12277 14 31 9027 10 29 38 6499 13 16 25 11554 7 5777 18 11915 17 7 7222 14 23 3 23 11 3611 14 10832 11 12 14804 14 9 11 35 8 38 5055 8 25 9 19 14 6 8 16 49 
3 5 6422 9 0 8 12 7 8 9493 8 7818 22 17 13 12 51 5 3350 4467 23 19 11 9 6 5 5 5584 9772 11554 10051 10 18 9 23 32 19 13402 17 12 5 3 10 35 7259 838 9 10 46 13 3 3350 6 9214 13 12844 
4 5 12 4333 8 0 6 5 3331 4 34 10 9 6499 5 24 7 21 11 11448 6 8097 12 10471 8 11 14 3972 2792 7583 3071 3 12006 9 7 1954 4 9 7 8655 8097 30 13360 13 24 8 2 3 11 16 15 10 5777 3 11 7 
5 11 12 8 12 6 0 9388 13 28 54 13402 11 12999 6 10 2 10331 12 18 7 3350 3630 8097 25 30 18 21 4 29 7 4694 21 51 10832 11 7 11 2 13 15 14082 48 11168 22 15 3 7 2 1954 16 15 14 6 10 6701 
6 3 12 3 7 5 9388 0 9 17 36 11554 14 25 12 13360 11 5 7 23 23 15 10 9 7944 11 14 6 10 8 7222 4333 15 8 2889 13 12 11 11915 15 19 12 10 9388 8 6 12 8 9027 6860 7583 10110 2166 8 22 14 
7 3 9 9749 8 3331 13 9 0 1554 6980 16 13 4 5 3 6217 7 8 11 3 8660 33 9770 9770 11 11 2 14 53 7 9027 7 31 45 2 4 8882 7994 7 5 4441 14 12 11 8097 6 2 7772 26 35 20 5107 11 7 4219 
8 5416 14443 12 9493 4 28 17 1554 0 18 8 4 14 4 6 6 8 10 16 6 9 10 31 10436 12 47 20 3 13 5 7944 12 9214 24 8 4 12 10 6 8097 18 23 36 33 12 17 1 8376 6980 11 23 9388 1954 3 7 
9 8 13 12277 8 34 54 36 6980 18 0 5 10 4 12 10051 28 26 4467 6 10331 21 17 12844 12 7 3 5305 11 19 11727 17 4747 1954 43 17 9 20 15356 6143 1117 2513 49 14 14 3350 10331 8 16 24 6980 6 11 11 32 14 
10 38 21 14 7818 10 13402 11554 16 8 5 0 4 5416 11 6 26 10 10 18 6217 32 30 19498 10436 8882 13 8 12 18054 46 58 4 6143 56 9 6 16 60 1554 2443 7 40 41 19 15 10 8 18 14 10 15 10471 35 3775 40 
11 8 12 31 22 9 11 14 13 4 10 4 0 7 8 3 9 9770 7 12844 16 11546 13 13101 25 12 13 5 9 75 10 14443 12 39 16609 5551 3331 14 14 2 22 13 18 18 27 42 7772 6 11 11 44 11 7994 12 2 6 
12 9 45 9027 17 6499 12999 25 4 14 4 5416 7 0 11 24 55 29 5 7259 12 19 56 16 13 10471 6143 5 9388 13 10832 9 11 5 17 26 9 16 16 14 4 2 59 61 13360 5 18 6 14082 13 10 6 9 9 4441 11915 
13 7944 15 10 13 5 6 12 5 4 12 11 8 11 0 4885 3071 9104 12 32 12 12 16 30 11 12 30 8305 1954 48 4 8 14240 13 16 5 4 15 22 19 12 12638 38 23 69 48 15 4 6 21 11 28 13 2 6 1954 
14 7 12 29 12 24 10 13360 3 6 10051 6 3 24 4885 0 7328 41 9 14798 2 12 10436 12435 16 50 13 5 5 71 7 14 7994 45 16248 4441 8 10436 9 4 9 7 18 56 52 46 6439 3997 10 11 13 26 10 9 3 3553 
15 9749 14 38 51 7 2 11 6217 6 28 26 9 55 3071 7328 0 15 16 34 5 2792 7 13 28 32 17 10832 3 13 3 6860 19 13681 26 5584 5773 4 3 12 54 19 13960 54 12844 52 3630 23 4188 4 57 15636 26 9 9 5 
16 9 3 6499 5 21 10331 5 7 8 26 10 9770 29 9104 41 15 0 5055 26 9326 14 8935 6 3 3 31 8 7550 9 9 8666 36 19 12 6439 32 23 25 35 6 6 5 6 3775 4 26 13 12 8376 4 5584 12 7328 35 10 
17 2889 9 13 3350 11 12 7 8 10 4467 10 7 5 12 9 16 5055 0 7259 8 18 13 45 11 9388 6980 3 10 20 12 7 23 4 6 8 4885 18 14 9388 6 2 15 12277 11 4 9 26 24 11 30 5863 3 15 22 49 
18 9 11 16 4467 11448 18 23 11 16 6 18 12844 7259 32 14798 34 26 7259 0 59 19545 15 13 7818 15 3 9 14 68 58 16248 8097 4 22 25 16 71 20 14 7 23 10889 12 11 3909 13402 14 64 18 5 3 29 17 26 16473 
19 6 10436 25 23 6 7 23 3 6 10331 6217 16 12 12 2 5 9326 8 59 0 9 35 12 12 12213 26 9 3331 16 11 12 9 12 29 3 2 8 8 20 9 28 14 13 12 11448 6 3 31 27 12 15 8 3 10 4 
20 16 15 11554 19 8097 3350 15 8660 9 21 32 11546 19 12 12 2792 14 18 19545 9 0 25 12 15636 23 19545 14443 6143 45 10 10 40 16194 30 34 8 4 7 61 16 72 30 14 13960 20 7 17 4 7 16 23 18 7 9770 9 
21 9749 6 7 11 12 3630 10 33 10 17 30 13 56 16 10436 7 8935 13 15 35 25 0 6 13 15 32 48 26 3 4 5 20 13 8666 7539 8438 3 5 14798 13681 16 9 9 8 14 6 32 3 4 14 28 10832 7 20 11 
22 22 3 5777 9 10471 8097 9 9770 31 12844 19498 13101 16 30 12435 13 6 45 13 12 12 6 0 4663 9 14 13 12638 4 16 7583 45 45 7 52 13 10 38 23 21 53 5 8 8 12 21 17 27 6422 7 12 38 13 23 18 
23 14 11 18 6 8 25 7944 9770 10436 12 10436 25 13 11 16 28 3 11 7818 12 15636 13 4663 0 3 20 14 9770 12 11448 11554 11546 15 6 36 10880 16 17 23 8 12 10 12 4 25 8660 9326 11448 41 2220 31 7583 39 11546 16 
24 12 11 11915 5 11 30 11 11 12 7 8882 12 10471 12 50 32 3 9388 15 12213 23 15 9 3 0 7 25 10658 13721 17 14 11 6 10 10 10658 32 33 10214 12 35 7 27 22 4 20 9770 57 14 1554 4188 16 10436 14 15 
25 37 11727 17 5 14 18 14 11 47 3 13 13 6143 30 13 17 31 6980 3 26 19545 32 14 20 7 0 8 15 20 14240 17 10 4 26 11168 22 23 18149 10 4 5305 26 16 14 6 16 11 18 14798 7259 2 30 12564 21 31 
26 2 10832 7 5584 3972 21 6 2 20 5305 8 5 5 8305 5 10832 8 3 9 9 14443 48 13 14 25 8 0 8 10832 32 7222 14 6 16 4 12 17 52 29 25 3972 19 30 12999 5584 6499 7 11554 18 11 7539 5 11 15 9388 
27 23 16 7222 9772 2792 4 10 14 3 11 12 9 9388 1954 5 3 7550 10 14 3331 6143 26 12638 9770 10658 15 8 0 9388 2234 6 13402 13 13 1954 7 6701 5305 9 40 10 18 18 19 20 1675 4 5305 16 19 16 12 1 5107 15 
28 8666 6 14 11554 7583 29 8 53 13 19 18054 75 13 48 71 13 9 20 68 16 45 3 4 12 13721 20 10832 9388 0 27 9 21665 16 7 11 56 7 10 23 20 14 9 8 9 12277 29 10832 11 19 11 64 8305 10471 20 14 
29 7 8 23 10051 3071 7 7222 7 5 11727 46 10 10832 4 7 3 9 12 58 11 10 4 16 11448 17 14240 32 2234 27 0 13 15 22 10 16 5329 5 4 11 12 23 46 13 40 12 1117 4 12 2 46 52 38 3350 9 23 
30 6 8 3 10 3 4694 4333 9027 7944 17 58 14443 9 8 14 6860 8666 7 16248 12 10 5 7583 11554 14 17 7222 6 9 13 0 18 49 6 22 38 27 14 29 52 11 13 22 11 45 4 7 9 10 15 30 8 12 24 20 
31 27 22 23 18 12006 21 15 7 12 4747 4 12 11 14240 7994 19 36 23 8097 9 40 20 45 11546 11 10 14 13402 21665 15 18 0 13 68 12 31 24 21 16 4 9388 44 29 84 10 17 12 70 16 10 14 13 49 6661 14 
32 12 11 11 9 9 51 8 31 9214 1954 6143 39 5 13 45 13681 19 4 4 12 16194 13 45 15 6 4 6 13 16 22 49 13 0 9 17 9 16 18 8 2792 9 10 14 9493 3 13 8655 13123 11448 6 2 5 20 18 51 
33 6138 2889 3611 23 7 10832 2889 45 24 43 56 16609 17 16 16248 26 12 6 22 29 30 8666 7 6 10 26 16 13 7 10 6 68 9 0 10 13 11915 12999 17 22 7583 6499 6499 5 8 35 11 10 8 6 10471 4 10 58 15 
34 7 11915 14 32 1954 11 13 2 8 17 9 5551 26 5 4441 5584 6439 8 25 3 34 7539 52 36 10 11168 4 1954 11 16 22 12 17 10 0 3 10 8 29 31 8 32 62 56 17 6 2 6980 21 8438 10610 30 1 3775 5 
35 3997 11 10832 19 4 7 12 4 4 9 6 3331 9 4 8 5773 32 4885 16 2 8 8438 13 10880 10658 22 12 7 56 5329 38 31 9 13 3 0 36 16 4 5773 22 48 15 10880 9 4 2 10 13 10 22 6 3 3 3331 
36 11915 9493 11 13402 9 11 11 8882 12 20 16 14 16 15 10436 4 23 18 71 8 4 3 10 16 32 23 17 6701 7 5 27 24 16 11915 10 36 0 2 15636 61 17 15 11 44 14 5584 10 1675 3350 13960 21 55 10 21 37 
37 11554 10610 12 17 7 2 11915 7994 10 15356 60 14 16 22 9 3 25 14 20 8 7 5 38 17 33 18149 52 5305 10 4 14 21 18 12999 8 16 2 0 14519 19 33 17 14 14 57 20 31 3 3630 14798 17 18 26 10 7259 
38 38 36 14804 12 8655 13 15 7 6 6143 1554 2 14 19 4 12 35 9388 14 20 61 14798 23 23 10214 10 29 9 23 11 29 16 8 17 29 4 15636 14519 0 5 8305 24 22026 20220 35 10051 8 28 14 9770 37 11554 16 2665 11 
39 10 15 14 5 8097 15 19 5 8097 1117 2443 22 4 12 9 54 6 6 7 9 16 13681 21 8 12 4 25 40 20 12 52 4 2792 22 31 5773 61 19 5 0 4 33 17332 17 17 10051 9 15 11727 7 4188 30 8935 11 11 
40 20 10471 9 3 30 14082 12 4441 18 2513 7 13 2 12638 7 19 6 2 23 28 72 16 53 12 35 5305 3972 10 14 23 11 9388 9 7583 8 22 17 33 8305 4 0 13360 18 25 3 40 7944 58 12 7583 4467 3972 10 6 15 
41 26 8 11 10 13360 48 10 14 23 49 40 18 59 38 18 13960 5 15 10889 14 30 9 5 10 7 26 19 18 9 46 13 44 10 6499 32 48 15 17 24 33 13360 0 1 2 18 14 18 10610 40 6 22 19 33 13 87 
42 12999 5 35 35 13 11168 9388 12 36 14 41 18 61 23 56 54 6 12277 12 13 14 9 8 12 27 16 30 18 8 13 22 29 14 6499 62 15 11 14 22026 17332 18 1 0 2 11 14 16248 20 9214 5329 13 10110 16248 14 21 
43 14 2166 8 7259 24 22 8 11 33 14 19 27 13360 69 52 12844 3775 11 11 12 13960 8 8 4 22 14 12999 19 9 40 11 84 9493 5 56 10880 44 14 20220 17 25 2 2 0 10 12638 15 9 8935 4 10 8305 17 24 25 
44 6 7259 38 838 8 15 6 8097 12 3350 15 42 5 48 46 52 4 4 3909 11448 20 14 12 25 4 6 5584 20 12277 12 45 10 3 8 17 9 14 57 35 17 3 18 11 10 0 9 8 24 13 3630 3 3350 11 10 12844 
45 6 12 5055 9 2 3 12 6 17 10331 10 7772 18 15 6439 3630 26 9 13402 6 7 6 21 8660 20 16 6499 1675 29 1117 4 17 13 35 6 4 5584 20 10051 10051 40 14 14 12638 9 0 13 4 3 8438 13 10 2 24 6 
46 4 51 8 10 3 7 8 2 1 8 8 6 6 4 3997 23 13 26 14 3 17 32 17 9326 9770 11 7 4 10832 4 7 12 8655 11 2 2 10 31 8 9 7944 18 16248 15 8 13 0 7539 23 35 21 7944 6 4 9 
47 10 7818 25 46 11 2 9027 7772 8376 16 18 11 14082 6 10 4188 12 24 64 31 4 3 27 11448 57 18 11554 5305 11 12 9 70 13123 10 6980 10 1675 3 28 15 58 10610 20 9 24 4 7539 0 2 12285 59 11193 6 9 8655 
48 29 15 9 13 16 1954 6860 26 6980 24 14 11 13 21 11 4 8376 11 18 27 7 4 6422 41 14 14798 18 16 19 2 10 16 11448 8 21 13 3350 3630 14 11727 12 40 9214 8935 13 3 23 2 0 22 13402 9388 6 7994 8 
49 11 3997 19 3 15 16 7583 35 11 6980 10 44 10 11 13 57 4 30 5 12 16 14 7 2220 1554 7259 11 19 11 46 15 10 6 6 8438 10 13960 14798 9770 7 7583 6 5329 4 3630 8438 35 12285 22 0 5026 6138 19 10436 14 
50 9 19 14 3350 10 15 10110 20 23 6 15 11 6 28 26 15636 5584 5863 3 15 23 28 12 31 4188 2 7539 16 64 52 30 14 2 10471 10610 22 21 17 37 4188 4467 22 13 10 3 13 21 59 13402 5026 0 25 12 14 15 
51 5 26 6 6 5777 14 2166 5107 9388 11 10471 7994 9 13 10 26 12 3 29 8 18 10832 38 7583 16 30 5 12 8305 38 8 13 5 4 30 6 55 18 11554 30 3972 19 10110 8305 3350 10 7944 11193 9388 6138 25 0 18 9 27 
52 6 12638 8 9214 3 6 8 11 1954 11 35 12 9 2 9 9 7328 15 17 3 7 7 13 39 10436 12564 11 1 10471 3350 12 49 20 10 1 3 10 26 16 8935 10 33 16248 17 11 2 6 6 6 19 12 18 0 4219 7 
53 4885 13 16 13 11 10 22 7 3 32 3775 2 4441 6 3 9 35 22 26 10 9770 20 23 11546 14 21 15 5107 20 9 24 6661 18 58 3775 3 21 10 2665 11 6 13 14 24 10 24 4 9 7994 10436 14 9 4219 0 9 
54 39 22 49 12844 7 6701 14 4219 7 14 40 6 11915 1954 3553 5 10 49 16473 4 9 11 18 16 15 31 9388 15 14 23 20 14 51 15 5 3331 37 7259 11 11 15 87 21 25 12844 6 9 8655 8 14 15 27 7 9 0 

;param cto[*,*]
: 0 1 2 3 4 5 6 7 8 9 10 11 12 13 14 15 16 17 18 19 20 21 22 23 24 25 26 27 28 29 30 31 32 33 34 35 36 37 38 39 40 41 42 43 44 45 46 47 48 49 50 51 52 53 54:=
0 0 46 44 45 39 42 43 44 40 42 42 43 40 42 43 43 41 39 48 42 44 43 43 43 48 44 39 41 42 41 40 44 42 41 40 41 44 44 42 42 40 44 44 43 41 40 44 42 41 43 43 40 40 42 43 
1 46 0 40 42 42 44 41 49 45 44 46 51 43 49 51 45 44 46 44 46 46 46 43 40 42 45 43 44 40 47 42 47 43 39 44 46 44 45 47 45 43 40 40 39 42 43 44 43 42 41 44 41 44 46 46 
2 44 40 0 46 40 41 43 43 42 44 49 46 42 46 45 42 41 41 45 44 44 40 41 42 44 45 45 41 40 41 43 47 47 40 41 43 42 42 45 44 46 42 42 42 42 40 45 41 40 42 44 40 45 44 44 
3 45 42 46 0 42 49 41 47 44 40 43 45 40 45 49 46 39 40 41 45 47 49 47 41 40 45 41 44 44 44 47 44 39 41 43 44 46 47 44 41 40 43 43 42 38 47 43 45 44 44 40 40 44 44 46 
4 39 42 40 42 0 41 40 40 40 43 43 43 41 41 43 41 42 40 45 42 43 42 43 48 45 45 40 40 42 40 43 46 43 45 39 45 42 46 43 43 42 44 48 44 46 39 39 41 40 44 48 41 43 42 42 
5 42 44 41 49 41 0 42 43 42 46 46 46 44 41 44 39 44 47 48 43 40 40 43 46 47 48 43 40 41 39 40 49 46 43 41 43 40 43 50 46 45 46 45 45 46 44 42 39 39 46 51 44 41 44 42 
6 43 41 43 41 40 42 0 42 42 42 44 48 41 43 44 47 40 40 44 44 45 42 42 42 43 44 40 42 41 41 40 49 45 39 41 43 47 44 44 42 41 46 42 46 45 41 41 42 41 42 43 39 42 43 44 
7 44 49 43 47 40 43 42 0 39 42 41 40 40 41 40 43 47 41 49 44 45 44 46 46 46 44 43 41 44 42 42 47 43 43 40 39 45 44 41 46 41 47 47 46 43 41 39 44 43 45 44 42 40 39 41 
8 40 45 42 44 40 42 42 39 0 44 42 45 41 40 40 46 48 42 46 39 47 44 46 46 46 45 40 44 48 45 42 45 44 44 39 39 44 43 46 43 42 47 47 46 44 40 42 43 42 46 45 42 39 44 40 
9 42 44 44 40 43 46 42 42 44 0 40 43 40 49 44 47 42 41 41 44 49 47 46 44 46 40 41 48 46 45 44 41 39 43 43 43 48 48 42 38 39 46 46 45 40 44 47 47 46 42 40 41 44 43 46 
10 42 46 49 43 43 46 44 41 42 40 0 40 40 48 42 46 44 42 44 43 48 47 47 46 45 42 41 44 47 45 45 40 42 45 43 42 52 47 39 40 41 48 48 51 42 48 42 47 46 45 42 43 43 41 44 
11 43 51 46 45 43 46 48 40 45 43 40 0 42 43 40 49 46 43 46 41 47 47 48 48 51 45 46 43 47 45 45 42 44 46 42 40 48 47 39 42 43 49 49 49 45 44 42 51 46 47 49 44 43 39 46 
12 40 43 42 40 41 44 41 40 41 40 40 42 0 47 43 45 41 39 42 43 46 45 45 44 43 42 39 42 48 43 46 42 40 42 41 41 50 49 41 43 39 45 45 44 40 42 45 45 44 42 45 40 42 41 44 
13 42 49 46 45 41 41 43 41 40 49 48 43 47 0 42 40 45 43 48 40 42 43 45 51 51 47 42 39 44 44 45 47 46 44 40 41 42 41 44 45 44 47 47 46 46 40 40 46 41 51 47 44 39 42 39 
14 43 51 45 49 43 44 44 40 40 44 42 40 43 42 0 44 46 43 47 43 46 46 48 48 48 50 46 46 47 47 44 44 45 46 41 39 46 49 41 44 47 49 49 48 45 43 41 49 45 47 46 44 41 39 41 
15 43 45 42 46 41 39 47 43 46 47 46 49 45 40 44 0 45 44 49 46 40 42 44 47 48 52 43 44 43 40 41 49 47 44 41 42 44 39 49 46 45 47 46 46 46 40 42 40 44 47 48 44 41 44 41 
16 41 44 41 39 42 44 40 47 48 42 44 46 41 45 46 45 0 40 42 45 51 44 42 40 44 43 46 44 46 47 42 45 41 39 43 44 45 46 45 42 41 42 42 41 40 43 43 44 43 39 41 39 44 45 50 
17 39 46 41 40 40 47 40 41 42 41 42 43 39 43 43 44 40 0 42 43 46 44 43 43 42 42 43 42 43 42 45 44 44 41 41 42 45 49 42 44 43 44 44 47 40 42 41 44 43 42 42 39 42 42 44 
18 48 44 45 41 45 48 44 49 46 41 44 46 42 48 47 49 42 42 0 47 50 51 50 43 40 44 48 51 46 47 46 43 44 43 46 46 49 49 45 42 42 45 49 44 40 46 46 48 47 45 39 42 46 46 48 
19 42 46 44 45 42 43 44 44 39 44 43 41 43 40 43 46 45 43 47 0 44 45 47 51 48 46 42 40 45 42 43 49 45 45 40 43 48 44 42 44 44 48 52 51 45 42 40 44 43 47 46 44 40 40 39 
20 44 46 44 47 43 40 45 45 47 49 48 47 46 42 46 40 51 46 50 44 0 42 45 48 49 50 45 42 43 41 42 51 48 45 43 48 40 39 48 52 47 47 51 47 48 42 43 44 41 52 50 46 46 46 43 
21 43 46 40 49 42 40 42 44 44 47 47 47 45 43 46 42 44 44 51 45 42 0 41 44 46 48 44 42 43 44 40 49 50 42 43 45 40 41 47 47 45 47 43 47 45 41 43 39 39 45 47 43 46 46 44 
22 43 43 41 47 43 43 42 46 46 46 47 48 45 45 48 44 42 43 50 47 45 41 0 42 44 51 48 44 39 43 42 49 45 41 44 46 43 44 48 46 44 44 40 40 44 43 45 42 42 43 49 42 48 47 50 
23 43 40 42 41 48 46 42 46 46 44 46 48 44 51 48 47 40 43 43 51 48 44 42 0 44 44 44 46 42 45 44 47 43 40 45 47 46 47 47 48 43 40 40 40 42 45 45 45 44 40 43 42 46 47 48 
24 48 42 44 40 45 47 43 46 46 46 45 51 43 51 48 48 44 42 40 48 49 46 44 44 0 42 44 46 45 46 49 45 41 42 49 46 48 48 46 43 42 42 43 42 40 46 46 47 46 39 40 42 46 47 49 
25 44 45 45 45 45 48 44 44 45 40 42 45 42 47 50 52 43 42 44 46 50 48 51 44 42 0 47 46 47 47 50 41 40 44 45 45 49 49 43 44 41 46 47 46 41 46 49 48 47 42 39 43 46 45 48 
26 39 43 45 41 40 43 40 43 40 41 41 46 39 42 46 43 46 43 48 42 45 44 48 44 44 47 0 41 43 42 41 43 41 42 43 40 45 44 41 41 40 45 45 44 41 41 40 44 42 47 43 40 40 41 42 
27 41 44 41 44 40 40 42 41 44 48 44 43 42 39 46 44 44 42 51 40 42 42 44 46 46 46 41 0 42 39 40 46 45 43 39 41 42 41 47 44 47 46 46 45 44 39 39 41 40 46 46 42 42 42 40 
28 42 40 40 44 42 41 41 44 48 46 47 47 48 44 47 43 46 43 46 45 43 43 39 42 45 47 43 42 0 41 40 49 45 40 43 45 45 42 47 46 44 42 41 41 44 41 43 40 40 47 46 42 43 46 49 
29 41 47 41 44 40 39 41 42 45 45 45 45 43 44 47 40 47 42 47 42 41 44 43 45 46 47 42 39 41 0 39 51 45 42 40 42 41 40 49 45 44 45 45 44 45 38 44 40 43 45 46 42 40 43 42 
30 40 42 43 47 43 40 40 42 42 44 45 45 46 45 44 41 42 45 46 43 42 40 42 44 49 50 41 40 40 39 0 51 44 45 40 42 41 41 45 44 43 44 43 43 43 39 41 40 39 44 45 41 41 44 43 
31 44 47 47 44 46 49 49 47 45 41 40 42 42 47 44 49 45 44 43 49 51 49 49 47 45 41 43 46 49 51 51 0 42 46 45 44 50 50 41 41 42 49 49 48 43 47 45 49 52 45 42 48 46 43 51 
32 42 43 47 39 43 46 45 43 44 39 42 44 40 46 45 47 41 44 44 45 48 50 45 43 41 40 41 45 45 45 44 42 0 46 43 48 47 47 47 40 39 48 45 44 39 44 43 46 45 41 39 40 44 44 46 
33 41 39 40 41 45 43 39 43 44 43 45 46 42 44 46 44 39 41 43 45 45 42 41 40 42 44 42 43 40 42 45 46 46 0 42 48 44 44 45 43 42 41 41 44 41 42 43 46 46 41 43 40 47 45 49 
34 40 44 41 43 39 41 41 40 39 43 43 42 41 40 41 41 43 41 46 40 43 43 44 45 49 45 43 39 43 40 40 45 43 42 0 40 43 42 42 43 46 46 46 45 43 40 38 42 41 45 45 42 38 41 41 
35 41 46 43 44 45 43 43 39 39 43 42 40 41 41 39 42 44 42 46 43 48 45 46 47 46 45 40 41 45 42 42 44 48 48 40 0 45 44 45 42 42 47 47 47 48 45 43 44 43 49 45 47 40 39 40 
36 44 44 42 46 42 40 47 45 44 48 52 48 50 42 46 44 45 45 49 48 40 40 43 46 48 49 45 42 45 41 41 50 47 44 43 45 0 39 48 48 50 45 49 45 51 41 44 39 40 47 49 45 43 46 44 
37 44 45 42 47 46 43 44 44 43 48 47 47 49 41 49 39 46 49 49 44 39 41 44 47 48 49 44 41 42 40 41 50 47 44 42 44 39 0 47 47 46 46 46 46 47 41 43 40 40 47 52 45 42 45 42 
38 42 47 45 44 43 50 44 41 46 42 39 39 41 44 41 49 45 42 45 42 48 47 48 47 46 43 41 47 47 49 45 41 47 45 42 45 48 47 0 41 42 49 49 48 43 44 42 47 46 46 44 44 43 40 44 
39 42 45 44 41 43 46 42 46 43 38 40 42 43 45 44 46 42 44 42 44 52 47 46 48 43 44 41 44 46 45 44 41 40 43 43 42 48 47 41 0 43 46 46 46 40 44 43 47 45 43 40 42 44 42 49 
40 40 43 46 40 42 45 41 41 42 39 41 43 39 44 47 45 41 43 42 44 47 45 44 43 42 41 40 47 44 44 43 42 39 42 46 42 50 46 42 43 0 44 45 44 39 43 42 45 48 42 41 40 42 42 45 
41 44 40 42 43 44 46 46 47 47 46 48 49 45 47 49 47 42 44 45 48 47 47 44 40 42 46 45 46 42 45 44 49 48 41 46 47 45 46 49 46 44 0 42 38 44 49 46 45 44 42 45 43 46 52 49 
42 44 40 42 43 48 45 42 47 47 46 48 49 45 47 49 46 42 44 49 52 51 43 40 40 43 47 45 46 41 45 43 49 45 41 46 47 49 46 49 46 45 42 0 42 44 48 46 44 44 42 45 43 46 48 52 
43 43 39 42 42 44 45 46 46 46 45 51 49 44 46 48 46 41 47 44 51 47 47 40 40 42 46 44 45 41 44 43 48 44 44 45 47 45 46 48 46 44 38 42 0 43 44 49 48 44 45 48 42 45 47 48 
44 41 42 42 38 46 46 45 43 44 40 42 45 40 46 45 46 40 40 40 45 48 45 44 42 40 41 41 44 44 45 43 43 39 41 43 48 51 47 43 40 39 44 44 43 0 48 47 46 45 40 43 40 44 48 46 
45 40 43 40 47 39 44 41 41 40 44 48 44 42 40 43 40 43 42 46 42 42 41 43 45 46 46 41 39 41 38 39 47 44 42 40 45 41 41 44 44 43 49 48 44 48 0 40 44 39 45 46 42 39 43 41 
46 44 44 45 43 39 42 41 39 42 47 42 42 45 40 41 42 43 41 46 40 43 43 45 45 46 49 40 39 43 44 41 45 43 43 38 43 44 43 42 43 42 46 46 49 47 40 0 43 42 45 45 42 39 40 41 
47 42 43 41 45 41 39 42 44 43 47 47 51 45 46 49 40 44 44 48 44 44 39 42 45 47 48 44 41 40 40 40 49 46 46 42 44 39 40 47 47 45 45 44 48 46 44 43 0 39 46 47 43 46 49 43 
48 41 42 40 44 40 39 41 43 42 46 46 46 44 41 45 44 43 43 47 43 41 39 42 44 46 47 42 40 40 43 39 52 45 46 41 43 40 40 46 45 48 44 44 44 45 39 42 39 0 45 46 42 41 44 46 
49 43 41 42 44 44 46 42 45 46 42 45 47 42 51 47 47 39 42 45 47 52 45 43 40 39 42 47 46 47 45 44 45 41 41 45 49 47 47 46 43 42 42 42 45 40 45 45 46 45 0 41 41 45 46 48 
50 43 44 44 40 48 51 43 44 45 40 42 49 45 47 46 48 41 42 39 46 50 47 49 43 40 39 43 46 46 46 45 42 39 43 45 45 49 52 44 40 41 45 45 48 43 46 45 47 46 41 0 42 49 45 51 
51 40 41 40 40 41 44 39 42 42 41 43 44 40 44 44 44 39 39 42 44 46 43 42 42 42 43 40 42 42 42 41 48 40 40 42 47 45 45 44 42 40 43 43 42 40 42 42 43 42 41 42 0 42 43 45 
52 40 44 45 44 43 41 42 40 39 44 43 43 42 39 41 41 44 42 46 40 46 46 48 46 46 46 40 42 43 40 41 46 44 47 38 40 43 42 43 44 42 46 46 45 44 39 39 46 41 45 49 42 0 41 40 
53 42 46 44 44 42 44 43 39 44 43 41 39 41 42 39 44 45 42 46 40 46 46 47 47 47 45 41 42 46 43 44 43 44 45 41 39 46 45 40 42 42 52 48 47 48 43 40 49 44 46 45 43 41 0 41 
54 43 46 44 46 42 42 44 41 40 46 44 46 44 39 41 41 50 44 48 39 43 44 50 48 49 48 42 40 49 42 43 51 46 49 41 40 44 42 44 49 45 49 52 48 46 41 41 43 46 48 51 45 40 41 0 

;param d[*,*]
: 0 1 2 3 4 5 6 7 8 9 10 11 12 13 14 15 16 17 18 19 20 21 22 23 24 25 26 27 28 29 30 31 32 33 34 35 36 37 38 39 40 41 42 43 44 45 46 47 48 49 50 51 52 53 54:=
0 0.0 0 0 0 0.43 0.98 0 0 1.9 0.38 2.45 0 0.74 2.79 0 3.42 0.74 1.01 0 0 1.41 3.42 1.85 1.21 0 2.03 0.1 1.51 3.04 0.3 0.55 2.28 0.86 2.15 0.62 1.11 4.18 4.05 2.45 0.86 1.32 2.22 4.56 1.21 0 0.23 0 0.43 1.88 0.47 0 0.43 0.55 1.36 2.54 
1 0 0.0 0.55 2.16 1.02 0.55 0.99 0 5.07 0.62 1.84 0 2.92 0 0 0.67 0 0 0 2.9 0.73 0 0 0.47 0.42 3.95 3.8 1.37 0.55 0 0.35 0.9 0.52 1.01 4.18 0 3.2 3.58 3.08 0.63 3.67 0.68 0.39 0.76 2.45 0.48 3.29 2.63 1.02 1.11 1.33 1.69 4.43 0 1.88 
2 0 0.55 0.0 0 1.52 0.32 0 3.42 1.02 4.31 0 2.65 3.17 0 2.46 2.45 2.28 1.11 0.67 2.09 4.05 0.59 2.03 1.54 4.18 0.7 0 2.53 0.94 1.51 0 1.96 0 1.27 1.17 3.8 0.94 1.02 5.19 0.57 0 0.98 2.26 0.35 2.45 1.77 0 1.6 0.8 1.6 0.6 0.23 0 1.41 3.2 
3 0 2.16 0 0.0 0 0 0.63 0 3.2 0.55 2.63 1.52 0.92 0 0 2.83 0.35 1.13 1.51 1.6 0.9 0 0 0 0.23 0 1.88 3.29 4.05 3.39 0 1.25 0.49 1.51 1.79 1.33 4.52 0.82 0.55 0 0 0.48 1.91 2.45 0.28 0 0.5 2.53 0.6 0 1.13 0.39 3.11 0.6 4.33 
4 0.43 1.02 1.52 0 0.0 0.3 0.47 0.92 0 1.85 0 0 2.28 0 1.06 0.33 0.94 0.92 3.86 0 2.73 0.86 3.67 0 0 0.67 1.39 0.94 2.66 1.04 0 4.05 0 0 0.66 0 0.43 0 2.92 2.73 1.98 4.69 0 2.03 0 0 0 0.78 0.86 0.55 0 2.03 0 0.4 0 
5 0.98 0.55 0.32 0 0.3 0.0 3.29 0.5 1.54 2.96 4.52 0 4.56 0.27 0 0 3.48 0 0 0 1.13 1.22 2.73 1.72 2.07 0 1.79 0 1.88 0.37 1.65 1.0 2.83 3.8 0.78 0 0.62 0 0 0 4.94 2.65 3.76 1.52 0.73 0 0 0 0.66 0.77 0 1.25 0.3 0 2.26 
6 0 0.99 0 0.63 0.47 3.29 0.0 0.38 1.48 2.35 4.05 0 1.6 0.48 4.69 0 0.47 0.62 1.97 1.97 0.63 0.9 0.37 2.79 0.45 0.57 0.55 0.86 0.7 2.53 1.52 0 0 1.01 1.11 1.06 0 4.18 1.33 1.6 0.99 0 3.29 0 0 1.05 0.32 3.17 2.41 2.66 3.55 0.76 0.35 1.91 0.57 
7 0 0 3.42 0 0.92 0.5 0.38 0.0 0.43 2.35 0.7 0.59 0 0 0 1.72 0 0.3 0 0 2.4 1.45 2.71 2.71 0 0 0 0.63 3.48 0 3.17 0 1.72 2.92 0 0.2 2.46 2.22 0.27 0 1.23 0 0 0 2.73 0 0 2.16 1.13 1.52 1.37 1.42 0.47 0.31 1.17 
8 1.9 5.07 1.02 3.2 0 1.54 1.48 0.43 0.0 1.25 0 0 1.23 0.2 0.22 0 0 0.86 0.78 0.27 0 0 2.65 2.9 0 2.59 1.32 0 0 0 2.79 0 3.11 2.03 0.43 0.2 0.58 0.5 0 2.73 1.54 1.99 3.08 2.83 0.57 0.92 0 2.82 2.35 0 1.6 3.29 0.66 0 0.47 
9 0.38 0.62 4.31 0.55 1.85 2.96 2.35 2.35 1.25 0.0 0.25 0.48 0 0 3.39 1.96 1.42 1.51 0.28 3.48 1.0 0.82 4.33 0.57 0 0.17 1.79 0 1.68 3.95 1.45 1.6 0.66 2.82 1.17 0 0.94 5.18 2.07 0.38 0.85 2.71 0 0.68 1.13 3.48 0 0 1.68 2.35 0.43 0.78 0 1.79 0 
10 2.45 1.84 0 2.63 0 4.52 4.05 0.7 0 0.25 0.0 0 1.9 0 0 1.84 0 0.9 1.25 1.72 2.27 2.07 6.84 2.9 2.46 0.9 0.33 0.58 6.33 2.53 3.76 0 2.07 3.67 0.45 0 0 3.33 0.43 0.68 0.3 3.45 3.51 0 1.02 0 0 0.85 0 0 1.02 3.67 1.91 1.05 2.22 
11 0 0 2.65 1.52 0 0 0 0.59 0 0.48 0 0.0 0 0 0 0 2.71 0 4.33 0.7 3.2 0 3.63 0.95 0 0.63 0 0 4.89 0 5.07 0.43 2.16 5.83 1.54 0.92 0 0 0 0.98 0.48 0 0 1.0 2.34 2.16 0 0 0 1.96 0 2.22 0.45 0 0 
12 0.74 2.92 3.17 0.92 2.28 4.56 1.6 0 1.23 0 1.9 0 0.0 0 1.06 3.58 1.88 0.43 2.45 0.45 0.8 3.67 0.65 0.55 3.67 2.07 0.43 3.29 0 3.8 0 0.98 0.22 1.42 1.69 0.33 0 0 1.17 0 0.08 3.86 3.95 4.69 0.23 1.54 0 4.94 0.53 0.43 0 0.8 0.38 1.23 4.18 
13 2.79 0 0 0 0 0.27 0.48 0 0.2 0 0 0 0 0.0 1.36 1.04 2.53 0.5 2.23 0.51 0.82 1.09 2.59 0 0 2.07 2.91 0.66 3.11 0 0 4.8 0 1.41 0.22 0 1.02 1.23 1.33 0 4.43 3.26 1.99 4.52 2.65 0.8 0 0 1.17 0 1.99 0.55 0 0 0.66 
14 0 0 2.46 0 1.06 0 4.69 0 0.22 3.39 0 0 1.06 1.36 0.0 2.03 1.8 0 4.99 0 0 2.9 3.45 0 2.19 0 0 0 4.61 0 0.6 2.22 2.46 5.7 1.23 0.35 2.9 0 0 0 0 0 2.46 2.31 2.53 1.79 1.11 0 0 0 1.84 0 0.33 0.12 0.99 
15 3.42 0.67 2.45 2.83 0.33 0 0 1.72 0 1.96 1.84 0 3.58 1.04 2.03 0.0 0.7 1.37 2.39 0 0.94 0 0.62 1.99 2.27 0 3.8 0 1.09 0 2.41 0 4.61 2.22 1.88 1.6 0 0.15 0 2.96 1.6 4.71 2.96 4.33 2.9 1.22 1.29 1.41 0 3.14 5.27 2.22 0.63 0 0 
16 0.74 0 2.28 0.35 0.94 3.48 0.47 0 0 1.42 0 2.71 1.88 2.53 1.8 0.7 0.0 1.77 1.42 2.59 0 3.01 0 0 0 1.72 0 2.09 0 0 3.04 1.6 1.05 0.75 1.79 1.41 1.64 1.72 1.52 0 0.27 0 0 1.05 0 1.13 0.5 0.58 2.82 0.15 1.88 0.75 2.03 1.52 0 
17 1.01 0 1.11 1.13 0.92 0 0.62 0.3 0.86 1.51 0.9 0 0.43 0.5 0 1.37 1.77 0.0 2.45 0 0.73 0.53 2.92 0.45 3.29 2.35 0 0.4 1.72 1.02 0 1.97 0 0.27 0.66 1.36 1.52 0 3.29 0 0 1.33 4.31 0 0 0.37 1.69 2.03 0.45 1.98 1.98 0.23 1.29 0.98 3.2 
18 0 0 0.67 1.51 3.86 0 1.97 0 0.78 0.28 1.25 4.33 2.45 2.23 4.99 2.39 1.42 2.45 0.0 3.26 6.59 0 0 2.63 0.8 0 0 0 4.42 3.2 5.7 2.73 0 1.91 1.72 0.77 3.94 0 0.65 0 1.29 3.67 0 0 1.32 4.52 0 3.51 0.87 0 0.23 1.6 0.8 1.8 5.55 
19 0 2.9 2.09 1.6 0 0 1.97 0 0.27 3.48 1.72 0.7 0.45 0.51 0 0 2.59 0 3.26 0.0 0 1.52 0 0 3.39 1.84 0.35 0.92 0.68 0.4 0.48 0 0 2.46 0 0 0 0 0.9 0 1.25 0 0 0 3.86 0 0 1.37 1.17 0 0 0 0 0.43 0.13 
20 1.41 0.73 4.05 0.9 2.73 1.13 0.63 2.4 0 1.0 2.27 3.2 0.8 0.82 0 0.94 0 0.73 6.59 0 0.0 1.36 0 5.27 1.09 6.59 5.07 2.07 2.92 0.7 0.42 2.78 5.46 2.59 1.85 0 0 0.37 3.39 0 4.71 2.11 0 4.71 0.94 0 1.21 0 0.32 0 1.1 0.73 0 2.71 0.45 
21 3.42 0 0.59 0 0.86 1.22 0.9 1.45 0 0.82 2.07 0 3.67 1.09 2.9 0 3.01 0.53 0 1.52 1.36 0.0 0.3 0.6 0 2.23 3.11 1.42 0 0 0.22 0 0 3.04 2.54 2.34 0.17 0 4.99 4.61 0.65 0 0 0 0.68 0.3 1.79 0.23 0.31 0.67 1.99 3.8 0 0.75 0 
22 1.85 0 2.03 0 3.67 2.73 0.37 2.71 2.65 4.33 6.84 3.63 0.65 2.59 3.45 0.62 0 2.92 0 0 0 0.3 0.0 1.29 0 0 0 4.43 0.15 1.13 2.66 3.88 2.46 0.63 3.39 0 0.47 2.09 0.95 1.84 3.48 0 0.68 0.68 0.58 1.79 1.49 1.48 2.16 0 0 2.45 0 0.87 0 
23 1.21 0.47 1.54 0 0 1.72 2.79 2.71 2.9 0.57 2.9 0.95 0.55 0 0 1.99 0 0.45 2.63 0 5.27 0.6 1.29 0.0 0 1.41 0.57 2.71 1.02 3.86 4.05 3.2 1.06 0.25 1.56 3.02 0.77 0.83 0.87 0 0.48 0.43 0.55 0.17 1.36 2.4 2.59 3.86 2.28 0.62 1.72 2.66 1.72 3.2 0 
24 0 0.42 4.18 0.23 0 2.07 0.45 0 0 0 2.46 0 3.67 0 2.19 2.27 0 3.29 0.8 3.39 1.09 0 0 0 0.0 0 2.09 2.96 4.81 0.8 0 0 0.3 0.9 0 2.96 2.23 2.31 2.83 0.47 2.26 0 1.17 0.98 0 0.73 2.71 3.14 0 0.43 1.41 1.36 2.9 0 0 
25 2.03 3.95 0.7 0 0.67 0 0.57 0 2.59 0.17 0.9 0.63 2.07 2.07 0 0 1.72 2.35 0 1.84 6.59 2.23 0 1.41 0 0.0 0 0 0.85 4.8 0 0.7 0.2 2.22 3.76 1.56 1.09 6.12 0.5 0 1.79 1.84 0 0 0.27 0.78 0 0 4.99 2.45 0 1.66 4.23 1.49 2.15 
26 0.1 3.8 0 1.88 1.39 1.79 0.55 0 1.32 1.79 0.33 0 0.43 2.91 0 3.8 0 0 0 0.35 5.07 3.11 0 0.57 2.09 0 0.0 0.7 3.8 2.07 2.53 1.21 0 1.36 0 0.55 1.49 3.39 1.88 1.6 1.39 1.6 2.53 4.56 1.88 2.28 0.62 4.05 1.54 0 2.54 0.22 0.92 0.66 3.29 
27 1.51 1.37 2.53 3.29 0.94 0 0.86 0.63 0 0 0.58 0 3.29 0.66 0 0 2.09 0.4 0 0.92 2.07 1.42 4.43 2.71 2.96 0 0.7 0.0 3.29 0.75 0.55 4.52 0.63 1.13 0.66 0.27 2.26 1.79 0 2.22 0 0.77 0.73 1.6 1.41 0.56 0.31 1.79 0.86 0.72 0.75 1.02 0 1.42 0.8 
28 3.04 0.55 0.94 4.05 2.66 1.88 0.7 3.48 0 1.68 6.33 4.89 0 3.11 4.61 1.09 0 1.72 4.42 0.68 2.92 0 0.15 1.02 4.81 0.85 3.8 3.29 0.0 1.79 0.74 7.6 0.65 0.59 0.47 3.67 0 0.42 1.99 1.72 0.57 0.38 0.33 0.74 4.31 1.88 3.8 0.92 1.22 0 4.14 2.91 3.67 1.76 0 
29 0.3 0 1.51 3.39 1.04 0.37 2.53 0 0 3.95 2.53 0 3.8 0 0 0 0 1.02 3.2 0.4 0.7 0 1.13 3.86 0.8 4.8 2.07 0.75 1.79 0.0 0.85 0 1.56 0.43 0.86 1.48 0 0 0 0 1.97 2.53 0.63 2.22 0 0.38 0 0.68 0 2.53 2.9 2.45 1.13 0 1.29 
30 0.55 0.35 0 0 0 1.65 1.52 3.17 2.79 1.45 3.76 5.07 0 0 0.6 2.41 3.04 0 5.7 0.48 0.42 0.22 2.66 4.05 0 0 2.53 0.55 0.74 0.85 0.0 0 3.2 0 1.41 2.45 1.79 1.23 2.46 3.39 0.45 0.53 1.85 0.45 2.92 0.31 0.28 0.8 0.66 1.29 2.53 0.32 0.99 2.03 1.72 
31 2.28 0.9 1.96 1.25 4.05 1.0 0 0 0 1.6 0 0.43 0.98 4.8 2.22 0 1.6 1.97 2.73 0 2.78 0 3.88 3.2 0 0.7 1.21 4.52 7.6 0 0 0.0 0.94 4.42 0 1.37 1.15 0 0.7 0 3.29 3.76 2.5 5.46 0.48 0.82 0 3.88 0 0 0.98 0 2.71 1.85 0 
32 0.86 0.52 0 0.49 0 2.83 0 1.72 3.11 0.66 2.07 2.16 0.22 0 2.46 4.61 1.05 0 0 0 5.46 0 2.46 1.06 0.3 0.2 0 0.63 0.65 1.56 3.2 0.94 0.0 0 1.17 0 0 0.89 0 0.94 0.49 0 0.65 3.2 0.2 0.6 2.92 4.42 3.86 0 0 0.25 1.37 1.29 2.83 
33 2.15 1.01 1.27 1.51 0 3.8 1.01 2.92 2.03 2.82 3.67 5.83 1.42 1.41 5.7 2.22 0.75 0.27 1.91 2.46 2.59 3.04 0.63 0.25 0.9 2.22 1.36 1.13 0.59 0.43 0 4.42 0 0.0 0.43 0 4.18 4.56 0.7 1.91 2.66 2.28 2.28 0 0.32 2.26 0.47 0 0 0.27 3.67 0.17 0 3.76 0 
34 0.62 4.18 1.17 1.79 0.66 0.78 1.11 0 0.43 1.17 0.45 1.54 1.69 0.22 1.23 1.88 1.79 0.66 1.72 0 1.85 2.54 3.39 1.56 0 3.76 0 0.66 0.47 0.86 1.41 0 1.17 0.43 0.0 0 0.5 0 1.6 1.72 0 2.71 4.05 3.67 1.17 0.39 0.12 2.35 1.17 2.34 3.58 1.98 0 1.05 0 
35 1.11 0 3.8 1.33 0 0 1.06 0.2 0.2 0 0 0.92 0.33 0 0.35 1.6 1.41 1.36 0.77 0 0 2.34 0 3.02 2.96 1.56 0.55 0.27 3.67 1.48 2.45 1.37 0 0 0 0.0 1.56 0.58 0 1.6 0.98 2.11 0 3.02 0 0 0 0 0.48 0 1.56 0 0 0.12 0.92 
36 4.18 3.2 0.94 4.52 0.43 0.62 0 2.46 0.58 0.94 0 0 0 1.02 2.9 0 1.64 1.52 3.94 0 0 0.17 0.47 0.77 2.23 1.09 1.49 2.26 0 0 1.79 1.15 0 4.18 0.5 1.56 0.0 0.12 5.27 3.39 0 0.7 0 2.4 0 1.88 0 0.56 1.13 4.71 1.0 3.58 0.47 0.78 2.03 
37 4.05 3.58 1.02 0.82 0 0 4.18 2.22 0.5 5.18 3.33 0 0 1.23 0 0.15 1.72 0 0 0 0.37 0 2.09 0.83 2.31 6.12 3.39 1.79 0.42 0 1.23 0 0.89 4.56 0 0.58 0.12 0.0 4.89 0.9 2.83 0.8 0 0 3.14 1.11 1.72 0 1.22 4.99 0 1.52 1.42 0 2.45 
38 2.45 3.08 5.19 0.55 2.92 0 1.33 0.27 0 2.07 0.43 0 1.17 1.33 0 0 1.52 3.29 0.65 0.9 3.39 4.99 0.95 0.87 2.83 0.5 1.88 0 1.99 0 2.46 0.7 0 0.7 1.6 0 5.27 4.89 0.0 0 2.91 1.0 7.73 7.1 1.91 3.39 0.4 1.99 0 2.71 2.03 4.05 1.09 0.74 0.53 
39 0.86 0.63 0.57 0 2.73 0 1.6 0 2.73 0.38 0.68 0.98 0 0 0 2.96 0 0 0 0 0 4.61 1.84 0 0.47 0 1.6 2.22 1.72 0 3.39 0 0.94 1.91 1.72 1.6 3.39 0.9 0 0.0 0 2.83 6.08 0.72 0.92 3.39 0.45 0 3.95 0 1.41 1.98 3.01 0.42 0 
40 1.32 3.67 0 0 1.98 4.94 0.99 1.23 1.54 0.85 0.3 0.48 0.08 4.43 0 1.6 0.27 0 1.29 1.25 4.71 0.65 3.48 0.48 2.26 1.79 1.39 0 0.57 1.97 0.45 3.29 0.49 2.66 0 0.98 0 2.83 2.91 0 0.0 4.69 1.52 2.09 0.15 2.63 2.79 3.76 0 2.66 1.51 1.39 0.43 0 0.63 
41 2.22 0.68 0.98 0.48 4.69 2.65 0 0 1.99 2.71 3.45 0 3.86 3.26 0 4.71 0 1.33 3.67 0 2.11 0 0 0.43 0 1.84 1.6 0.77 0.38 2.53 0.53 3.76 0 2.28 2.71 2.11 0.7 0.8 1.0 2.83 4.69 0.0 0 0.16 1.25 0 0.77 3.58 2.22 0 1.52 1.66 2.83 0 5.65 
42 4.56 0.39 2.26 1.91 0 3.76 3.29 0 3.08 0 3.51 0 3.95 1.99 2.46 2.96 0 4.31 0 0 0 0 0.68 0.55 1.17 0 2.53 0.73 0.33 0.63 1.85 2.5 0.65 2.28 4.05 0 0 0 7.73 6.08 1.52 0 0.0 0 0 0 5.7 1.37 3.11 1.48 0 3.55 5.7 0 0 
43 1.21 0.76 0.35 2.45 2.03 1.52 0 0 2.83 0.68 0 1.0 4.69 4.52 2.31 4.33 1.05 0 0 0 4.71 0 0.68 0.17 0.98 0 4.56 1.6 0.74 2.22 0.45 5.46 3.2 0 3.67 3.02 2.4 0 7.1 0.72 2.09 0.16 0 0.0 0.48 4.43 0 0 3.01 0 0 2.91 0.7 0.9 2.15 
44 0 2.45 2.45 0.28 0 0.73 0 2.73 0.57 1.13 1.02 2.34 0.23 2.65 2.53 2.9 0 0 1.32 3.86 0.94 0.68 0.58 1.36 0 0.27 1.88 1.41 4.31 0 2.92 0.48 0.2 0.32 1.17 0 0 3.14 1.91 0.92 0.15 1.25 0 0.48 0.0 0 0 1.68 0.63 1.22 0 1.13 0 0 4.33 
45 0.23 0.48 1.77 0 0 0 1.05 0 0.92 3.48 0 2.16 1.54 0.8 1.79 1.22 1.13 0.37 4.52 0 0 0.3 1.79 2.4 0.73 0.78 2.28 0.56 1.88 0.38 0.31 0.82 0.6 2.26 0.39 0 1.88 1.11 3.39 3.39 2.63 0 0 4.43 0 0.0 0.74 0 0.15 2.34 0 0.86 0 1.06 0 
46 0 3.29 0 0.5 0 0 0.32 0 0 0 0 0 0 0 1.11 1.29 0.5 1.69 0 0 1.21 1.79 1.49 2.59 2.71 0 0.62 0.31 3.8 0 0.28 0 2.92 0.47 0.12 0 0 1.72 0.4 0.45 2.79 0.77 5.7 0 0 0.74 0.0 2.54 1.29 1.52 1.49 2.79 0.31 0 0.63 
47 0.43 2.63 1.6 2.53 0.78 0 3.17 2.16 2.82 0 0.85 0 4.94 0 0 1.41 0.58 2.03 3.51 1.37 0 0.23 1.48 3.86 3.14 0 4.05 1.79 0.92 0.68 0.8 3.88 4.42 0 2.35 0 0.56 0 1.99 0 3.76 3.58 1.37 0 1.68 0 2.54 0.0 0 4.14 3.26 3.93 0 0 2.92 
48 1.88 1.02 0.8 0.6 0.86 0.66 2.41 1.13 2.35 1.68 0 0 0.53 1.17 0 0 2.82 0.45 0.87 1.17 0.32 0.31 2.16 2.28 0 4.99 1.54 0.86 1.22 0 0.66 0 3.86 0 1.17 0.48 1.13 1.22 0 3.95 0 2.22 3.11 3.01 0.63 0.15 1.29 0 0.0 1.52 4.52 3.29 0.3 2.22 0 
49 0.47 1.11 1.6 0 0.55 0.77 2.66 1.52 0 2.35 0 1.96 0.43 0 0 3.14 0.15 1.98 0 0 0 0.67 0 0.62 0.43 2.45 0 0.72 0 2.53 1.29 0 0 0.27 2.34 0 4.71 4.99 2.71 0 2.66 0 1.48 0 1.22 2.34 1.52 4.14 1.52 0.0 1.69 2.15 0.7 2.9 0 
50 0 1.33 0.6 1.13 0 0 3.55 1.37 1.6 0.43 1.02 0 0 1.99 1.84 5.27 1.88 1.98 0.23 0 1.1 1.99 0 1.72 1.41 0 2.54 0.75 4.14 2.9 2.53 0.98 0 3.67 3.58 1.56 1.0 0 2.03 1.41 1.51 1.52 0 0 0 0 1.49 3.26 4.52 1.69 0.0 1.36 0 0.67 0 
51 0.43 1.69 0.23 0.39 2.03 1.25 0.76 1.42 3.29 0.78 3.67 2.22 0.8 0.55 0 2.22 0.75 0.23 1.6 0 0.73 3.8 2.45 2.66 1.36 1.66 0.22 1.02 2.91 2.45 0.32 0 0.25 0.17 1.98 0 3.58 1.52 4.05 1.98 1.39 1.66 3.55 2.91 1.13 0.86 2.79 3.93 3.29 2.15 1.36 0.0 1.54 0 2.34 
52 0.55 4.43 0 3.11 0 0.3 0.35 0.47 0.66 0 1.91 0.45 0.38 0 0.33 0.63 2.03 1.29 0.8 0 0 0 0 1.72 2.9 4.23 0.92 0 3.67 1.13 0.99 2.71 1.37 0 0 0 0.47 1.42 1.09 3.01 0.43 2.83 5.7 0.7 0 0 0.31 0 0.3 0.7 0 1.54 0.0 1.17 0.51 
53 1.36 0 1.41 0.6 0.4 0 1.91 0.31 0 1.79 1.05 0 1.23 0 0.12 0 1.52 0.98 1.8 0.43 2.71 0.75 0.87 3.2 0 1.49 0.66 1.42 1.76 0 2.03 1.85 1.29 3.76 1.05 0.12 0.78 0 0.74 0.42 0 0 0 0.9 0 1.06 0 0 2.22 2.9 0.67 0 1.17 0.0 0.33 
54 2.54 1.88 3.2 4.33 0 2.26 0.57 1.17 0.47 0 2.22 0 4.18 0.66 0.99 0 0 3.2 5.55 0.13 0.45 0 0 0 0 2.15 3.29 0.8 0 1.29 1.72 0 2.83 0 0 0.92 2.03 2.45 0.53 0 0.63 5.65 0 2.15 4.33 0 0.63 2.92 0 0 0 2.34 0.51 0.33 0.0 

;