set O:= 0;
set N:= 1 2 3 4 5 6 7 8 9 10 11 12 13 14 15 16 17 18 19 20 21 22 23 24 25 26 27 28 29 30 31 32 33 34 35 36 37 38 39 40 41 42 43 44 45 46 47 48 49;
set K:= 1 2 3 4 5 6 7 8;
param V:= 8;
param cp:= 120;
param dm:= 2.0;
param o:=
0 0
1 18
2 26
3 11
4 30
5 21
6 19
7 15
8 16
9 29
10 26
11 37
12 16
13 12
14 31
15 8
16 19
17 20
18 13
19 15
20 22
21 28
22 12
23 6
24 27
25 14
26 18
27 17
28 29
29 13
30 22
31 25
32 28
33 27
34 19
35 10
36 12
37 14
38 24
39 16
40 33
41 15
42 11
43 18
44 17
45 21
46 27
47 19
48 20
49 5
;
param c[*,*]
: 0 1 2 3 4 5 6 7 8 9 10 11 12 13 14 15 16 17 18 19 20 21 22 23 24 25 26 27 28 29 30 31 32 33 34 35 36 37 38 39 40 41 42 43 44 45 46 47 48 49:=
0 0 9 5 7 5 11 3 5 5416 10 38 13 9 7944 12 9749 9 2889 12 9 16 9749 22 14 12 48 2 23 8666 7 6 27 16 6138 7 6499 11915 11554 38 10 20 26 12999 14 8 6 4 10 29 11 
1 9 0 6 5107 12 15 12 9 8882 13 16 15 45 9 12 18 3 9 11 10436 20 8 2 11 14 11727 10832 10 6 11 8 17 11 1776 7328 11 12277 13721 28 12 10471 5 3 1332 5773 12 31 10110 19 3997 
2 5 6 0 5 4333 8 3 9749 12 12277 11 24 9027 10 29 38 3997 13 16 25 11554 7 5777 11 11915 17 7 7222 14 23 3 23 11 2220 14 10832 11 12 11448 14 9 11 35 8 23 5055 8 25 9 12 
3 7 5107 5 0 6 9 7 6 7550 6 7818 22 22 10 9 41 4 4333 3553 18 15 9 7 5 4 4 7222 7772 7106 7994 6 14 7 14 26 15 10658 14 12 4 4 8 28 5773 666 7 8 36 10 2 
4 5 12 4333 6 0 8 5 5416 6 43 10 11 6499 7 39 9 21 11 14804 9 10471 16 10471 8 17 18 3972 3611 7583 3972 3 15526 12 4 2528 6 12 9 8655 10471 30 13360 13 24 6 3 4 14 20 15 
5 11 15 8 9 8 0 9388 13 22 69 13402 14 12999 4 10 3 8216 12 18 7 4333 4694 10471 20 30 23 21 3 29 9 4694 27 66 6661 9 7 14 3 13 19 14082 62 14443 28 12 4 5 3 2528 13 
6 3 12 3 7 5 9388 0 9 17 36 11554 14 25 12 13360 11 5 7 23 23 15 10 9 7944 11 14 6 10 8 7222 4333 15 8 2889 13 12 11 11915 15 19 12 10 9388 8 6 12 8 9027 6860 7583 
7 5 9 9749 6 5416 13 9 0 1554 5551 20 17 6 5 3 6217 7 13 11 3 8660 53 9770 9770 13 9 3 14 53 11 9027 7 25 28 2 4 8882 7994 9 5 7222 14 12 11 6439 9 2 7772 42 35 
8 5416 8882 12 7550 6 22 17 1554 0 14 8 6 14 3 6 5 8 10 16 6 7 13 19 10436 15 37 20 2 13 7 7944 10 7328 15 6 4 10 8 6 6439 18 14 22 20 9 22 1 6661 9027 11 
9 10 13 12277 6 43 69 36 5551 14 0 5 10 5 10 7994 36 20 5777 6 8216 27 22 12844 9 7 3 6860 8 19 15165 17 4747 1954 27 13 7 25 19859 6143 1117 3250 49 14 14 2665 13360 7 20 31 5551 
10 38 16 11 7818 10 13402 11554 20 8 5 0 5 5416 11 8 26 12 10 18 7818 32 30 15077 13123 11168 13 8 12 13960 46 45 5 6143 44 9 7 16 60 1954 3071 7 31 32 15 15 10 8 18 14 12 
11 13 15 24 22 11 14 14 17 6 10 5 0 11 10 3 11 12285 12 12844 20 14519 16 16473 32 15 13 8 11 58 12 11168 15 39 12844 6980 4188 17 17 3 28 21 22 22 34 42 9772 8 14 14 56 
12 9 45 9027 22 6499 12999 25 6 14 5 5416 11 0 11 39 55 29 5 9388 19 19 56 16 13 10471 7944 5 9388 13 10832 9 11 6 17 26 14 16 16 14 4 2 59 61 13360 6 18 6 14082 13 10 
13 7944 9 10 10 7 4 12 5 3 10 11 10 11 0 4885 2443 9104 12 32 12 9 20 19 11 15 24 8305 1554 48 5 8 11324 11 10 4 4 12 18 19 10 12638 24 14 43 38 19 3 5 27 11 
14 12 12 29 9 39 10 13360 3 6 7994 8 3 39 4885 0 7328 41 14 14798 2 12 16971 12435 16 63 10 8 5 71 12 14 7994 36 9992 4441 8 10436 9 5 9 12 18 56 52 36 10471 3997 10 17 13 
15 9749 18 38 41 9 3 11 6217 5 36 26 11 55 2443 7328 0 12 16 34 5 3611 8 17 23 32 22 10832 3 13 4 6860 24 17693 16 4441 5773 6 4 12 69 19 18054 69 16609 42 4694 19 5416 5 45 
16 9 3 3997 4 21 8216 5 7 8 20 12 12285 29 9104 41 12 0 5055 20 9326 11 7106 6 3 3 25 8 7550 5 7 5329 36 15 7 6439 32 19 20 44 6 6 5 6 3775 3 26 13 10 6661 4 
17 2889 9 13 4333 11 12 7 13 10 5777 10 12 5 12 14 16 5055 0 9388 13 18 13 45 11 9388 9027 3 10 20 12 7 23 5 6 8 7944 18 14 9388 6 2 15 12277 11 5 9 26 24 11 30 
18 12 11 16 3553 14804 18 23 11 16 6 18 12844 9388 32 14798 34 20 9388 0 59 19545 20 13 6217 15 3 12 14 68 75 16248 8097 4 14 25 16 71 20 14 7 30 10889 12 11 3109 17332 14 64 23 4 
19 9 10436 25 18 9 7 23 3 6 8216 7818 20 19 12 2 5 9326 13 59 0 9 56 12 12 15356 21 15 3331 16 17 12 9 10 18 3 2 8 8 26 9 46 14 13 12 9104 9 3 31 43 12 
20 16 20 11554 15 10471 4333 15 8660 7 27 32 14519 19 9 12 3611 11 18 19545 9 0 32 16 12435 23 25275 14443 4885 45 13 10 51 20942 19 27 8 5 9 61 21 72 39 18 18054 16 9 14 6 9 13 
21 9749 8 7 9 16 4694 10 53 13 22 30 16 56 20 16971 8 7106 13 20 56 32 0 8 10 19 41 48 33 3 5 5 26 16 5329 9749 13721 5 6 14798 17693 16 12 12 10 11 8 42 4 6 11 
22 22 2 5777 7 10471 10471 9 9770 19 12844 15077 16473 16 19 12435 17 6 45 13 12 16 8 0 4663 11 14 13 7772 4 21 7583 35 45 4 32 13 13 49 18 16 53 3 5 5 10 21 11 35 8305 7 
23 14 11 11 5 8 20 7944 9770 10436 9 13123 32 13 11 16 23 3 11 6217 12 12435 10 4663 0 3 16 14 9770 7 9104 7106 11546 12 4 36 10880 13 14 29 8 12 10 12 4 20 8660 9326 9104 33 2220 
24 12 14 11915 4 17 30 11 13 15 7 11168 15 10471 15 63 32 3 9388 15 15356 23 19 11 3 0 7 25 13402 13721 22 14 14 6 6 12 13402 32 33 12844 16 35 9 34 28 3 32 12285 57 18 1554 
25 48 11727 17 4 18 23 14 9 37 3 13 13 7944 24 10 22 25 9027 3 21 25275 41 14 16 7 0 11 12 20 18415 17 10 4 16 8882 18 29 23470 10 4 6860 26 16 14 4 21 9 24 19137 5773 
26 2 10832 7 7222 3972 21 6 3 20 6860 8 8 5 8305 8 10832 8 3 12 15 14443 48 13 14 25 11 0 8 10832 32 7222 14 8 16 4 20 17 52 29 25 3972 19 30 12999 7222 6499 7 11554 18 11 
27 23 10 7222 7772 3611 3 10 14 2 8 12 11 9388 1554 5 3 7550 10 14 3331 4885 33 7772 9770 13402 12 8 0 9388 2889 6 10658 11 8 1554 7 5329 4219 9 32 10 11 11 11 16 2166 4 4219 20 19 
28 8666 6 14 7106 7583 29 8 53 13 19 13960 58 13 48 71 13 5 20 68 16 45 3 4 7 13721 20 10832 9388 0 27 9 21665 16 4 11 56 7 10 18 20 14 9 8 9 7550 29 10832 11 19 7 
29 7 11 23 7994 3972 9 7222 11 7 15165 46 12 10832 5 12 4 7 12 75 17 13 5 21 9104 22 18415 32 2889 27 0 13 19 29 6 20 8666 6 5 11 16 23 59 17 52 9 1444 6 16 2 36 
30 6 8 3 6 3 4694 4333 9027 7944 17 45 11168 9 8 14 6860 5329 7 16248 12 10 5 7583 7106 14 17 7222 6 9 13 0 18 49 4 22 38 27 14 22 52 11 13 22 11 28 4 7 9 10 9 
31 27 17 23 14 15526 27 15 7 10 4747 5 15 11 11324 7994 24 36 23 8097 9 51 26 35 11546 14 10 14 10658 21665 19 18 0 13 42 10 31 31 27 20 5 9388 34 22 65 8 22 10 91 21 10 
32 16 11 11 7 12 66 8 25 7328 1954 6143 39 6 11 36 17693 15 5 4 10 20942 16 45 12 6 4 8 11 16 29 49 13 0 5 13 7 21 24 8 2792 12 10 14 9493 2 16 6883 16971 14804 4 
33 6138 1776 2220 14 4 6661 2889 28 15 27 44 12844 17 10 9992 16 7 6 14 18 19 5329 4 4 6 16 16 8 4 6 4 42 5 0 6 8 7328 7994 13 14 7583 3997 3997 3 5 21 7 6 5 4 
34 7 7328 14 26 2528 9 13 2 6 13 9 6980 26 4 4441 4441 6439 8 25 3 27 9749 32 36 12 8882 4 1554 11 20 22 10 13 6 0 3 8 6 29 25 8 20 38 35 13 7 2 5551 27 8438 
35 6499 11 10832 15 6 7 12 4 4 7 7 4188 14 4 8 5773 32 7944 16 2 8 13721 13 10880 13402 18 20 7 56 8666 38 31 7 8 3 0 36 16 5 5773 36 48 15 10880 8 7 2 10 21 10 
36 11915 12277 11 10658 12 14 11 8882 10 25 16 17 16 12 10436 6 19 18 71 8 5 5 13 13 32 29 17 5329 7 6 27 31 21 7328 8 36 0 3 15636 79 17 19 14 56 11 7222 8 2166 4333 11102 
37 11554 13721 12 14 9 3 11915 7994 8 19859 60 17 16 18 9 4 20 14 20 8 9 6 49 14 33 23470 52 4219 10 5 14 27 24 7994 6 16 3 0 14519 24 33 22 18 18 45 26 25 4 4694 11769 
38 38 28 11448 12 8655 13 15 9 6 6143 1954 3 14 19 5 12 44 9388 14 26 61 14798 18 29 12844 10 29 9 18 11 22 20 8 13 29 5 15636 14519 0 6 8305 19 17032 15636 35 10051 8 28 14 12285 
39 10 12 14 4 10471 19 19 5 6439 1117 3071 28 4 10 9 69 6 6 7 9 21 17693 16 8 16 4 25 32 20 16 52 5 2792 14 25 5773 79 24 6 0 4 26 13402 13 13 12999 7 20 15165 7 
40 20 10471 9 4 30 14082 12 7222 18 3250 7 21 2 12638 12 19 6 2 30 46 72 16 53 12 35 6860 3972 10 14 23 11 9388 12 7583 8 36 17 33 8305 4 0 13360 18 25 4 40 7944 58 12 7583 
41 26 5 11 8 13360 62 10 14 14 49 31 22 59 24 18 18054 5 15 10889 14 39 12 3 10 9 26 19 11 9 59 13 34 10 3997 20 48 19 22 19 26 13360 0 1 1 14 14 11 13721 52 6 
42 12999 3 35 28 13 14443 9388 12 22 14 32 22 61 14 56 69 6 12277 12 13 18 12 5 12 34 16 30 11 8 17 22 22 14 3997 38 15 14 18 17032 13402 18 1 0 1 8 14 9992 25 11915 5329 
43 14 1332 8 5773 24 28 8 11 20 14 15 34 13360 43 52 16609 3775 11 11 12 18054 10 5 4 28 14 12999 11 9 52 11 65 9493 3 35 10880 56 18 15636 13 25 1 1 0 8 12638 9 12 11554 4 
44 8 5773 23 666 6 12 6 6439 9 2665 15 42 6 38 36 42 3 5 3109 9104 16 11 10 20 3 4 7222 16 7550 9 28 8 2 5 13 8 11 45 35 13 4 14 8 8 0 8 7 19 11 2887 
45 6 12 5055 7 3 4 12 9 22 13360 10 9772 18 19 10471 4694 26 9 17332 9 9 8 21 8660 32 21 6499 2166 29 1444 4 22 16 21 7 7 7222 26 10051 12999 40 14 14 12638 8 0 17 5 4 8438 
46 4 31 8 8 4 5 8 2 1 7 8 8 6 3 3997 19 13 26 14 3 14 42 11 9326 12285 9 7 4 10832 6 7 10 6883 7 2 2 8 25 8 7 7944 11 9992 9 7 17 0 5995 30 35 
47 10 10110 25 36 14 3 9027 7772 6661 20 18 14 14082 5 10 5416 10 24 64 31 6 4 35 9104 57 24 11554 4219 11 16 9 91 16971 6 5551 10 2166 4 28 20 58 13721 25 12 19 5 5995 0 2 9770 
48 29 19 9 10 20 2528 6860 42 9027 31 14 14 13 27 17 5 6661 11 23 43 9 6 8305 33 18 19137 18 20 19 2 10 21 14804 5 27 21 4333 4694 14 15165 12 52 11915 11554 11 4 30 2 0 17 
49 11 3997 12 2 15 13 7583 35 11 5551 12 56 10 11 13 45 4 30 4 12 13 11 7 2220 1554 5773 11 19 7 36 9 10 4 4 8438 10 11102 11769 12285 7 7583 6 5329 4 2887 8438 35 9770 17 0 

;param cto[*,*]
: 0 1 2 3 4 5 6 7 8 9 10 11 12 13 14 15 16 17 18 19 20 21 22 23 24 25 26 27 28 29 30 31 32 33 34 35 36 37 38 39 40 41 42 43 44 45 46 47 48 49:=
0 0 46 44 45 39 42 43 44 40 42 42 43 40 42 43 43 41 39 48 42 44 43 43 43 48 44 39 41 42 41 40 44 42 41 40 41 44 44 42 42 40 44 44 43 41 40 44 42 41 43 
1 46 0 40 42 42 44 41 49 45 44 46 51 43 49 51 45 44 46 44 46 46 46 43 40 42 45 43 44 40 47 42 47 43 39 44 46 44 45 47 45 43 40 40 39 42 43 44 43 42 41 
2 44 40 0 46 40 41 43 43 42 44 49 46 42 46 45 42 41 41 45 44 44 40 41 42 44 45 45 41 40 41 43 47 47 40 41 43 42 42 45 44 46 42 42 42 42 40 45 41 40 42 
3 45 42 46 0 42 49 41 47 44 40 43 45 40 45 49 46 39 40 41 45 47 49 47 41 40 45 41 44 44 44 47 44 39 41 43 44 46 47 44 41 40 43 43 42 38 47 43 45 44 44 
4 39 42 40 42 0 41 40 40 40 43 43 43 41 41 43 41 42 40 45 42 43 42 43 48 45 45 40 40 42 40 43 46 43 45 39 45 42 46 43 43 42 44 48 44 46 39 39 41 40 44 
5 42 44 41 49 41 0 42 43 42 46 46 46 44 41 44 39 44 47 48 43 40 40 43 46 47 48 43 40 41 39 40 49 46 43 41 43 40 43 50 46 45 46 45 45 46 44 42 39 39 46 
6 43 41 43 41 40 42 0 42 42 42 44 48 41 43 44 47 40 40 44 44 45 42 42 42 43 44 40 42 41 41 40 49 45 39 41 43 47 44 44 42 41 46 42 46 45 41 41 42 41 42 
7 44 49 43 47 40 43 42 0 39 42 41 40 40 41 40 43 47 41 49 44 45 44 46 46 46 44 43 41 44 42 42 47 43 43 40 39 45 44 41 46 41 47 47 46 43 41 39 44 43 45 
8 40 45 42 44 40 42 42 39 0 44 42 45 41 40 40 46 48 42 46 39 47 44 46 46 46 45 40 44 48 45 42 45 44 44 39 39 44 43 46 43 42 47 47 46 44 40 42 43 42 46 
9 42 44 44 40 43 46 42 42 44 0 40 43 40 49 44 47 42 41 41 44 49 47 46 44 46 40 41 48 46 45 44 41 39 43 43 43 48 48 42 38 39 46 46 45 40 44 47 47 46 42 
10 42 46 49 43 43 46 44 41 42 40 0 40 40 48 42 46 44 42 44 43 48 47 47 46 45 42 41 44 47 45 45 40 42 45 43 42 52 47 39 40 41 48 48 51 42 48 42 47 46 45 
11 43 51 46 45 43 46 48 40 45 43 40 0 42 43 40 49 46 43 46 41 47 47 48 48 51 45 46 43 47 45 45 42 44 46 42 40 48 47 39 42 43 49 49 49 45 44 42 51 46 47 
12 40 43 42 40 41 44 41 40 41 40 40 42 0 47 43 45 41 39 42 43 46 45 45 44 43 42 39 42 48 43 46 42 40 42 41 41 50 49 41 43 39 45 45 44 40 42 45 45 44 42 
13 42 49 46 45 41 41 43 41 40 49 48 43 47 0 42 40 45 43 48 40 42 43 45 51 51 47 42 39 44 44 45 47 46 44 40 41 42 41 44 45 44 47 47 46 46 40 40 46 41 51 
14 43 51 45 49 43 44 44 40 40 44 42 40 43 42 0 44 46 43 47 43 46 46 48 48 48 50 46 46 47 47 44 44 45 46 41 39 46 49 41 44 47 49 49 48 45 43 41 49 45 47 
15 43 45 42 46 41 39 47 43 46 47 46 49 45 40 44 0 45 44 49 46 40 42 44 47 48 52 43 44 43 40 41 49 47 44 41 42 44 39 49 46 45 47 46 46 46 40 42 40 44 47 
16 41 44 41 39 42 44 40 47 48 42 44 46 41 45 46 45 0 40 42 45 51 44 42 40 44 43 46 44 46 47 42 45 41 39 43 44 45 46 45 42 41 42 42 41 40 43 43 44 43 39 
17 39 46 41 40 40 47 40 41 42 41 42 43 39 43 43 44 40 0 42 43 46 44 43 43 42 42 43 42 43 42 45 44 44 41 41 42 45 49 42 44 43 44 44 47 40 42 41 44 43 42 
18 48 44 45 41 45 48 44 49 46 41 44 46 42 48 47 49 42 42 0 47 50 51 50 43 40 44 48 51 46 47 46 43 44 43 46 46 49 49 45 42 42 45 49 44 40 46 46 48 47 45 
19 42 46 44 45 42 43 44 44 39 44 43 41 43 40 43 46 45 43 47 0 44 45 47 51 48 46 42 40 45 42 43 49 45 45 40 43 48 44 42 44 44 48 52 51 45 42 40 44 43 47 
20 44 46 44 47 43 40 45 45 47 49 48 47 46 42 46 40 51 46 50 44 0 42 45 48 49 50 45 42 43 41 42 51 48 45 43 48 40 39 48 52 47 47 51 47 48 42 43 44 41 52 
21 43 46 40 49 42 40 42 44 44 47 47 47 45 43 46 42 44 44 51 45 42 0 41 44 46 48 44 42 43 44 40 49 50 42 43 45 40 41 47 47 45 47 43 47 45 41 43 39 39 45 
22 43 43 41 47 43 43 42 46 46 46 47 48 45 45 48 44 42 43 50 47 45 41 0 42 44 51 48 44 39 43 42 49 45 41 44 46 43 44 48 46 44 44 40 40 44 43 45 42 42 43 
23 43 40 42 41 48 46 42 46 46 44 46 48 44 51 48 47 40 43 43 51 48 44 42 0 44 44 44 46 42 45 44 47 43 40 45 47 46 47 47 48 43 40 40 40 42 45 45 45 44 40 
24 48 42 44 40 45 47 43 46 46 46 45 51 43 51 48 48 44 42 40 48 49 46 44 44 0 42 44 46 45 46 49 45 41 42 49 46 48 48 46 43 42 42 43 42 40 46 46 47 46 39 
25 44 45 45 45 45 48 44 44 45 40 42 45 42 47 50 52 43 42 44 46 50 48 51 44 42 0 47 46 47 47 50 41 40 44 45 45 49 49 43 44 41 46 47 46 41 46 49 48 47 42 
26 39 43 45 41 40 43 40 43 40 41 41 46 39 42 46 43 46 43 48 42 45 44 48 44 44 47 0 41 43 42 41 43 41 42 43 40 45 44 41 41 40 45 45 44 41 41 40 44 42 47 
27 41 44 41 44 40 40 42 41 44 48 44 43 42 39 46 44 44 42 51 40 42 42 44 46 46 46 41 0 42 39 40 46 45 43 39 41 42 41 47 44 47 46 46 45 44 39 39 41 40 46 
28 42 40 40 44 42 41 41 44 48 46 47 47 48 44 47 43 46 43 46 45 43 43 39 42 45 47 43 42 0 41 40 49 45 40 43 45 45 42 47 46 44 42 41 41 44 41 43 40 40 47 
29 41 47 41 44 40 39 41 42 45 45 45 45 43 44 47 40 47 42 47 42 41 44 43 45 46 47 42 39 41 0 39 51 45 42 40 42 41 40 49 45 44 45 45 44 45 38 44 40 43 45 
30 40 42 43 47 43 40 40 42 42 44 45 45 46 45 44 41 42 45 46 43 42 40 42 44 49 50 41 40 40 39 0 51 44 45 40 42 41 41 45 44 43 44 43 43 43 39 41 40 39 44 
31 44 47 47 44 46 49 49 47 45 41 40 42 42 47 44 49 45 44 43 49 51 49 49 47 45 41 43 46 49 51 51 0 42 46 45 44 50 50 41 41 42 49 49 48 43 47 45 49 52 45 
32 42 43 47 39 43 46 45 43 44 39 42 44 40 46 45 47 41 44 44 45 48 50 45 43 41 40 41 45 45 45 44 42 0 46 43 48 47 47 47 40 39 48 45 44 39 44 43 46 45 41 
33 41 39 40 41 45 43 39 43 44 43 45 46 42 44 46 44 39 41 43 45 45 42 41 40 42 44 42 43 40 42 45 46 46 0 42 48 44 44 45 43 42 41 41 44 41 42 43 46 46 41 
34 40 44 41 43 39 41 41 40 39 43 43 42 41 40 41 41 43 41 46 40 43 43 44 45 49 45 43 39 43 40 40 45 43 42 0 40 43 42 42 43 46 46 46 45 43 40 38 42 41 45 
35 41 46 43 44 45 43 43 39 39 43 42 40 41 41 39 42 44 42 46 43 48 45 46 47 46 45 40 41 45 42 42 44 48 48 40 0 45 44 45 42 42 47 47 47 48 45 43 44 43 49 
36 44 44 42 46 42 40 47 45 44 48 52 48 50 42 46 44 45 45 49 48 40 40 43 46 48 49 45 42 45 41 41 50 47 44 43 45 0 39 48 48 50 45 49 45 51 41 44 39 40 47 
37 44 45 42 47 46 43 44 44 43 48 47 47 49 41 49 39 46 49 49 44 39 41 44 47 48 49 44 41 42 40 41 50 47 44 42 44 39 0 47 47 46 46 46 46 47 41 43 40 40 47 
38 42 47 45 44 43 50 44 41 46 42 39 39 41 44 41 49 45 42 45 42 48 47 48 47 46 43 41 47 47 49 45 41 47 45 42 45 48 47 0 41 42 49 49 48 43 44 42 47 46 46 
39 42 45 44 41 43 46 42 46 43 38 40 42 43 45 44 46 42 44 42 44 52 47 46 48 43 44 41 44 46 45 44 41 40 43 43 42 48 47 41 0 43 46 46 46 40 44 43 47 45 43 
40 40 43 46 40 42 45 41 41 42 39 41 43 39 44 47 45 41 43 42 44 47 45 44 43 42 41 40 47 44 44 43 42 39 42 46 42 50 46 42 43 0 44 45 44 39 43 42 45 48 42 
41 44 40 42 43 44 46 46 47 47 46 48 49 45 47 49 47 42 44 45 48 47 47 44 40 42 46 45 46 42 45 44 49 48 41 46 47 45 46 49 46 44 0 42 38 44 49 46 45 44 42 
42 44 40 42 43 48 45 42 47 47 46 48 49 45 47 49 46 42 44 49 52 51 43 40 40 43 47 45 46 41 45 43 49 45 41 46 47 49 46 49 46 45 42 0 42 44 48 46 44 44 42 
43 43 39 42 42 44 45 46 46 46 45 51 49 44 46 48 46 41 47 44 51 47 47 40 40 42 46 44 45 41 44 43 48 44 44 45 47 45 46 48 46 44 38 42 0 43 44 49 48 44 45 
44 41 42 42 38 46 46 45 43 44 40 42 45 40 46 45 46 40 40 40 45 48 45 44 42 40 41 41 44 44 45 43 43 39 41 43 48 51 47 43 40 39 44 44 43 0 48 47 46 45 40 
45 40 43 40 47 39 44 41 41 40 44 48 44 42 40 43 40 43 42 46 42 42 41 43 45 46 46 41 39 41 38 39 47 44 42 40 45 41 41 44 44 43 49 48 44 48 0 40 44 39 45 
46 44 44 45 43 39 42 41 39 42 47 42 42 45 40 41 42 43 41 46 40 43 43 45 45 46 49 40 39 43 44 41 45 43 43 38 43 44 43 42 43 42 46 46 49 47 40 0 43 42 45 
47 42 43 41 45 41 39 42 44 43 47 47 51 45 46 49 40 44 44 48 44 44 39 42 45 47 48 44 41 40 40 40 49 46 46 42 44 39 40 47 47 45 45 44 48 46 44 43 0 39 46 
48 41 42 40 44 40 39 41 43 42 46 46 46 44 41 45 44 43 43 47 43 41 39 42 44 46 47 42 40 40 43 39 52 45 46 41 43 40 40 46 45 48 44 44 44 45 39 42 39 0 45 
49 43 41 42 44 44 46 42 45 46 42 45 47 42 51 47 47 39 42 45 47 52 45 43 40 39 42 47 46 47 45 44 45 41 41 45 49 47 47 46 43 42 42 42 45 40 45 45 46 45 0 

;param d[*,*]
: 0 1 2 3 4 5 6 7 8 9 10 11 12 13 14 15 16 17 18 19 20 21 22 23 24 25 26 27 28 29 30 31 32 33 34 35 36 37 38 39 40 41 42 43 44 45 46 47 48 49:=
0 0.0 0 0 0 0.43 0.98 0 0 1.9 0.9 2.45 1.13 0.74 2.79 1.06 3.42 0.74 1.01 0 0.38 1.41 3.42 1.85 1.21 0 3.11 0.1 1.51 3.04 0.3 0.55 2.28 1.36 2.15 0.62 2.28 4.18 4.05 2.45 0.86 1.32 2.22 4.56 1.21 0.33 0.23 0 0.43 1.88 0.47 
1 0 0.0 0.55 1.42 1.02 1.29 0.99 0 2.46 0.62 0.78 0 2.92 0 0 1.56 0 0 0 2.9 1.72 0 0 0.47 0.98 3.95 3.8 0 0.55 0 0.35 0 0.52 0.49 2.03 0 4.31 4.81 1.96 0 3.67 0.18 0 0.37 1.6 0.48 1.37 3.55 1.6 1.11 
2 0 0.55 0.0 0 1.52 0.32 0 3.42 1.02 4.31 0 1.68 3.17 0 2.46 2.45 1.11 1.11 0.67 2.09 4.05 0.59 2.03 0.42 4.18 0.7 0 2.53 0.94 1.51 0 1.96 0 0.62 1.17 3.8 0.94 1.02 3.86 0.57 0 0.98 2.26 0.35 1.02 1.77 0 1.6 0.8 0.43 
3 0 1.42 0 0.0 0 0 0.63 0 2.09 0.23 2.63 1.52 1.41 0 0 1.8 0.15 1.52 0.99 0.68 0 0 0 0 0 0 2.53 2.16 1.97 2.22 0 0.53 0.31 0.63 1.13 0.57 2.96 0 0.55 0 0.17 0 1.21 1.6 0.18 0 0 1.6 0 0 
4 0.43 1.02 1.52 0 0.0 0.7 0.47 1.9 0.23 2.82 0 0.52 2.28 0.28 2.54 0.78 0.94 0.92 5.19 0.82 3.67 1.36 3.67 0 1.49 1.56 1.39 1.27 2.66 1.39 0 5.45 0.48 0 0.89 0 1.02 0 2.92 3.67 1.98 4.69 0 2.03 0 0.12 0.15 1.23 1.32 0.55 
5 0.98 1.29 0.32 0 0.7 0.0 3.29 0.5 0.98 4.52 4.52 0 4.56 0 0 0.13 2.28 0 0 0 1.52 1.65 3.67 0.73 2.07 0.97 1.79 0 1.88 0.56 1.65 2.35 4.33 1.85 0.33 0 0.94 0 0 0.78 4.94 4.05 5.07 2.4 0 0 0 0.12 0.89 0 
6 0 0.99 0 0.63 0.47 3.29 0.0 0.38 1.48 2.35 4.05 0 1.6 0.48 4.69 0 0.47 0.62 1.97 1.97 0.63 0.9 0.37 2.79 0.45 0.57 0.55 0.86 0.7 2.53 1.52 0 0 1.01 1.11 1.06 0 4.18 1.33 1.6 0.99 0 3.29 0 0 1.05 0.32 3.17 2.41 2.66 
7 0 0 3.42 0 1.9 0.5 0.38 0.0 0.43 1.54 1.11 0.92 0.25 0 0 1.72 0 1.11 0 0 2.4 3.48 2.71 2.71 0 0 0 0.63 3.48 0.94 3.17 0 1.09 1.21 0 0.2 2.46 2.22 0.63 0 2.53 0 0 0 1.79 0.78 0 2.16 2.73 1.52 
8 1.9 2.46 1.02 2.09 0.23 0.98 1.48 0.43 0.0 0.53 0 0 1.23 0 0.22 0 0 0.86 0.78 0.27 0 0.55 0.72 2.9 0 1.64 1.32 0 0 0 2.79 0 2.03 0.55 0.27 0.2 0 0 0 1.79 1.54 0 0.83 0.77 0 1.41 0 1.85 3.17 0 
9 0.9 0.62 4.31 0.23 2.82 4.52 2.35 1.54 0.53 0.0 0.25 0.48 0.2 0 2.22 3.08 0.9 2.03 0.28 2.28 2.35 1.92 4.33 0 0 0.17 2.41 0 1.68 5.32 1.45 1.6 0.66 1.17 0.5 0 2.19 6.97 2.07 0.38 1.14 2.71 0 0.68 0.74 4.69 0 0.83 2.65 1.54 
10 2.45 0.78 0 2.63 0 4.52 4.05 1.11 0 0.25 0.0 0 1.9 0 0.38 1.84 0.58 0.9 1.25 2.63 2.27 2.07 5.08 4.42 3.76 0.9 0.33 0.58 4.71 2.53 2.46 0.22 2.07 2.4 0.45 0.35 0 3.33 0.66 1.04 0.3 2.19 2.23 0 1.02 0 0 0.85 0 0 
11 1.13 0 1.68 1.52 0.52 0 0 0.92 0 0.48 0 0.0 0.94 0.5 0.17 0 4.14 0.5 4.33 1.11 4.89 0 5.55 2.23 0 0.63 0 0.52 3.2 0 3.76 1.02 2.16 4.33 2.35 1.41 0 0.83 0.13 1.54 1.79 1.07 1.07 2.35 2.34 3.29 0.38 0 0 3.08 
12 0.74 2.92 3.17 1.41 2.28 4.56 1.6 0.25 1.23 0.2 1.9 0.94 0.0 0 2.54 3.58 1.88 0.43 3.29 1.66 0.8 3.67 0.65 0.55 3.67 2.79 0.43 3.29 0 3.8 0 0.98 0.51 1.42 1.69 1.23 0 0 1.17 0 0.08 3.86 3.95 4.69 0.55 1.54 0 4.94 0.53 0.43 
13 2.79 0 0 0 0.28 0 0.48 0 0 0 0 0.5 0 0.0 1.36 0.68 2.53 0.5 2.23 0.51 0.35 1.72 0.7 0 0 0.89 2.91 0.43 3.11 0 0 3.14 0 0 0 0 0.43 0.78 1.33 0 4.43 0.89 0 1.88 1.68 1.22 0 0 1.79 0 
14 1.06 0 2.46 0 2.54 0 4.69 0 0.22 2.22 0.38 0.17 2.54 1.36 0.0 2.03 1.8 1.21 4.99 0 0 5.95 3.45 0 3.45 0 0 0 4.61 0 0.6 2.22 1.56 2.77 1.23 0.35 2.9 0 0 0 0 0 2.46 2.31 1.6 3.67 1.11 0 1.49 0 
15 3.42 1.56 2.45 1.8 0.78 0.13 0 1.72 0 3.08 1.84 0 3.58 0.68 2.03 0.0 0 1.37 2.39 0 1.27 0.35 1.45 0.85 2.27 0 3.8 0 1.09 0.17 2.41 1.0 6.21 0.6 1.23 1.6 0 0.35 0 4.52 1.6 6.33 4.52 5.83 1.84 1.65 0.82 1.9 0 1.99 
16 0.74 0 1.11 0.15 0.94 2.28 0.47 0 0 0.9 0.58 4.14 1.88 2.53 1.8 0 0.0 1.77 0.9 2.59 0 1.97 0 0 0 1.09 0 2.09 0 0 1.48 1.6 0.66 0.31 1.79 1.41 0.7 0.73 2.4 0 0.27 0 0 1.05 0 1.13 0.5 0 1.85 0.15 
17 1.01 0 1.11 1.52 0.92 0 0.62 1.11 0.86 2.03 0.9 0.5 0.43 0.5 1.21 1.37 1.77 0.0 3.29 1.13 0.73 0.53 2.92 0.45 3.29 3.17 0 0.4 1.72 1.02 0 1.97 0 0.27 0.66 2.79 1.52 0 3.29 0 0 1.33 4.31 0 0.2 0.37 1.69 2.03 0.45 1.98 
18 0 0 0.67 0.99 5.19 0 1.97 0 0.78 0.28 1.25 4.33 3.29 2.23 4.99 2.39 0.9 3.29 0.0 3.26 6.59 0 0 1.72 0.8 0 0 0 4.42 4.89 5.7 2.73 0 0.52 1.72 0.77 3.94 0 0.65 0 1.98 3.67 0 0 0.86 6.08 0 3.51 2.03 0 
19 0.38 2.9 2.09 0.68 0.82 0 1.97 0 0.27 2.28 2.63 1.11 1.66 0.51 0 0 2.59 1.13 3.26 0.0 0 3.67 0 0 5.18 0.78 1.29 0.92 0.68 1.48 0.48 0 0 0.67 0 0 0 0 1.42 0 3.01 0 0 0 2.53 0.82 0 1.37 2.82 0 
20 1.41 1.72 4.05 0 3.67 1.52 0.63 2.4 0 2.35 2.27 4.89 0.8 0.35 0 1.27 0 0.73 6.59 0 0.0 2.07 0.67 3.45 1.09 8.87 5.07 1.36 2.92 1.11 0.42 4.37 7.35 0.7 1.17 0 0.2 0.56 3.39 0 4.71 3.33 0 6.33 0 0.37 0.52 0 0.74 0 
21 3.42 0 0.59 0 1.36 1.65 0.9 3.48 0.55 1.92 2.07 0 3.67 1.72 5.95 0.35 1.97 0.53 0 3.67 2.07 0.0 0.7 0 0.78 3.51 3.11 2.16 0 0 0.22 1.07 0 1.48 3.42 4.81 0.39 0.27 4.99 6.21 0.65 0 0.48 0 0 0.7 2.73 0.37 0.49 0 
22 1.85 0 2.03 0 3.67 3.67 0.37 2.71 0.72 4.33 5.08 5.55 0.65 0.7 3.45 1.45 0 2.92 0 0 0.67 0.7 0.0 1.29 0 0 0 2.16 0.15 1.79 2.66 2.46 2.46 0 1.41 0 1.09 3.2 0 0.78 3.48 0 0.18 0.18 0 1.79 0 2.26 2.91 0 
23 1.21 0.47 0.42 0 0 0.73 2.79 2.71 2.9 0 4.42 2.23 0.55 0 0 0.85 0 0.45 1.72 0 3.45 0 1.29 0.0 0 0.6 0.57 2.71 0 2.53 1.97 3.2 0.45 0 1.56 3.02 0 0 2.03 0 0.48 0.43 0.55 0.17 0.86 2.4 2.59 2.53 1.45 0.62 
24 0 0.98 4.18 0 1.49 2.07 0.45 0 0 0 3.76 0 3.67 0 3.45 2.27 0 3.29 0.8 5.18 1.09 0.78 0 0 0.0 0 2.09 4.52 4.81 1.88 0 0.67 0.3 0 0 4.52 2.23 2.31 4.33 1.09 2.26 0.43 1.85 1.54 0 2.71 4.14 3.14 0.77 0.43 
25 3.11 3.95 0.7 0 1.56 0.97 0.57 0 1.64 0.17 0.9 0.63 2.79 0.89 0 0 1.09 3.17 0 0.78 8.87 3.51 0 0.6 0 0.0 0 0 0.85 6.46 0 0.7 0.2 0.6 2.46 0.67 2.54 8.24 0.5 0 2.41 1.84 0 0 0 1.84 0 0.99 6.72 1.6 
26 0.1 3.8 0 2.53 1.39 1.79 0.55 0 1.32 2.41 0.33 0 0.43 2.91 0 3.8 0 0 0 1.29 5.07 3.11 0 0.57 2.09 0 0.0 0.7 3.8 2.07 2.53 1.21 0.33 1.36 0 1.32 1.49 3.39 1.88 1.6 1.39 1.6 2.53 4.56 2.53 2.28 0.62 4.05 1.54 0 
27 1.51 0 2.53 2.16 1.27 0 0.86 0.63 0 0 0.58 0.52 3.29 0.43 0 0 2.09 0.4 0 0.92 1.36 2.16 2.16 2.71 4.52 0 0.7 0.0 3.29 1.01 0.55 2.96 0 0 0.43 0.27 1.48 1.17 0 1.41 0 0 0 0 0.6 0.76 0.13 1.17 1.32 0.72 
28 3.04 0.55 0.94 1.97 2.66 1.88 0.7 3.48 0 1.68 4.71 3.2 0 3.11 4.61 1.09 0 1.72 4.42 0.68 2.92 0 0.15 0 4.81 0.85 3.8 3.29 0.0 1.79 0.74 7.6 0.65 0 0.47 3.67 0 0.42 0.85 1.72 0.57 0.38 0.33 0.74 2.09 1.88 3.8 0.92 1.22 0 
29 0.3 0 1.51 2.22 1.39 0.56 2.53 0.94 0 5.32 2.53 0 3.8 0 0 0.17 0 1.02 4.89 1.48 1.11 0 1.79 2.53 1.88 6.46 2.07 1.01 1.79 0.0 0.85 0 2.46 0 1.32 3.04 0.27 0.22 0 0.67 1.97 3.86 1.49 3.39 0 0.51 0 1.04 0 1.6 
30 0.55 0.35 0 0 0 1.65 1.52 3.17 2.79 1.45 2.46 3.76 0 0 0.6 2.41 1.48 0 5.7 0.48 0.42 0.22 2.66 1.97 0 0 2.53 0.55 0.74 0.85 0.0 0 3.2 0 1.41 2.45 1.79 1.23 1.56 3.39 0.45 0.53 1.85 0.45 1.21 0.31 0.28 0.8 0.66 0 
31 2.28 0 1.96 0.53 5.45 2.35 0 0 0 1.6 0.22 1.02 0.98 3.14 2.22 1.0 1.6 1.97 2.73 0 4.37 1.07 2.46 3.2 0.67 0.7 1.21 2.96 7.6 0 0 0.0 0.94 1.84 0 1.37 2.7 1.12 1.11 0 3.29 2.39 1.07 3.57 0 1.92 0 5.93 0 0 
32 1.36 0.52 0 0.31 0.48 4.33 0 1.09 2.03 0.66 2.07 2.16 0.51 0 1.56 6.21 0.66 0 0 0 7.35 0 2.46 0.45 0.3 0.2 0.33 0 0.65 2.46 3.2 0.94 0.0 0 0.5 0 0.89 2.07 0 0.94 0.75 0 0.65 3.2 0.08 1.41 1.91 5.95 5.19 0 
33 2.15 0.49 0.62 0.63 0 1.85 1.01 1.21 0.55 1.17 2.4 4.33 1.42 0 2.77 0.6 0.31 0.27 0.52 0.67 0.7 1.48 0 0 0 0.6 1.36 0 0 0 0 1.84 0 0.0 0 0 2.03 2.22 0 0.52 2.66 1.11 1.11 0 0 0.94 0 0 0 0 
34 0.62 2.03 1.17 1.13 0.89 0.33 1.11 0 0.27 0.5 0.45 2.35 1.69 0 1.23 1.23 1.79 0.66 1.72 0 1.17 3.42 1.41 1.56 0 2.46 0 0.43 0.47 1.32 1.41 0 0.5 0 0.0 0 0 0 1.6 1.09 0 0.73 1.68 1.52 0.5 0.62 0.08 1.54 1.79 2.34 
35 2.28 0 3.8 0.57 0 0 1.06 0.2 0.2 0 0.35 1.41 1.23 0 0.35 1.6 1.41 2.79 0.77 0 0 4.81 0 3.02 4.52 0.67 1.32 0.27 3.67 3.04 2.45 1.37 0 0 0 0.0 1.56 0.58 0 1.6 2.35 2.11 0 3.02 0 0 0 0 1.79 0 
36 4.18 4.31 0.94 2.96 1.02 0.94 0 2.46 0 2.19 0 0 0 0.43 2.9 0 0.7 1.52 3.94 0 0.2 0.39 1.09 0 2.23 2.54 1.49 1.48 0 0.27 1.79 2.7 0.89 2.03 0 1.56 0.0 0.27 5.27 5.18 0 1.64 0 3.67 0 2.53 0 0.76 1.52 3.08 
37 4.05 4.81 1.02 0 0 0 4.18 2.22 0 6.97 3.33 0.83 0 0.78 0 0.35 0.73 0 0 0 0.56 0.27 3.2 0 2.31 8.24 3.39 1.17 0.42 0.22 1.23 1.12 2.07 2.22 0 0.58 0.27 0.0 4.89 2.11 2.83 1.88 0.75 0.73 1.99 1.69 1.09 0.17 1.65 3.26 
38 2.45 1.96 3.86 0.55 2.92 0 1.33 0.63 0 2.07 0.66 0.13 1.17 1.33 0 0 2.4 3.29 0.65 1.42 3.39 4.99 0 2.03 4.33 0.5 1.88 0 0.85 0 1.56 1.11 0 0 1.6 0 5.27 4.89 0.0 0.3 2.91 0 5.74 5.27 1.91 3.39 0.4 1.99 0 4.14 
39 0.86 0 0.57 0 3.67 0.78 1.6 0 1.79 0.38 1.04 1.54 0 0 0 4.52 0 0 0 0 0 6.21 0.78 0 1.09 0 1.6 1.41 1.72 0.67 3.39 0 0.94 0.52 1.09 1.6 5.18 2.11 0.3 0.0 0 1.8 4.52 0 0.59 4.56 0 0.82 5.32 0 
40 1.32 3.67 0 0.17 1.98 4.94 0.99 2.53 1.54 1.14 0.3 1.79 0.08 4.43 0 1.6 0.27 0 1.98 3.01 4.71 0.65 3.48 0.48 2.26 2.41 1.39 0 0.57 1.97 0.45 3.29 0.75 2.66 0 2.35 0 2.83 2.91 0 0.0 4.69 1.52 2.09 0.35 2.63 2.79 3.76 0 2.66 
41 2.22 0.18 0.98 0 4.69 4.05 0 0 0 2.71 2.19 1.07 3.86 0.89 0 6.33 0 1.33 3.67 0 3.33 0 0 0.43 0.43 1.84 1.6 0 0.38 3.86 0.53 2.39 0 1.11 0.73 2.11 1.64 1.88 0 1.8 4.69 0.0 0 0 0.53 0 0 4.81 3.39 0 
42 4.56 0 2.26 1.21 0 5.07 3.29 0 0.83 0 2.23 1.07 3.95 0 2.46 4.52 0 4.31 0 0 0 0.48 0.18 0.55 1.85 0 2.53 0 0.33 1.49 1.85 1.07 0.65 1.11 1.68 0 0 0.75 5.74 4.52 1.52 0 0.0 0 0 0 2.77 2.16 4.18 1.48 
43 1.21 0.37 0.35 1.6 2.03 2.4 0 0 0.77 0.68 0 2.35 4.69 1.88 2.31 5.83 1.05 0 0 0 6.33 0 0.18 0.17 1.54 0 4.56 0 0.74 3.39 0.45 3.57 3.2 0 1.52 3.02 3.67 0.73 5.27 0 2.09 0 0 0.0 0 4.43 0 0 4.05 0 
44 0.33 1.6 1.02 0.18 0 0 0 1.79 0 0.74 1.02 2.34 0.55 1.68 1.6 1.84 0 0.2 0.86 2.53 0 0 0 0.86 0 0 2.53 0.6 2.09 0 1.21 0 0.08 0 0.5 0 0 1.99 1.91 0.59 0.35 0.53 0 0 0.0 0 0 0.72 0 0.8 
45 0.23 0.48 1.77 0 0.12 0 1.05 0.78 1.41 4.69 0 3.29 1.54 1.22 3.67 1.65 1.13 0.37 6.08 0.82 0.37 0.7 1.79 2.4 2.71 1.84 2.28 0.76 1.88 0.51 0.31 1.92 1.41 0.94 0.62 0 2.53 1.69 3.39 4.56 2.63 0 0 4.43 0 0.0 1.13 0 0.35 2.34 
46 0 1.37 0 0 0.15 0 0.32 0 0 0 0 0.38 0 0 1.11 0.82 0.5 1.69 0 0 0.52 2.73 0 2.59 4.14 0 0.62 0.13 3.8 0 0.28 0 1.91 0 0.08 0 0 1.09 0.4 0 2.79 0 2.77 0 0 1.13 0.0 1.66 1.98 1.52 
47 0.43 3.55 1.6 1.6 1.23 0.12 3.17 2.16 1.85 0.83 0.85 0 4.94 0 0 1.9 0 2.03 3.51 1.37 0 0.37 2.26 2.53 3.14 0.99 4.05 1.17 0.92 1.04 0.8 5.93 5.95 0 1.54 0 0.76 0.17 1.99 0.82 3.76 4.81 2.16 0 0.72 0 1.66 0.0 0.1 2.71 
48 1.88 1.6 0.8 0 1.32 0.89 2.41 2.73 3.17 2.65 0 0 0.53 1.79 1.49 0 1.85 0.45 2.03 2.82 0.74 0.49 2.91 1.45 0.77 6.72 1.54 1.32 1.22 0 0.66 0 5.19 0 1.79 1.79 1.52 1.65 0 5.32 0 3.39 4.18 4.05 0 0.35 1.98 0.1 0.0 0.65 
49 0.47 1.11 0.43 0 0.55 0 2.66 1.52 0 1.54 0 3.08 0.43 0 0 1.99 0.15 1.98 0 0 0 0 0 0.62 0.43 1.6 0 0.72 0 1.6 0 0 0 0 2.34 0 3.08 3.26 4.14 0 2.66 0 1.48 0 0.8 2.34 1.52 2.71 0.65 0.0 

;