set O:= 0;
set N:= 1 2 3 4 5 6 7 8 9 10 11 12 13 14 15 16 17 18 19 20 21 22 23 24 25 26 27 28 29 30 31 32 33 34 35 36 37 38 39 40 41 42 43 44 45 46 47 48 49 50 51 52 53 54;
set K:= 1 2 3 4 5 6 7 8;
param V:= 8;
param cp:= 160;
param dm:= 2.0;
param o:=
0 0
1 18
2 26
3 11
4 30
5 21
6 19
7 15
8 16
9 29
10 26
11 37
12 16
13 12
14 31
15 8
16 19
17 20
18 13
19 15
20 22
21 28
22 12
23 6
24 27
25 14
26 18
27 17
28 29
29 13
30 22
31 25
32 28
33 27
34 19
35 10
36 12
37 14
38 24
39 16
40 33
41 15
42 11
43 18
44 17
45 21
46 27
47 19
48 20
49 5
50 22
51 12
52 19
53 22
54 16
;
param c[*,*]
: 0 1 2 3 4 5 6 7 8 9 10 11 12 13 14 15 16 17 18 19 20 21 22 23 24 25 26 27 28 29 30 31 32 33 34 35 36 37 38 39 40 41 42 43 44 45 46 47 48 49 50 51 52 53 54:=
0 0 7 4 5 3 11 3 5 5416 8 38 13 7 4885 12 9749 7 2234 8 9 16 7539 17 11 7 37 2 14 6701 4 5 27 12 4747 4 6499 11915 11554 38 8 16 20 10051 11 6 3 2 8 22 7 9 4 4 7944 39 
1 7 0 5 6422 7 15 9 11 11168 13 21 15 35 9 15 18 4 7 11 13123 20 6 3 13 14 11727 8376 10 5 7 7 22 11 2234 7328 13 12277 13721 36 12 8097 6 3 1675 7259 7 31 7818 15 5026 19 20 7772 17 17 
2 4 5 0 7 2665 8 2 9749 12 9493 14 31 6980 6 29 38 5026 10 10 25 11554 4 4467 14 7328 13 6 4441 9 14 2 23 8 2792 8 10832 11 12 14804 11 7 9 27 7 29 3109 5 15 6 12 11 4 5 16 49 
3 5 6422 7 0 8 15 6 8 9493 8 7818 22 17 13 12 66 5 3350 4467 23 24 11 9 6 5 5 5584 9772 8935 10051 8 18 9 18 32 19 17332 22 12 5 3 10 35 7259 838 9 10 46 13 3 3350 6 9214 13 12844 
4 3 7 2665 8 0 8 3 3331 3 34 8 9 3997 4 24 9 21 7 9104 6 10471 10 6439 8 11 14 2443 2220 4663 2443 2 9548 9 4 1554 4 12 9 6883 8097 19 8216 8 15 8 2 2 9 12 15 10 3553 2 11 5 
5 11 15 8 15 8 0 9388 22 36 69 17332 18 12999 7 17 3 13360 12 23 11 4333 4694 10471 32 38 23 21 6 29 9 4694 27 66 10832 14 12 14 3 17 19 14082 62 14443 28 20 4 9 3 2528 21 19 14 8 17 8666 
6 3 9 2 6 3 9388 0 9 17 28 11554 14 19 7 13360 11 4 6 14 23 15 8 7 6143 7 11 5 6 6 4441 3350 15 6 2234 8 12 11 11915 15 15 9 8 7259 6 5 8 5 6980 5305 4663 7818 1675 5 22 14 
7 5 11 9749 8 3331 22 9 0 2528 6980 26 22 6 5 5 10110 12 13 9 4 14082 53 12285 12285 11 11 3 14 53 7 9027 12 31 35 2 7 14443 12999 12 6 7222 17 16 14 8097 6 2 12638 42 35 20 8305 11 12 6860 
8 5416 11168 12 9493 3 36 17 2528 0 18 10 7 14 3 9 8 13 10 13 10 12 13 24 13123 12 47 20 2 13 4 7944 16 9214 18 6 7 16 14 8 8097 18 18 28 26 12 13 1 10832 9027 11 23 9388 1554 4 9 
9 8 13 9493 8 34 69 28 6980 18 0 5 10 4 12 10051 36 26 4467 6 10331 27 17 12844 12 7 3 5305 11 15 11727 13 4747 1954 34 17 9 25 19859 6143 1117 2513 49 14 14 3350 10331 8 16 24 6980 6 11 11 32 14 
10 38 21 14 7818 8 17332 11554 26 10 5 0 6 5416 8 10 34 16 10 23 10110 42 38 19498 16971 14443 13 8 10 18054 36 58 6 6143 56 7 9 21 78 2528 3071 7 40 41 19 15 8 6 23 18 16 15 10471 28 6138 52 
11 13 15 31 22 9 18 14 22 7 10 6 0 11 8 5 15 15887 12 10214 26 18776 21 16473 32 12 13 8 9 75 10 14443 19 39 12844 5551 5416 22 23 4 28 21 22 22 34 42 7772 6 18 18 44 11 12999 12 3 9 
12 7 35 6980 17 3997 12999 19 6 14 4 5416 11 0 7 39 55 22 4 5773 19 19 44 12 10 6439 6143 4 5773 10 6661 7 11 5 13 16 14 16 16 14 3 2 46 47 10331 5 11 4 10889 10 6 6 7 6 7222 11915 
13 4885 9 6 13 4 7 7 5 3 12 8 8 7 0 4885 3972 9104 7 25 12 15 12 19 11 12 30 5107 1554 29 3 5 11324 13 10 4 4 19 29 15 12 7772 24 14 43 48 12 3 5 17 11 28 8 2 6 1554 
14 12 15 29 12 24 17 13360 5 9 10051 10 5 39 4885 0 11915 66 14 11769 3 19 16971 15636 20 50 13 8 5 71 7 14 12999 45 12564 4441 13 16971 15 7 11 12 22 70 66 46 6439 3997 16 17 13 26 17 9 5 5777 
15 9749 18 38 66 9 3 11 10110 8 36 34 15 55 3972 11915 0 19 16 44 9 3611 8 17 37 42 22 10832 4 13 4 6860 24 17693 26 7222 9388 6 4 16 69 19 18054 69 16609 68 4694 30 5416 5 74 20220 26 12 15 7 
16 7 4 5026 5 21 13360 4 12 13 26 16 15887 22 9104 66 19 0 3909 20 15165 18 8935 8 4 3 31 6 7550 7 7 6701 59 19 9 6439 52 30 32 56 8 5 7 8 4747 4 26 13 12 8376 4 5584 9 7328 56 17 
17 2234 7 10 3350 7 12 6 13 10 4467 10 12 4 7 14 16 3909 0 5773 13 18 10 35 8 5773 6980 2 6 16 7 6 23 4 5 5 7944 18 14 9388 4 2 12 9493 8 4 5 16 18 8 19 5863 2 9 36 49 
18 8 11 10 4467 9104 23 14 9 13 6 23 10214 5773 25 11769 44 20 5773 0 47 25275 12 13 7818 12 3 7 11 42 46 9992 10471 4 17 20 13 92 26 18 7 19 10889 12 11 3909 10658 11 51 14 4 3 23 13 20 13101 
19 9 13123 25 23 6 11 23 4 10 10331 10110 26 19 12 3 9 15165 13 47 0 15 56 16 15 12213 26 15 3331 16 11 12 15 12 22 3 3 14 13 33 12 46 18 16 15 11448 6 3 51 43 12 15 14 3 16 6 
20 16 20 11554 24 10471 4333 15 14082 12 27 42 18776 19 15 19 3611 18 18 25275 15 0 32 16 20220 29 25275 14443 7944 45 13 10 51 20942 30 43 13 5 9 79 21 72 39 18 18054 25 9 22 6 9 21 30 18 9 15887 12 
21 7539 6 4 11 10 4694 8 53 13 17 38 21 44 12 16971 8 8935 10 12 56 32 0 6 13 12 32 37 20 2 3 3 26 13 6701 5995 13721 5 6 19137 13681 12 9 9 8 14 5 26 3 4 11 28 8376 6 32 14 
22 17 3 4467 9 6439 10471 7 12285 24 12844 19498 16473 12 19 15636 17 8 35 13 16 16 6 0 5863 11 14 10 7772 3 13 5863 45 45 6 32 16 13 49 23 16 41 4 6 6 12 13 11 27 6422 9 12 29 8 29 14 
23 11 13 14 6 8 32 6143 12285 13123 12 16971 32 10 11 20 37 4 8 7818 15 20220 13 5863 0 4 20 11 9770 9 9104 8935 18776 15 5 36 13681 21 23 38 10 9 12 16 6 25 8660 9326 11448 41 2792 31 5863 39 14519 20 
24 7 14 7328 5 11 38 7 11 12 7 14443 12 6439 12 50 42 3 5773 12 12213 29 12 11 4 0 7 15 10658 8438 13 9 18 6 8 10 10658 41 43 16609 16 21 9 34 28 4 20 9770 45 11 1554 4188 10 10436 14 15 
25 37 11727 13 5 14 23 11 11 47 3 13 13 6143 30 13 22 31 6980 3 26 25275 32 14 20 7 0 8 15 16 14240 13 10 4 20 11168 22 29 23470 10 4 5305 26 16 14 6 16 11 18 14798 7259 2 30 12564 21 31 
26 2 8376 6 5584 2443 21 5 3 20 5305 8 8 4 5107 8 10832 6 2 7 15 14443 37 10 11 15 8 0 5 8376 20 5584 14 6 12 2 20 17 52 29 19 3071 14 23 10051 5584 3997 4 8935 14 7 7539 4 7 25 9388 
27 14 10 4441 9772 2220 6 6 14 2 11 10 9 5773 1554 5 4 7550 6 11 3331 7944 20 7772 9770 10658 15 5 0 5773 1776 4 10658 13 8 1554 7 8666 6860 7 40 6 11 11 11 20 1332 4 4219 12 19 16 7 1 5107 12 
28 6701 5 9 8935 4663 29 6 53 13 15 18054 75 10 29 71 13 7 16 42 16 45 2 3 9 8438 16 8376 5773 0 17 5 21665 12 5 7 56 7 10 23 15 11 7 6 7 9493 18 6661 7 12 7 49 6422 6439 20 14 
29 4 7 14 10051 2443 9 4441 7 4 11727 36 10 6661 3 7 4 7 7 46 11 13 3 13 9104 13 14240 20 1776 17 0 8 12 22 6 12 5329 6 5 9 12 14 36 11 32 12 888 4 10 1 36 52 23 2665 9 19 
30 5 7 2 8 2 4694 3350 9027 7944 13 58 14443 7 5 14 6860 6701 6 9992 12 10 3 5863 8935 9 13 5584 4 5 8 0 18 38 5 13 38 27 14 29 40 8 10 17 8 35 2 4 6 6 9 23 6 7 24 20 
31 27 22 23 18 9548 27 15 12 16 4747 6 19 11 11324 12999 24 59 23 10471 15 51 26 45 18776 18 10 14 10658 21665 12 18 0 13 68 10 51 31 27 26 5 9388 44 29 84 10 14 10 91 21 17 14 13 39 10832 18 
32 12 11 8 9 9 66 6 31 9214 1954 6143 39 5 13 45 17693 19 4 4 12 20942 13 45 15 6 4 6 13 12 22 38 13 0 7 17 9 21 24 8 2792 9 10 14 9493 3 13 8655 13123 11448 6 2 5 20 18 51 
33 4747 2234 2792 18 4 10832 2234 35 18 34 56 12844 13 10 12564 26 9 5 17 22 30 6701 6 5 8 20 12 8 5 6 5 68 7 0 6 10 11915 12999 17 17 5863 5026 5026 4 6 21 7 8 6 5 8097 3 6 45 12 
34 4 7328 8 32 1554 14 8 2 6 17 7 5551 16 4 4441 7222 6439 5 20 3 43 5995 32 36 10 11168 2 1554 7 12 13 10 17 6 0 3 14 10 23 31 5 20 38 35 17 4 2 5551 17 8438 10610 19 1 3775 4 
35 6499 13 10832 19 4 12 12 7 7 9 9 5416 14 4 13 9388 52 7944 13 3 13 13721 16 13681 10658 22 20 7 56 5329 38 51 9 10 3 0 58 25 6 7259 36 60 18 13681 9 4 2 16 21 10 22 10 3 5 5416 
36 11915 12277 11 17332 12 14 11 14443 16 25 21 22 16 19 16971 6 30 18 92 14 5 5 13 21 41 29 17 8666 7 6 27 31 21 11915 14 58 0 3 20220 79 17 19 14 56 18 7222 13 2166 4333 18054 27 55 13 34 48 
37 11554 13721 12 22 9 3 11915 12999 14 19859 78 23 16 29 15 4 32 14 26 13 9 6 49 23 43 23470 52 6860 10 5 14 27 24 12999 10 25 3 0 18776 24 33 22 18 18 74 26 40 4 4694 19137 22 18 33 17 9388 
38 38 36 14804 12 6883 17 15 12 8 6143 2528 4 14 15 7 16 56 9388 18 33 79 19137 23 38 16609 10 29 7 23 9 29 26 8 17 23 6 20220 18776 0 6 8305 24 22026 20220 35 7994 7 37 18 15887 37 11554 12 4333 14 
39 8 12 11 5 8097 19 15 6 8097 1117 3071 28 3 12 11 69 8 4 7 12 21 13681 16 10 16 4 19 40 15 12 40 5 2792 17 31 7259 79 24 6 0 3 26 13402 13 17 10051 9 15 11727 9 4188 23 8935 14 11 
40 16 8097 7 3 19 14082 9 7222 18 2513 7 21 2 7772 12 19 5 2 19 46 72 12 41 9 21 5305 3071 6 11 14 8 9388 9 5863 5 36 17 33 8305 3 0 10331 14 19 3 25 4885 45 9 4663 4467 3071 6 10 15 
41 20 6 9 10 8216 62 8 17 18 49 40 22 46 24 22 18054 7 12 10889 18 39 9 4 12 9 26 14 11 7 36 10 44 10 5026 20 60 19 22 24 26 10331 0 1 1 18 9 11 10610 40 7 22 15 20 16 67 
42 10051 3 27 35 8 14443 7259 16 28 14 41 22 47 14 70 69 8 9493 12 16 18 9 6 16 34 16 23 11 6 11 17 29 14 5026 38 18 14 18 22026 13402 14 1 0 1 11 8 9992 20 9214 6701 13 7818 9992 18 16 
43 11 1675 7 7259 15 28 6 14 26 14 19 34 10331 43 66 16609 4747 8 11 15 18054 8 6 6 28 14 10051 11 7 32 8 84 9493 4 35 13681 56 18 20220 13 19 1 1 0 10 7772 9 9 8935 5 10 6422 10 30 19 
44 6 7259 29 838 8 20 5 8097 12 3350 15 42 5 48 46 68 4 4 3909 11448 25 14 12 25 4 6 5584 20 9493 12 35 10 3 6 17 9 18 74 35 17 3 18 11 10 0 9 8 24 13 3630 3 3350 11 10 12844 
45 3 7 3109 9 2 4 8 6 13 10331 8 7772 11 12 6439 4694 26 5 10658 6 9 5 13 8660 20 16 3997 1332 18 888 2 14 13 21 4 4 7222 26 7994 10051 25 9 8 7772 9 0 11 3 2 8438 13 6 2 24 5 
46 2 31 5 10 2 9 5 2 1 8 6 6 4 3 3997 30 13 16 11 3 22 26 11 9326 9770 11 4 4 6661 4 4 10 8655 7 2 2 13 40 7 9 4885 11 9992 9 8 11 0 5995 19 35 21 4885 4 4 7 
47 8 7818 15 46 9 3 6980 12638 10832 16 23 18 10889 5 16 5416 12 18 51 51 6 3 27 11448 45 18 8935 4219 7 10 6 91 13123 8 5551 16 2166 4 37 15 45 10610 20 9 24 3 5995 0 1 9770 59 8655 5 15 11193 
48 22 15 6 13 12 2528 5305 42 9027 24 18 18 10 17 17 5 8376 8 14 43 9 4 6422 41 11 14798 14 12 12 1 6 21 11448 6 17 21 4333 4694 18 11727 9 40 9214 8935 13 2 19 1 0 17 13402 7259 5 12999 10 
49 7 5026 12 3 15 21 4663 35 11 6980 16 44 6 11 13 74 4 19 4 12 21 11 9 2792 1554 7259 7 19 7 36 9 17 6 5 8438 10 18054 19137 15887 9 4663 7 6701 5 3630 8438 35 9770 17 0 5026 3775 19 10436 14 
50 9 19 11 3350 10 19 7818 20 23 6 15 11 6 28 26 20220 5584 5863 3 15 30 28 12 31 4188 2 7539 16 49 52 23 14 2 8097 10610 22 27 22 37 4188 4467 22 13 10 3 13 21 59 13402 5026 0 25 12 14 15 
51 4 20 4 6 3553 14 1675 8305 9388 11 10471 12999 7 8 17 26 9 2 23 14 18 8376 29 5863 10 30 4 7 6422 23 6 13 5 3 19 10 55 18 11554 23 3071 15 7818 6422 3350 6 4885 8655 7259 3775 25 0 11 14 27 
52 4 7772 5 9214 2 8 5 11 1554 11 28 12 6 2 9 12 7328 9 13 3 9 6 8 39 10436 12564 7 1 6439 2665 7 39 20 6 1 3 13 33 12 8935 6 20 9992 10 11 2 4 5 5 19 12 11 0 4219 6 
53 7944 17 16 13 11 17 22 12 4 32 6138 3 7222 6 5 15 56 36 20 16 15887 32 29 14519 14 21 25 5107 20 9 24 10832 18 45 3775 5 34 17 4333 14 10 16 18 30 10 24 4 15 12999 10436 14 14 4219 0 14 
54 39 17 49 12844 5 8666 14 6860 9 14 52 9 11915 1554 5777 7 17 49 13101 6 12 14 14 20 15 31 9388 12 14 19 20 18 51 12 4 5416 48 9388 14 11 15 67 16 19 12844 5 7 11193 10 14 15 27 6 14 0 

;param cto[*,*]
: 0 1 2 3 4 5 6 7 8 9 10 11 12 13 14 15 16 17 18 19 20 21 22 23 24 25 26 27 28 29 30 31 32 33 34 35 36 37 38 39 40 41 42 43 44 45 46 47 48 49 50 51 52 53 54:=
0 0 46 44 45 39 42 43 44 40 42 42 43 40 42 43 43 41 39 48 42 44 43 43 43 48 44 39 41 42 41 40 44 42 41 40 41 44 44 42 42 40 44 44 43 41 40 44 42 41 43 43 40 40 42 43 
1 46 0 40 42 42 44 41 49 45 44 46 51 43 49 51 45 44 46 44 46 46 46 43 40 42 45 43 44 40 47 42 47 43 39 44 46 44 45 47 45 43 40 40 39 42 43 44 43 42 41 44 41 44 46 46 
2 44 40 0 46 40 41 43 43 42 44 49 46 42 46 45 42 41 41 45 44 44 40 41 42 44 45 45 41 40 41 43 47 47 40 41 43 42 42 45 44 46 42 42 42 42 40 45 41 40 42 44 40 45 44 44 
3 45 42 46 0 42 49 41 47 44 40 43 45 40 45 49 46 39 40 41 45 47 49 47 41 40 45 41 44 44 44 47 44 39 41 43 44 46 47 44 41 40 43 43 42 38 47 43 45 44 44 40 40 44 44 46 
4 39 42 40 42 0 41 40 40 40 43 43 43 41 41 43 41 42 40 45 42 43 42 43 48 45 45 40 40 42 40 43 46 43 45 39 45 42 46 43 43 42 44 48 44 46 39 39 41 40 44 48 41 43 42 42 
5 42 44 41 49 41 0 42 43 42 46 46 46 44 41 44 39 44 47 48 43 40 40 43 46 47 48 43 40 41 39 40 49 46 43 41 43 40 43 50 46 45 46 45 45 46 44 42 39 39 46 51 44 41 44 42 
6 43 41 43 41 40 42 0 42 42 42 44 48 41 43 44 47 40 40 44 44 45 42 42 42 43 44 40 42 41 41 40 49 45 39 41 43 47 44 44 42 41 46 42 46 45 41 41 42 41 42 43 39 42 43 44 
7 44 49 43 47 40 43 42 0 39 42 41 40 40 41 40 43 47 41 49 44 45 44 46 46 46 44 43 41 44 42 42 47 43 43 40 39 45 44 41 46 41 47 47 46 43 41 39 44 43 45 44 42 40 39 41 
8 40 45 42 44 40 42 42 39 0 44 42 45 41 40 40 46 48 42 46 39 47 44 46 46 46 45 40 44 48 45 42 45 44 44 39 39 44 43 46 43 42 47 47 46 44 40 42 43 42 46 45 42 39 44 40 
9 42 44 44 40 43 46 42 42 44 0 40 43 40 49 44 47 42 41 41 44 49 47 46 44 46 40 41 48 46 45 44 41 39 43 43 43 48 48 42 38 39 46 46 45 40 44 47 47 46 42 40 41 44 43 46 
10 42 46 49 43 43 46 44 41 42 40 0 40 40 48 42 46 44 42 44 43 48 47 47 46 45 42 41 44 47 45 45 40 42 45 43 42 52 47 39 40 41 48 48 51 42 48 42 47 46 45 42 43 43 41 44 
11 43 51 46 45 43 46 48 40 45 43 40 0 42 43 40 49 46 43 46 41 47 47 48 48 51 45 46 43 47 45 45 42 44 46 42 40 48 47 39 42 43 49 49 49 45 44 42 51 46 47 49 44 43 39 46 
12 40 43 42 40 41 44 41 40 41 40 40 42 0 47 43 45 41 39 42 43 46 45 45 44 43 42 39 42 48 43 46 42 40 42 41 41 50 49 41 43 39 45 45 44 40 42 45 45 44 42 45 40 42 41 44 
13 42 49 46 45 41 41 43 41 40 49 48 43 47 0 42 40 45 43 48 40 42 43 45 51 51 47 42 39 44 44 45 47 46 44 40 41 42 41 44 45 44 47 47 46 46 40 40 46 41 51 47 44 39 42 39 
14 43 51 45 49 43 44 44 40 40 44 42 40 43 42 0 44 46 43 47 43 46 46 48 48 48 50 46 46 47 47 44 44 45 46 41 39 46 49 41 44 47 49 49 48 45 43 41 49 45 47 46 44 41 39 41 
15 43 45 42 46 41 39 47 43 46 47 46 49 45 40 44 0 45 44 49 46 40 42 44 47 48 52 43 44 43 40 41 49 47 44 41 42 44 39 49 46 45 47 46 46 46 40 42 40 44 47 48 44 41 44 41 
16 41 44 41 39 42 44 40 47 48 42 44 46 41 45 46 45 0 40 42 45 51 44 42 40 44 43 46 44 46 47 42 45 41 39 43 44 45 46 45 42 41 42 42 41 40 43 43 44 43 39 41 39 44 45 50 
17 39 46 41 40 40 47 40 41 42 41 42 43 39 43 43 44 40 0 42 43 46 44 43 43 42 42 43 42 43 42 45 44 44 41 41 42 45 49 42 44 43 44 44 47 40 42 41 44 43 42 42 39 42 42 44 
18 48 44 45 41 45 48 44 49 46 41 44 46 42 48 47 49 42 42 0 47 50 51 50 43 40 44 48 51 46 47 46 43 44 43 46 46 49 49 45 42 42 45 49 44 40 46 46 48 47 45 39 42 46 46 48 
19 42 46 44 45 42 43 44 44 39 44 43 41 43 40 43 46 45 43 47 0 44 45 47 51 48 46 42 40 45 42 43 49 45 45 40 43 48 44 42 44 44 48 52 51 45 42 40 44 43 47 46 44 40 40 39 
20 44 46 44 47 43 40 45 45 47 49 48 47 46 42 46 40 51 46 50 44 0 42 45 48 49 50 45 42 43 41 42 51 48 45 43 48 40 39 48 52 47 47 51 47 48 42 43 44 41 52 50 46 46 46 43 
21 43 46 40 49 42 40 42 44 44 47 47 47 45 43 46 42 44 44 51 45 42 0 41 44 46 48 44 42 43 44 40 49 50 42 43 45 40 41 47 47 45 47 43 47 45 41 43 39 39 45 47 43 46 46 44 
22 43 43 41 47 43 43 42 46 46 46 47 48 45 45 48 44 42 43 50 47 45 41 0 42 44 51 48 44 39 43 42 49 45 41 44 46 43 44 48 46 44 44 40 40 44 43 45 42 42 43 49 42 48 47 50 
23 43 40 42 41 48 46 42 46 46 44 46 48 44 51 48 47 40 43 43 51 48 44 42 0 44 44 44 46 42 45 44 47 43 40 45 47 46 47 47 48 43 40 40 40 42 45 45 45 44 40 43 42 46 47 48 
24 48 42 44 40 45 47 43 46 46 46 45 51 43 51 48 48 44 42 40 48 49 46 44 44 0 42 44 46 45 46 49 45 41 42 49 46 48 48 46 43 42 42 43 42 40 46 46 47 46 39 40 42 46 47 49 
25 44 45 45 45 45 48 44 44 45 40 42 45 42 47 50 52 43 42 44 46 50 48 51 44 42 0 47 46 47 47 50 41 40 44 45 45 49 49 43 44 41 46 47 46 41 46 49 48 47 42 39 43 46 45 48 
26 39 43 45 41 40 43 40 43 40 41 41 46 39 42 46 43 46 43 48 42 45 44 48 44 44 47 0 41 43 42 41 43 41 42 43 40 45 44 41 41 40 45 45 44 41 41 40 44 42 47 43 40 40 41 42 
27 41 44 41 44 40 40 42 41 44 48 44 43 42 39 46 44 44 42 51 40 42 42 44 46 46 46 41 0 42 39 40 46 45 43 39 41 42 41 47 44 47 46 46 45 44 39 39 41 40 46 46 42 42 42 40 
28 42 40 40 44 42 41 41 44 48 46 47 47 48 44 47 43 46 43 46 45 43 43 39 42 45 47 43 42 0 41 40 49 45 40 43 45 45 42 47 46 44 42 41 41 44 41 43 40 40 47 46 42 43 46 49 
29 41 47 41 44 40 39 41 42 45 45 45 45 43 44 47 40 47 42 47 42 41 44 43 45 46 47 42 39 41 0 39 51 45 42 40 42 41 40 49 45 44 45 45 44 45 38 44 40 43 45 46 42 40 43 42 
30 40 42 43 47 43 40 40 42 42 44 45 45 46 45 44 41 42 45 46 43 42 40 42 44 49 50 41 40 40 39 0 51 44 45 40 42 41 41 45 44 43 44 43 43 43 39 41 40 39 44 45 41 41 44 43 
31 44 47 47 44 46 49 49 47 45 41 40 42 42 47 44 49 45 44 43 49 51 49 49 47 45 41 43 46 49 51 51 0 42 46 45 44 50 50 41 41 42 49 49 48 43 47 45 49 52 45 42 48 46 43 51 
32 42 43 47 39 43 46 45 43 44 39 42 44 40 46 45 47 41 44 44 45 48 50 45 43 41 40 41 45 45 45 44 42 0 46 43 48 47 47 47 40 39 48 45 44 39 44 43 46 45 41 39 40 44 44 46 
33 41 39 40 41 45 43 39 43 44 43 45 46 42 44 46 44 39 41 43 45 45 42 41 40 42 44 42 43 40 42 45 46 46 0 42 48 44 44 45 43 42 41 41 44 41 42 43 46 46 41 43 40 47 45 49 
34 40 44 41 43 39 41 41 40 39 43 43 42 41 40 41 41 43 41 46 40 43 43 44 45 49 45 43 39 43 40 40 45 43 42 0 40 43 42 42 43 46 46 46 45 43 40 38 42 41 45 45 42 38 41 41 
35 41 46 43 44 45 43 43 39 39 43 42 40 41 41 39 42 44 42 46 43 48 45 46 47 46 45 40 41 45 42 42 44 48 48 40 0 45 44 45 42 42 47 47 47 48 45 43 44 43 49 45 47 40 39 40 
36 44 44 42 46 42 40 47 45 44 48 52 48 50 42 46 44 45 45 49 48 40 40 43 46 48 49 45 42 45 41 41 50 47 44 43 45 0 39 48 48 50 45 49 45 51 41 44 39 40 47 49 45 43 46 44 
37 44 45 42 47 46 43 44 44 43 48 47 47 49 41 49 39 46 49 49 44 39 41 44 47 48 49 44 41 42 40 41 50 47 44 42 44 39 0 47 47 46 46 46 46 47 41 43 40 40 47 52 45 42 45 42 
38 42 47 45 44 43 50 44 41 46 42 39 39 41 44 41 49 45 42 45 42 48 47 48 47 46 43 41 47 47 49 45 41 47 45 42 45 48 47 0 41 42 49 49 48 43 44 42 47 46 46 44 44 43 40 44 
39 42 45 44 41 43 46 42 46 43 38 40 42 43 45 44 46 42 44 42 44 52 47 46 48 43 44 41 44 46 45 44 41 40 43 43 42 48 47 41 0 43 46 46 46 40 44 43 47 45 43 40 42 44 42 49 
40 40 43 46 40 42 45 41 41 42 39 41 43 39 44 47 45 41 43 42 44 47 45 44 43 42 41 40 47 44 44 43 42 39 42 46 42 50 46 42 43 0 44 45 44 39 43 42 45 48 42 41 40 42 42 45 
41 44 40 42 43 44 46 46 47 47 46 48 49 45 47 49 47 42 44 45 48 47 47 44 40 42 46 45 46 42 45 44 49 48 41 46 47 45 46 49 46 44 0 42 38 44 49 46 45 44 42 45 43 46 52 49 
42 44 40 42 43 48 45 42 47 47 46 48 49 45 47 49 46 42 44 49 52 51 43 40 40 43 47 45 46 41 45 43 49 45 41 46 47 49 46 49 46 45 42 0 42 44 48 46 44 44 42 45 43 46 48 52 
43 43 39 42 42 44 45 46 46 46 45 51 49 44 46 48 46 41 47 44 51 47 47 40 40 42 46 44 45 41 44 43 48 44 44 45 47 45 46 48 46 44 38 42 0 43 44 49 48 44 45 48 42 45 47 48 
44 41 42 42 38 46 46 45 43 44 40 42 45 40 46 45 46 40 40 40 45 48 45 44 42 40 41 41 44 44 45 43 43 39 41 43 48 51 47 43 40 39 44 44 43 0 48 47 46 45 40 43 40 44 48 46 
45 40 43 40 47 39 44 41 41 40 44 48 44 42 40 43 40 43 42 46 42 42 41 43 45 46 46 41 39 41 38 39 47 44 42 40 45 41 41 44 44 43 49 48 44 48 0 40 44 39 45 46 42 39 43 41 
46 44 44 45 43 39 42 41 39 42 47 42 42 45 40 41 42 43 41 46 40 43 43 45 45 46 49 40 39 43 44 41 45 43 43 38 43 44 43 42 43 42 46 46 49 47 40 0 43 42 45 45 42 39 40 41 
47 42 43 41 45 41 39 42 44 43 47 47 51 45 46 49 40 44 44 48 44 44 39 42 45 47 48 44 41 40 40 40 49 46 46 42 44 39 40 47 47 45 45 44 48 46 44 43 0 39 46 47 43 46 49 43 
48 41 42 40 44 40 39 41 43 42 46 46 46 44 41 45 44 43 43 47 43 41 39 42 44 46 47 42 40 40 43 39 52 45 46 41 43 40 40 46 45 48 44 44 44 45 39 42 39 0 45 46 42 41 44 46 
49 43 41 42 44 44 46 42 45 46 42 45 47 42 51 47 47 39 42 45 47 52 45 43 40 39 42 47 46 47 45 44 45 41 41 45 49 47 47 46 43 42 42 42 45 40 45 45 46 45 0 41 41 45 46 48 
50 43 44 44 40 48 51 43 44 45 40 42 49 45 47 46 48 41 42 39 46 50 47 49 43 40 39 43 46 46 46 45 42 39 43 45 45 49 52 44 40 41 45 45 48 43 46 45 47 46 41 0 42 49 45 51 
51 40 41 40 40 41 44 39 42 42 41 43 44 40 44 44 44 39 39 42 44 46 43 42 42 42 43 40 42 42 42 41 48 40 40 42 47 45 45 44 42 40 43 43 42 40 42 42 43 42 41 42 0 42 43 45 
52 40 44 45 44 43 41 42 40 39 44 43 43 42 39 41 41 44 42 46 40 46 46 48 46 46 46 40 42 43 40 41 46 44 47 38 40 43 42 43 44 42 46 46 45 44 39 39 46 41 45 49 42 0 41 40 
53 42 46 44 44 42 44 43 39 44 43 41 39 41 42 39 44 45 42 46 40 46 46 47 47 47 45 41 42 46 43 44 43 44 45 41 39 46 45 40 42 42 52 48 47 48 43 40 49 44 46 45 43 41 0 41 
54 43 46 44 46 42 42 44 41 40 46 44 46 44 39 41 41 50 44 48 39 43 44 50 48 49 48 42 40 49 42 43 51 46 49 41 40 44 42 44 49 45 49 52 48 46 41 41 43 46 48 51 45 40 41 0 

;param d[*,*]
: 0 1 2 3 4 5 6 7 8 9 10 11 12 13 14 15 16 17 18 19 20 21 22 23 24 25 26 27 28 29 30 31 32 33 34 35 36 37 38 39 40 41 42 43 44 45 46 47 48 49 50 51 52 53 54:=
0 0.0 0 0 0 0.12 0.98 0 0 1.9 0.38 2.45 1.13 0.47 1.36 1.06 3.42 0.32 0.75 0 0.38 1.41 2.54 1.17 0.52 0 2.03 0 0.63 2.26 0 0.23 2.28 0.86 1.6 0.17 2.28 4.18 4.05 2.45 0.37 0.86 1.41 3.39 0.52 0 0 0 0 1.23 0 0 0.18 0 2.79 2.54 
1 0 0.0 0.23 2.16 0 1.29 0.63 0 3.76 0.62 1.84 0 1.91 0 0 1.56 0 0 0 4.42 1.72 0 0 0.74 0.98 3.95 2.82 0 0.23 0 0 0.9 0.52 0.75 2.03 0 4.31 4.81 3.08 0 2.73 0.43 0.17 0.56 2.45 0 1.37 2.63 1.02 1.69 1.33 1.11 2.16 0.8 0.8 
2 0 0.23 0.0 0 0.74 0.32 0 3.42 1.02 3.2 0 2.65 2.35 0 2.46 2.45 1.69 0.7 0 2.09 4.05 0 1.51 0.98 2.03 0 0 1.23 0.39 0.63 0 1.96 0 0.94 0.32 3.8 0.94 1.02 5.19 0 0 0.42 1.48 0 1.6 0.86 0 0.66 0.22 0.43 0 0 0 1.41 3.2 
3 0 2.16 0 0.0 0 0 0.27 0 3.2 0.55 2.63 1.52 0.92 0 0 4.33 0.35 1.13 1.51 1.6 2.11 0 0 0 0.23 0 1.88 3.29 3.01 3.39 0 1.25 0.49 0.99 1.79 1.33 6.08 1.92 0.55 0 0 0.48 1.91 2.45 0.28 0 0.5 2.53 0.6 0 1.13 0.39 3.11 0.6 4.33 
4 0.12 0 0.74 0 0.0 0.7 0 0.92 0 1.85 0 0 1.11 0 1.06 0.78 0.94 0.25 2.53 0 3.67 0.37 1.79 0 0 0.67 0.68 0.62 1.29 0.68 0 2.65 0 0 0.43 0 1.02 0 1.91 2.73 0.82 2.28 0 0.55 0 0 0 0.33 0.55 0.55 0 0.99 0 0.4 0 
5 0.98 1.29 0.32 0 0.7 0.0 3.29 1.85 2.35 4.52 6.08 0.75 4.56 0.63 1.45 0.13 4.69 0 0.97 0.47 1.52 1.65 3.67 2.71 3.26 0.97 1.79 0.23 1.88 0.56 1.65 2.35 4.33 3.8 1.23 0.5 0.94 0 0 0.78 4.94 4.05 5.07 2.4 1.72 0 0.37 0.12 0.89 1.8 0 1.25 0.7 1.45 3.04 
6 0 0.63 0 0.27 0 3.29 0.0 0.38 1.48 1.54 4.05 0 1.05 0 4.69 0 0.2 0.39 0.53 1.97 0.63 0.38 0 2.07 0 0 0.23 0 0.3 1.23 1.13 0 0 0.75 0.3 1.06 0 4.18 1.33 1.02 0.63 0 2.45 0 0 0.28 0 2.35 1.79 1.29 2.63 0.56 0 1.91 0.57 
7 0 0 3.42 0 0.92 1.85 0.38 0.0 0.89 2.35 1.69 1.41 0.25 0 0.22 3.55 0 1.11 0 0 4.94 3.48 4.14 4.14 0 0 0 0.63 3.48 0 3.17 0 1.72 1.91 0 0.47 5.07 4.56 0.99 0 2.53 0.83 0 0 2.73 0 0 4.43 2.73 1.52 1.37 2.91 0.47 0.75 2.41 
8 1.9 3.76 1.02 3.2 0 2.35 1.48 0.89 0.0 1.25 0.42 0 1.23 0 0.8 0 0 0.86 0 0.66 0 0.55 1.68 4.42 0 2.59 1.32 0 0 0 2.79 0.65 3.11 1.29 0.27 0.47 1.37 1.17 0 2.73 1.54 0.85 1.96 1.8 0.57 0.59 0 3.8 3.17 0 1.6 3.29 0.43 0 0.74 
9 0.38 0.62 3.2 0.55 1.85 4.52 1.54 2.35 1.25 0.0 0.25 0.48 0 0 3.39 3.08 1.42 1.51 0.28 3.48 2.35 0.82 4.33 0.57 0 0.17 1.79 0 0.72 3.95 0.62 1.6 0.66 1.85 1.17 0 2.19 6.97 2.07 0.38 0.85 2.71 0 0.68 1.13 3.48 0 0 1.68 2.35 0.43 0.78 0 1.79 0 
10 2.45 1.84 0 2.63 0 6.08 4.05 1.69 0.42 0.25 0.0 0.25 1.9 0 0.9 2.9 1.37 0.9 1.97 3.55 3.57 3.26 6.84 5.95 5.07 0.9 0.33 0 6.33 1.6 3.76 0.51 2.07 3.67 0 0.82 0 5.08 0.89 1.04 0.3 3.45 3.51 0 1.02 0 0 1.99 0.75 0.65 1.02 3.67 1.21 2.15 3.39 
11 1.13 0 2.65 1.52 0 0.75 0 1.41 0 0.48 0.25 0.0 0.94 0 0.39 0 5.57 0.5 2.83 1.69 6.59 0.89 5.55 2.23 0 0.63 0 0 4.89 0 5.07 1.6 2.16 4.33 1.54 1.9 0.92 1.96 0.31 1.54 1.79 1.07 1.07 2.35 2.34 2.16 0 0 0.73 1.96 0 4.56 0.45 0.13 0 
12 0.47 1.91 2.35 0.92 1.11 4.56 1.05 0.25 1.23 0 1.9 0.94 0.0 0 2.54 3.58 1.23 0.27 1.6 1.66 0.8 2.4 0 0 1.79 2.07 0.27 1.6 0 1.85 0 0.98 0.22 0.9 0.7 1.23 0 0 1.17 0 0 2.53 2.59 3.48 0.23 0.42 0 3.67 0 0 0 0.51 0 2.53 4.18 
13 1.36 0 0 0 0 0.63 0 0 0 0 0 0 0 0.0 1.36 1.39 2.53 0 0.95 0.51 1.29 0.47 0.7 0 0 2.07 1.42 0.43 1.29 0 0 3.14 0 0 0 0 1.6 1.88 0.57 0 2.16 0.89 0 1.88 2.65 0.51 0 0 0.74 0 1.99 0 0 0 0.43 
14 1.06 0 2.46 0 1.06 1.45 4.69 0.22 0.8 3.39 0.9 0.39 2.54 1.36 0.0 4.18 4.33 1.21 3.26 0 1.68 5.95 5.27 0.97 2.19 0 0 0 4.61 0 0.6 4.56 2.46 4.23 1.23 0.85 5.95 0 0.28 0.53 0 1.07 3.88 3.63 2.53 1.79 1.11 0 1.49 0 1.84 1.45 0.33 0.43 2.03 
15 3.42 1.56 2.45 4.33 0.78 0.13 0 3.55 0 3.08 2.9 0 3.58 1.39 4.18 0.0 1.64 1.37 3.76 0 1.27 0.35 1.45 3.14 3.57 0 3.8 0 1.09 0.17 2.41 1.0 6.21 2.22 2.53 3.29 0 0.35 0 4.52 1.6 6.33 4.52 5.83 4.42 1.65 1.98 1.9 0 4.8 7.1 2.22 0.99 1.29 0.28 
16 0.32 0 1.69 0.35 0.94 4.69 0.2 0 0 1.42 1.37 5.57 1.23 2.53 4.33 1.64 0.0 1.32 0.9 5.32 0 3.01 0.38 0 0 1.72 0 2.09 0 0 2.26 3.86 1.05 0.49 1.79 3.39 2.59 2.71 3.67 0 0 0 0.37 1.6 0 1.13 0.5 0.58 2.82 0.15 1.88 0.49 2.03 3.67 0 
17 0.75 0 0.7 1.13 0.25 0 0.39 1.11 0.86 1.51 0.9 0.5 0.27 0 1.21 1.37 1.32 0.0 1.6 1.13 0.73 0 1.91 0 1.6 2.35 0 0 1.09 0 0 1.97 0 0 0 2.79 1.52 0 3.29 0 0 0.57 3.2 0 0 0 0.7 1.29 0 0.82 1.98 0.1 0.35 2.35 3.2 
18 0 0 0 1.51 2.53 0.97 0.53 0 0 0.28 1.97 2.83 1.6 0.95 3.26 3.76 0.9 1.6 0.0 2.07 8.87 0 0 2.63 0.51 0 0 0 1.84 2.03 2.77 3.67 0 1.21 0.73 0 6.02 1.09 1.52 0 0.82 3.67 0 0 1.32 2.96 0 2.23 0 0 0.23 1.02 0 0.77 3.63 
19 0.38 4.42 2.09 1.6 0 0.47 1.97 0 0.66 3.48 3.55 1.69 1.66 0.51 0 0 5.32 1.13 2.07 0.0 1.33 3.67 0 0 3.39 1.84 1.29 0.92 0.68 0.4 0.48 0 0 1.56 0 0 0 0.55 2.16 0.57 3.01 0 0 0 3.86 0 0 3.29 2.82 0 0 0.57 0 1.04 0.49 
20 1.41 1.72 4.05 2.11 3.67 1.52 0.63 4.94 0 2.35 3.57 6.59 0.8 1.29 1.68 1.27 0 0.73 8.87 1.33 0.0 2.07 0.67 7.1 2.54 8.87 5.07 2.79 2.92 1.11 0.42 4.37 7.35 2.59 2.82 0 0.2 0.56 5.18 0 4.71 3.33 0 6.33 2.19 0.37 1.91 0 0.74 0 2.58 0.73 0 5.57 1.06 
21 2.54 0 0 0 0.37 1.65 0.38 3.48 0.55 0.82 3.26 0.89 2.4 0.47 5.95 0.35 3.01 0 0 3.67 2.07 0.0 0.3 0.6 0 2.23 2.03 0.9 0 0 0 1.07 0 2.26 1.66 4.81 0.39 0.27 6.72 4.61 0 0 0 0 0.68 0 1.13 0.1 0.13 0 1.99 2.82 0 2.77 0.6 
22 1.17 0 1.51 0 1.79 3.67 0 4.14 1.68 4.33 6.84 5.55 0 0.7 5.27 1.45 0.38 1.91 0 0 0.67 0.3 0.0 1.98 0 0 0 2.16 0 0.48 1.98 3.88 2.46 0.27 1.41 0.78 1.09 3.2 0.95 0.78 2.28 0 0.43 0.43 0.58 0.48 0 1.48 2.16 0 0 1.6 0 2.03 0 
23 0.52 0.74 0.98 0 0 2.71 2.07 4.14 4.42 0.57 5.95 2.23 0 0 0.97 3.14 0 0 2.63 0 7.1 0.6 1.98 0.0 0 1.41 0 2.71 0.43 2.53 3.01 6.59 1.06 0 1.56 4.61 1.8 1.96 3.2 0 0 0.68 0.86 0.39 1.36 2.4 2.59 3.86 2.28 0.94 1.72 1.98 1.72 4.89 0.95 
24 0 0.98 2.03 0.23 0 3.26 0 0 0 0 5.07 0 1.79 0 2.19 3.57 0 1.6 0.51 3.39 2.54 0 0 0 0.0 0 0.57 2.96 2.34 0 0 1.56 0.3 0.38 0 2.96 3.51 3.63 5.83 1.09 0.94 0.43 1.85 1.54 0 0.73 2.71 1.99 0 0.43 1.41 0.37 2.9 0 0 
25 2.03 3.95 0 0 0.67 0.97 0 0 2.59 0.17 0.9 0.63 2.07 2.07 0 0 1.72 2.35 0 1.84 8.87 2.23 0 1.41 0 0.0 0 0 0 4.8 0 0.7 0.2 1.41 3.76 1.56 2.54 8.24 0.5 0 1.79 1.84 0 0 0.27 0.78 0 0 4.99 2.45 0 1.66 4.23 1.49 2.15 
26 0 2.82 0 1.88 0.68 1.79 0.23 0 1.32 1.79 0.33 0 0.27 1.42 0 3.8 0 0 0 1.29 5.07 2.03 0 0 0.57 0 0.0 0 2.82 0.86 1.88 1.21 0 0.86 0 1.32 1.49 3.39 1.88 1.05 1.04 0.68 1.6 3.39 1.88 1.11 0.17 3.01 0.98 0 2.54 0 0.25 1.6 3.29 
27 0.63 0 1.23 3.29 0.62 0.23 0 0.63 0 0 0 0 1.6 0.43 0 0 2.09 0 0 0.92 2.79 0.9 2.16 2.71 2.96 0 0 0.0 1.6 0.49 0 2.96 0.63 0 0.43 0.27 3.04 2.41 0 2.22 0 0 0 0 1.41 0.37 0.13 1.17 0.55 0.72 0.75 0 0 1.42 0.51 
28 2.26 0.23 0.39 3.01 1.29 1.88 0.3 3.48 0 0.72 6.33 4.89 0 1.29 4.61 1.09 0 1.09 1.84 0.68 2.92 0 0 0.43 2.34 0 2.82 1.6 0.0 0.74 0.2 7.6 0 0.25 0 3.67 0 0.42 1.99 0.73 0 0 0 0.32 3.2 0.78 1.85 0.25 0.51 0 2.71 2.16 1.79 1.76 0 
29 0 0 0.63 3.39 0.68 0.56 1.23 0 0 3.95 1.6 0 1.85 0 0 0.17 0 0 2.03 0.4 1.11 0 0.48 2.53 0 4.8 0.86 0.49 0.74 0.0 0.35 0 1.56 0 0.55 1.48 0.27 0.22 0 0 0.53 1.6 0 1.41 0 0.25 0 0.43 0 1.6 2.9 1.02 0.74 0 0.82 
30 0.23 0 0 0 0 1.65 1.13 3.17 2.79 0.62 3.76 5.07 0 0 0.6 2.41 2.26 0 2.77 0.48 0.42 0 1.98 3.01 0 0 1.88 0 0.2 0.35 0.0 0 2.09 0 0.59 2.45 1.79 1.23 2.46 2.22 0 0 1.17 0 1.91 0 0 0.22 0.27 0 1.6 0 0.27 2.03 1.72 
31 2.28 0.9 1.96 1.25 2.65 2.35 0 0 0.65 1.6 0.51 1.6 0.98 3.14 4.56 1.0 3.86 1.97 3.67 0 4.37 1.07 3.88 6.59 1.56 0.7 1.21 2.96 7.6 0 0 0.0 0.94 4.42 0 3.29 2.7 1.12 1.69 0 3.29 3.76 2.5 5.46 0.48 0 0 5.93 0 0.7 0.98 0 1.72 3.8 0 
32 0.86 0.52 0 0.49 0 4.33 0 1.72 3.11 0.66 2.07 2.16 0.22 0 2.46 6.21 1.05 0 0 0 7.35 0 2.46 1.06 0.3 0.2 0 0.63 0 1.56 2.09 0.94 0.0 0 1.17 0 0.89 2.07 0 0.94 0.49 0 0.65 3.2 0.2 0.6 2.92 4.42 3.86 0 0 0.25 1.37 1.29 2.83 
33 1.6 0.75 0.94 0.99 0 3.8 0.75 1.91 1.29 1.85 3.67 4.33 0.9 0 4.23 2.22 0.49 0 1.21 1.56 2.59 2.26 0.27 0 0.38 1.41 0.86 0 0.25 0 0 4.42 0 0.0 0 0 4.18 4.56 0.7 1.21 1.98 1.69 1.69 0 0 0.94 0 0 0 0 2.73 0 0 2.46 0 
34 0.17 2.03 0.32 1.79 0.43 1.23 0.3 0 0.27 1.17 0 1.54 0.7 0 1.23 2.53 1.79 0 0.73 0 2.82 1.66 1.41 1.56 0 3.76 0 0.43 0 0.55 0.59 0 1.17 0 0.0 0 1.17 0.43 1.02 1.72 0 0.73 1.68 1.52 1.17 0.17 0.08 1.54 0.74 2.34 3.58 0.82 0 1.05 0 
35 2.28 0 3.8 1.33 0 0.5 1.06 0.47 0.47 0 0.82 1.9 1.23 0 0.85 3.29 3.39 2.79 0 0 0 4.81 0.78 4.61 2.96 1.56 1.32 0.27 3.67 1.48 2.45 3.29 0 0 0 0.0 3.76 2.16 0 2.45 2.35 3.33 0.89 4.61 0 0 0 1.37 1.79 0 1.56 0 0 0.43 1.9 
36 4.18 4.31 0.94 6.08 1.02 0.94 0 5.07 1.37 2.19 0 0.92 0 1.6 5.95 0 2.59 1.52 6.02 0 0.2 0.39 1.09 1.8 3.51 2.54 1.49 3.04 0 0.27 1.79 2.7 0.89 4.18 1.17 3.76 0.0 0.27 7.1 5.18 0 1.64 0 3.67 0 2.53 0.53 0.76 1.52 6.33 2.35 3.58 1.09 2.9 3.11 
37 4.05 4.81 1.02 1.92 0 0 4.18 4.56 1.17 6.97 5.08 1.96 0 1.88 0 0.35 2.71 0 1.09 0.55 0.56 0.27 3.2 1.96 3.63 8.24 3.39 2.41 0.42 0.22 1.23 1.12 2.07 4.56 0.43 2.16 0.27 0.0 6.59 2.11 2.83 1.88 0.75 0.73 4.8 1.69 2.63 0.17 1.65 6.72 0 1.52 2.16 0.7 3.29 
38 2.45 3.08 5.19 0.55 1.91 0 1.33 0.99 0 2.07 0.89 0.31 1.17 0.57 0.28 0 3.67 3.29 1.52 2.16 5.18 6.72 0.95 3.2 5.83 0.5 1.88 0 1.99 0 2.46 1.69 0 0.7 1.02 0 7.1 6.59 0.0 0.3 2.91 1.0 7.73 7.1 1.91 2.22 0 3.14 0.75 5.57 2.03 4.05 0.47 1.52 1.25 
39 0.37 0 0 0 2.73 0.78 1.02 0 2.73 0.38 1.04 1.54 0 0 0.53 4.52 0 0 0 0.57 0 4.61 0.78 0 1.09 0 1.05 2.22 0.73 0 2.22 0 0.94 1.21 1.72 2.45 5.18 2.11 0.3 0.0 0 1.8 4.52 0 0.92 3.39 0.45 0 3.95 0 1.41 1.29 3.01 0.98 0 
40 0.86 2.73 0 0 0.82 4.94 0.63 2.53 1.54 0.85 0.3 1.79 0 2.16 0 1.6 0 0 0.82 3.01 4.71 0 2.28 0 0.94 1.79 1.04 0 0 0.53 0 3.29 0.49 1.98 0 2.35 0 2.83 2.91 0 0.0 3.48 0.65 1.33 0.15 1.09 1.36 2.46 0 1.29 1.51 1.04 0 0.42 0.63 
41 1.41 0.43 0.42 0.48 2.28 4.05 0 0.83 0.85 2.71 3.45 1.07 2.53 0.89 1.07 6.33 0 0.57 3.67 0 3.33 0 0 0.68 0.43 1.84 0.68 0 0 1.6 0 3.76 0 1.69 0.73 3.33 1.64 1.88 1.0 1.8 3.48 0.0 0 0.07 1.25 0 0 3.58 2.22 0.35 1.52 1.06 0.77 0 3.7 
42 3.39 0.17 1.48 1.91 0 5.07 2.45 0 1.96 0 3.51 1.07 2.59 0 3.88 4.52 0.37 3.2 0 0 0 0 0.43 0.86 1.85 0 1.6 0 0 0 1.17 2.5 0.65 1.69 1.68 0.89 0 0.75 7.73 4.52 0.65 0 0.0 0 0 0 2.77 1.37 3.11 2.26 0 2.63 2.77 0 0 
43 0.52 0.56 0 2.45 0.55 2.4 0 0 1.8 0.68 0 2.35 3.48 1.88 3.63 5.83 1.6 0 0 0 6.33 0 0.43 0.39 1.54 0 3.39 0 0.32 1.41 0 5.46 3.2 0 1.52 4.61 3.67 0.73 7.1 0 1.33 0.07 0 0.0 0.48 2.16 0 0 3.01 0 0 2.16 0 2.11 0.92 
44 0 2.45 1.6 0.28 0 1.72 0 2.73 0.57 1.13 1.02 2.34 0.23 2.65 2.53 4.42 0 0 1.32 3.86 2.19 0.68 0.58 1.36 0 0.27 1.88 1.41 3.2 0 1.91 0.48 0.2 0 1.17 0 0 4.8 1.91 0.92 0.15 1.25 0 0.48 0.0 0 0 1.68 0.63 1.22 0 1.13 0 0 4.33 
45 0 0 0.86 0 0 0 0.28 0 0.59 3.48 0 2.16 0.42 0.51 1.79 1.65 1.13 0 2.96 0 0.37 0 0.48 2.4 0.73 0.78 1.11 0.37 0.78 0.25 0 0 0.6 0.94 0.17 0 2.53 1.69 2.22 3.39 1.09 0 0 2.16 0 0.0 0.47 0 0 2.34 0 0 0 1.06 0 
46 0 1.37 0 0.5 0 0.37 0 0 0 0 0 0 0 0 1.11 1.98 0.5 0.7 0 0 1.91 1.13 0 2.59 2.71 0 0.17 0.13 1.85 0 0 0 2.92 0 0.08 0 0.53 2.63 0 0.45 1.36 0 2.77 0 0 0.47 0.0 1.66 0.82 1.52 1.49 1.36 0.2 0 0.27 
47 0 2.63 0.66 2.53 0.33 0.12 2.35 4.43 3.8 0 1.99 0 3.67 0 0 1.9 0.58 1.29 2.23 3.29 0 0.1 1.48 3.86 1.99 0 3.01 1.17 0.25 0.43 0.22 5.93 4.42 0 1.54 1.37 0.76 0.17 3.14 0 2.46 3.58 1.37 0 1.68 0 1.66 0.0 0 2.71 3.26 2.92 0 0 3.93 
48 1.23 1.02 0.22 0.6 0.55 0.89 1.79 2.73 3.17 1.68 0.75 0.73 0 0.74 1.49 0 2.82 0 0 2.82 0.74 0.13 2.16 2.28 0 4.99 0.98 0.55 0.51 0 0.27 0 3.86 0 0.74 1.79 1.52 1.65 0.75 3.95 0 2.22 3.11 3.01 0.63 0 0.82 0 0.0 0.65 4.52 2.45 0 4.56 0 
49 0 1.69 0.43 0 0.55 1.8 1.29 1.52 0 2.35 0.65 1.96 0 0 0 4.8 0.15 0.82 0 0 0 0 0 0.94 0.43 2.45 0 0.72 0 1.6 0 0.7 0 0 2.34 0 6.33 6.72 5.57 0 1.29 0.35 2.26 0 1.22 2.34 1.52 2.71 0.65 0.0 1.69 1.05 0.7 2.9 0 
50 0 1.33 0 1.13 0 0 2.63 1.37 1.6 0.43 1.02 0 0 1.99 1.84 7.1 1.88 1.98 0.23 0 2.58 1.99 0 1.72 1.41 0 2.54 0.75 2.71 2.9 1.6 0.98 0 2.73 3.58 1.56 2.35 0 2.03 1.41 1.51 1.52 0 0 0 0 1.49 3.26 4.52 1.69 0.0 1.36 0 0.67 0 
51 0.18 1.11 0 0.39 0.99 1.25 0.56 2.91 3.29 0.78 3.67 4.56 0.51 0 1.45 2.22 0.49 0.1 1.02 0.57 0.73 2.82 1.6 1.98 0.37 1.66 0 0 2.16 1.02 0 0 0.25 0 0.82 0 3.58 1.52 4.05 1.29 1.04 1.06 2.63 2.16 1.13 0 1.36 2.92 2.45 1.05 1.36 0.0 0.42 1.21 2.34 
52 0 2.16 0 3.11 0 0.7 0 0.47 0.43 0 1.21 0.45 0 0 0.33 0.99 2.03 0.35 0 0 0 0 0 1.72 2.9 4.23 0.25 0 1.79 0.74 0.27 1.72 1.37 0 0 0 1.09 2.16 0.47 3.01 0 0.77 2.77 0 0 0 0.2 0 0 0.7 0 0.42 0.0 1.17 0.22 
53 2.79 0.8 1.41 0.6 0.4 1.45 1.91 0.75 0 1.79 2.15 0.13 2.53 0 0.43 1.29 3.67 2.35 0.77 1.04 5.57 2.77 2.03 4.89 0 1.49 1.6 1.42 1.76 0 2.03 3.8 1.29 2.46 1.05 0.43 2.9 0.7 1.52 0.98 0.42 0 0 2.11 0 1.06 0 0 4.56 2.9 0.67 1.21 1.17 0.0 1.23 
54 2.54 0.8 3.2 4.33 0 3.04 0.57 2.41 0.74 0 3.39 0 4.18 0.43 2.03 0.28 0 3.2 3.63 0.49 1.06 0.6 0 0.95 0 2.15 3.29 0.51 0 0.82 1.72 0 2.83 0 0 1.9 3.11 3.29 1.25 0 0.63 3.7 0 0.92 4.33 0 0.27 3.93 0 0 0 2.34 0.22 1.23 0.0 

;