set O:= 0;
set N:= 1 2 3 4 5 6 7 8 9 10 11 12 13 14 15 16 17 18 19 20 21 22 23 24 25 26 27 28 29 30 31 32 33 34 35 36 37 38 39 40 41 42 43 44 45 46 47 48 49 50 51 52 53 54;
set K:= 1 2 3 4 5 6 7 8 9 10 11 12 13 14 15;
param V:= 15;
param cp:= 70;
param dm:= 5.0;
param o:=
0 0
1 18
2 26
3 11
4 30
5 21
6 19
7 15
8 16
9 29
10 26
11 37
12 16
13 12
14 31
15 8
16 19
17 20
18 13
19 15
20 22
21 28
22 12
23 6
24 27
25 14
26 18
27 17
28 29
29 13
30 22
31 25
32 28
33 27
34 19
35 10
36 12
37 14
38 24
39 16
40 33
41 15
42 11
43 18
44 17
45 21
46 27
47 19
48 20
49 5
50 22
51 12
52 19
53 22
54 16
;
param c[*,*]
: 0 1 2 3 4 5 6 7 8 9 10 11 12 13 14 15 16 17 18 19 20 21 22 23 24 25 26 27 28 29 30 31 32 33 34 35 36 37 38 39 40 41 42 43 44 45 46 47 48 49 50 51 52 53 54:=
0 0 7 5 7 4 7 3 3 3331 8 38 13 7 6143 7 5995 9 2234 9 6 10 5995 17 14 12 37 2 18 8666 4 6 27 12 6138 6 3997 7328 7106 38 8 16 20 10051 11 6 4 3 6 18 11 9 4 5 4885 30 
1 7 0 5 8305 9 12 9 11 11168 13 16 15 35 12 15 14 5 7 11 13123 15 6 3 17 18 11727 8376 12 5 8 7 17 11 2234 9214 13 9493 10610 28 12 8097 6 3 1675 7259 9 39 7818 15 6499 19 20 9772 17 17 
2 5 5 0 9 4333 5 3 5995 7 9493 14 31 9027 10 18 23 6499 13 12 15 7106 4 4467 18 11915 13 7 7222 14 14 3 23 8 3611 14 6661 7 7 14804 11 9 9 27 7 29 5055 8 15 6 19 11 6 8 10 49 
3 7 8305 9 0 10 15 7 10 12277 10 10110 28 22 17 15 66 6 4333 5777 30 24 14 12 8 6 7 7222 12638 11554 12999 10 23 12 23 42 25 17332 22 15 7 4 13 45 9388 1083 12 14 59 16 4 4333 7 11915 16 16609 
4 4 9 4333 10 0 5 5 3331 3 34 12 14 5026 4 24 6 35 8 11448 6 6439 10 8097 12 17 14 3071 2220 7583 2443 3 15526 9 7 1554 4 7 6 11193 8097 23 10331 10 18 8 2 2 9 12 24 10 4467 2 11 5 
5 7 12 5 15 5 0 5773 13 22 54 17332 18 7994 4 10 2 13360 7 18 7 2665 2887 8097 32 38 18 13 3 18 5 2887 27 51 6661 9 7 9 2 17 15 8660 48 11168 22 15 2 5 2 1554 21 15 9 5 10 5329 
6 3 9 3 7 5 5773 0 6 11 28 11554 14 25 12 8216 7 5 7 18 14 9 6 7 7944 11 11 6 10 8 4441 4333 15 6 2889 13 7 7 7328 15 15 12 8 7259 6 5 12 8 5551 4219 7583 7818 2166 8 14 14 
7 3 11 5995 10 3331 13 6 0 1554 5551 16 13 4 5 3 6217 12 8 9 3 8660 33 12285 15887 17 9 2 14 33 7 5551 7 25 28 2 4 8882 7994 7 5 4441 17 16 14 6439 6 2 7772 26 56 16 5107 11 7 4219 
8 3331 11168 7 12277 3 22 11 1554 0 14 6 4 9 3 6 5 13 6 13 6 7 8 24 16971 19 37 12 2 8 4 4885 10 7328 15 6 4 10 8 5 6439 11 18 28 26 9 13 1 6661 5551 17 18 5773 1554 3 5 
9 8 13 9493 10 34 54 28 5551 14 0 7 13 4 12 7994 28 33 4467 6 8216 21 17 12844 15 9 3 5305 11 15 11727 13 6138 1954 34 17 7 20 15356 7944 1117 2513 49 14 14 3350 10331 8 16 24 9027 6 11 11 26 14 
10 38 16 14 10110 12 17332 11554 16 6 7 0 6 5416 14 6 34 16 10 23 6217 42 38 15077 16971 14443 17 8 16 18054 59 58 6 7944 56 12 6 21 78 2528 3972 7 31 32 15 19 13 10 23 18 16 19 10471 45 3775 52 
11 13 15 31 28 14 18 14 13 4 13 6 0 11 14 3 15 15887 12 16609 16 18776 21 16473 41 19 17 8 14 75 16 14443 19 51 16609 9027 3331 22 23 4 36 21 22 22 34 55 12638 10 18 18 72 15 12999 19 2 9 
12 7 35 9027 22 5026 7994 25 4 9 4 5416 11 0 9 24 34 29 4 7259 12 12 35 12 13 10471 6143 4 7259 13 6661 9 11 5 17 20 9 10 10 14 3 2 46 47 10331 5 14 5 8660 8 10 6 7 7 4441 9214 
13 6143 12 10 17 4 4 12 5 3 12 14 14 9 0 4885 2443 14804 9 32 12 9 12 23 18 20 30 6422 1554 48 3 8 18415 13 16 4 4 12 18 25 12 9772 30 18 54 48 12 3 5 17 18 28 10 2 6 1554 
14 7 15 18 15 24 10 8216 3 6 7994 6 3 24 4885 0 7328 66 9 11769 2 12 10436 15636 26 81 10 5 5 44 7 9 7994 36 9992 4441 8 10436 9 4 9 7 22 70 66 36 6439 3997 10 11 21 21 10 9 3 3553 
15 5995 14 23 66 6 2 7 6217 5 28 34 15 34 2443 7328 0 19 10 34 5 2220 5 13 37 42 17 6661 3 8 2 4219 24 13681 16 4441 5773 4 2 16 54 11 13960 54 12844 52 2887 19 3331 3 74 15636 16 7 9 4 
16 9 5 6499 6 35 13360 5 12 13 33 16 15887 29 14804 66 19 0 5055 33 15165 18 11554 10 5 5 40 8 12277 9 12 8666 59 25 12 10471 52 30 32 56 10 6 8 10 6138 5 42 22 16 10832 6 7222 12 11915 56 17 
17 2234 7 13 4333 8 7 7 8 6 4467 10 12 4 9 9 10 5055 0 7259 8 11 8 35 11 9388 6980 2 7 20 7 7 23 4 6 6 4885 11 9 9388 4 2 12 9493 8 4 7 20 15 7 30 5863 2 12 22 38 
18 9 11 12 5777 11448 18 18 9 13 6 23 16609 7259 32 11769 34 33 7259 0 47 19545 15 13 10110 19 3 9 14 52 58 12564 10471 4 17 25 13 71 20 18 7 23 10889 12 11 3909 13402 14 64 18 6 3 29 17 20 16473 
19 6 13123 15 30 6 7 14 3 6 8216 6217 16 12 12 2 5 15165 8 47 0 9 35 16 19 19859 21 9 3331 10 11 7 9 10 18 3 2 8 8 20 9 28 18 16 15 9104 6 3 31 27 20 12 8 3 10 4 
20 10 15 7106 24 6439 2665 9 8660 7 21 42 18776 12 9 12 2220 18 11 19545 9 0 20 12 20220 29 19545 8882 4885 28 8 6 51 16194 19 27 8 3 5 79 16 44 30 14 13960 20 5 14 4 5 21 23 11 6 9770 7 
21 5995 6 4 14 10 2887 6 33 8 17 38 21 35 12 10436 5 11554 8 15 35 20 0 6 16 19 32 29 20 2 3 3 26 13 5329 5995 8438 3 4 19137 13681 10 9 9 8 14 5 26 3 4 18 28 6661 6 20 9 
22 17 3 4467 12 8097 8097 7 12285 24 12844 15077 16473 12 23 15636 13 10 35 13 16 12 6 0 7583 14 14 10 9772 3 16 5863 35 45 6 40 16 10 38 18 16 41 4 6 6 12 16 13 27 6422 11 12 29 10 29 14 
23 14 17 18 8 12 32 7944 15887 16971 15 16971 41 13 18 26 37 5 11 10110 19 20220 16 7583 0 5 26 14 15887 12 14804 11554 18776 19 6 58 17693 21 23 38 13 12 16 20 7 32 14082 15165 14804 53 3611 40 7583 64 18776 26 
24 12 18 11915 6 17 38 11 17 19 9 14443 19 10471 20 81 42 5 9388 19 19859 29 19 14 5 0 9 25 17332 13721 22 14 18 8 10 16 17332 41 43 16609 20 35 12 43 36 6 32 15887 74 18 2528 5416 16 16971 23 24 
25 37 11727 13 7 14 18 11 9 37 3 17 17 6143 30 10 17 40 6980 3 21 19545 32 14 26 9 0 8 15 16 14240 13 13 4 20 11168 18 23 18149 14 4 5305 26 16 14 6 16 11 18 14798 9388 2 30 12564 17 31 
26 2 8376 7 7222 3071 13 6 2 12 5305 8 8 4 6422 5 6661 8 2 9 9 8882 29 10 14 25 8 0 6 10832 20 7222 14 6 16 3 12 11 32 29 19 3071 14 23 10051 5584 5026 6 7106 11 11 7539 4 8 15 7259 
27 18 12 7222 12638 2220 3 10 14 2 11 16 14 7259 1554 5 3 12277 7 14 3331 4885 20 9772 15887 17332 15 6 0 9388 1776 6 17332 13 13 1554 7 5329 4219 12 40 8 14 14 14 20 1332 4 4219 12 31 16 9 1 5107 12 
28 8666 5 14 11554 7583 18 8 33 8 15 18054 75 13 48 44 8 9 20 52 10 28 2 3 12 13721 16 10832 9388 0 17 9 21665 12 7 11 35 4 6 23 15 14 7 6 7 9493 29 10832 7 12 11 49 8305 10471 12 14 
29 4 8 14 12999 2443 5 4441 7 4 11727 59 16 6661 3 7 2 12 7 58 11 8 3 16 14804 22 14240 20 1776 17 0 8 19 22 6 12 5329 4 3 14 12 14 46 13 40 12 888 4 10 1 59 52 23 2665 9 19 
30 6 7 3 10 3 2887 4333 5551 4885 13 58 14443 9 8 9 4219 8666 7 12564 7 6 3 5863 11554 14 13 7222 6 9 8 0 18 38 6 22 23 17 9 29 40 11 10 17 8 35 4 7 6 6 15 23 8 12 15 20 
31 27 17 23 23 15526 27 15 7 10 6138 6 19 11 18415 7994 24 59 23 10471 9 51 26 35 18776 18 13 14 17332 21665 19 18 0 17 68 16 31 31 27 26 6 9388 34 22 65 13 22 16 91 21 17 18 13 64 6661 18 
32 12 11 8 12 9 51 6 25 7328 1954 7944 51 5 13 36 13681 25 4 4 10 16194 13 45 19 8 4 6 13 12 22 38 17 0 7 17 7 16 18 10 2792 9 10 14 9493 3 13 8655 13123 11448 7 2 5 20 15 51 
33 6138 2234 3611 23 7 6661 2889 28 15 34 56 16609 17 16 9992 16 12 6 17 18 19 5329 6 6 10 20 16 13 7 6 6 68 7 0 10 8 7328 7994 17 17 7583 5026 5026 4 6 35 11 6 5 6 8097 4 10 36 15 
34 6 9214 14 42 1554 9 13 2 6 17 12 9027 20 4 4441 4441 10471 6 25 3 27 5995 40 58 16 11168 3 1554 11 12 22 16 17 10 0 3 8 6 38 31 6 25 48 44 17 4 2 5551 17 13721 10610 23 1 3775 4 
35 3997 13 6661 25 4 7 7 4 4 7 6 3331 9 4 8 5773 52 4885 13 2 8 8438 16 17693 17332 18 12 7 35 5329 23 31 7 8 3 0 36 16 4 5773 22 60 18 13681 8 4 2 10 13 16 18 6 3 3 3331 
36 7328 9493 7 17332 7 9 7 8882 10 20 21 22 10 12 10436 4 30 11 71 8 3 3 10 21 41 23 11 5329 4 4 17 31 16 7328 8 36 0 2 20220 61 10 15 11 44 14 4441 8 1332 2665 18054 21 34 8 21 29 
37 7106 10610 7 22 6 2 7328 7994 8 15356 78 23 10 18 9 2 32 9 20 8 5 4 38 23 43 18149 32 4219 6 3 9 27 18 7994 6 16 2 0 18776 19 20 17 14 14 57 16 25 2 2887 19137 17 11 20 10 5773 
38 38 28 14804 15 11193 17 15 7 5 7944 2528 4 14 25 4 16 56 9388 18 20 79 19137 18 38 16609 14 29 12 23 14 29 26 10 17 38 4 20220 18776 0 8 8305 19 17032 15636 45 12999 11 37 18 15887 48 11554 20 2665 14 
39 8 12 11 7 8097 15 15 5 6439 1117 3972 36 3 12 9 54 10 4 7 9 16 13681 16 13 20 4 19 40 15 12 40 6 2792 17 31 5773 61 19 8 0 3 26 13402 13 17 10051 9 15 11727 11 4188 23 8935 11 11 
40 16 8097 9 4 23 8660 12 4441 11 2513 7 21 2 9772 7 11 6 2 23 28 44 10 41 12 35 5305 3071 8 14 14 11 9388 9 7583 6 22 10 20 8305 3 0 10331 14 19 3 31 6143 36 8 7583 4467 3071 8 6 12 
41 20 6 9 13 10331 48 8 17 18 49 31 22 46 30 22 13960 8 12 10889 18 30 9 4 16 12 26 14 14 7 46 10 34 10 5026 25 60 15 17 19 26 10331 0 1 1 18 11 14 10610 40 9 22 15 26 16 67 
42 10051 3 27 45 10 11168 7259 16 28 14 32 22 47 18 70 54 10 9493 12 16 14 9 6 20 43 16 23 14 6 13 17 22 14 5026 48 18 11 14 17032 13402 14 1 0 1 11 11 12564 20 9214 8666 13 7818 12564 18 16 
43 11 1675 7 9388 18 22 6 14 26 14 15 34 10331 54 66 12844 6138 8 11 15 13960 8 6 7 36 14 10051 14 7 40 8 65 9493 4 44 13681 44 14 15636 13 19 1 1 0 10 9772 11 9 8935 7 10 6422 13 30 19 
44 6 7259 29 1083 8 15 5 6439 9 3350 19 55 5 48 36 52 5 4 3909 9104 20 14 12 32 6 6 5584 20 9493 12 35 13 3 6 17 8 14 57 45 17 3 18 11 10 0 9 8 24 13 4694 3 3350 11 8 12844 
45 4 9 5055 12 2 2 12 6 13 10331 13 12638 14 12 6439 2887 42 7 13402 6 5 5 16 14082 32 16 5026 1332 29 888 4 22 13 35 4 4 4441 16 12999 10051 31 11 11 9772 9 0 11 3 2 13721 13 8 2 24 5 
46 3 39 8 14 2 5 8 2 1 8 10 10 5 3 3997 19 22 20 14 3 14 26 13 15165 15887 11 6 4 10832 4 7 16 8655 11 2 2 8 25 11 9 6143 14 12564 11 8 11 0 5995 19 56 21 6143 4 4 7 
47 6 7818 15 59 9 2 5551 7772 6661 16 23 18 8660 5 10 3331 16 15 64 31 4 3 27 14804 74 18 7106 4219 7 10 6 91 13123 6 5551 10 1332 2 37 15 36 10610 20 9 24 3 5995 0 1 15887 59 6883 5 9 6883 
48 18 15 6 16 12 1554 4219 26 5551 24 18 18 8 17 11 3 10832 7 18 27 5 4 6422 53 18 14798 11 12 12 1 6 21 11448 5 17 13 2665 2887 18 11727 8 40 9214 8935 13 2 19 1 0 28 13402 5773 5 7994 6 
49 11 6499 19 4 24 21 7583 56 17 9027 16 72 10 18 21 74 6 30 6 20 21 18 11 3611 2528 9388 11 31 11 59 15 17 7 6 13721 16 18054 19137 15887 11 7583 9 8666 7 4694 13721 56 15887 28 0 6499 6138 30 16971 22 
50 9 19 11 4333 10 15 7818 16 18 6 19 15 6 28 21 15636 7222 5863 3 12 23 28 12 40 5416 2 7539 16 49 52 23 18 2 8097 10610 18 21 17 48 4188 4467 22 13 10 3 13 21 59 13402 6499 0 25 12 11 15 
51 4 20 6 7 4467 9 2166 5107 5773 11 10471 12999 7 10 10 16 12 2 29 8 11 6661 29 7583 16 30 4 9 8305 23 8 13 5 4 23 6 34 11 11554 23 3071 15 7818 6422 3350 8 6143 6883 5773 6138 25 0 14 9 21 
52 5 9772 8 11915 2 5 8 11 1554 11 45 19 7 2 9 7 11915 12 17 3 6 6 10 64 16971 12564 8 1 10471 2665 12 64 20 10 1 3 8 20 20 8935 8 26 12564 13 11 2 4 5 5 30 12 14 0 4219 6 
53 4885 17 10 16 11 10 14 7 3 26 3775 2 4441 6 3 9 56 22 20 10 9770 20 29 18776 23 17 15 5107 12 9 15 6661 15 36 3775 3 21 10 2665 11 6 16 18 30 8 24 4 9 7994 16971 11 9 4219 0 9 
54 30 17 49 16609 5 5329 14 4219 5 14 52 9 9214 1554 3553 4 17 38 16473 4 7 9 14 26 24 31 7259 12 14 19 20 18 51 15 4 3331 29 5773 14 11 12 67 16 19 12844 5 7 6883 6 22 15 21 6 9 0 

;param cto[*,*]
: 0 1 2 3 4 5 6 7 8 9 10 11 12 13 14 15 16 17 18 19 20 21 22 23 24 25 26 27 28 29 30 31 32 33 34 35 36 37 38 39 40 41 42 43 44 45 46 47 48 49 50 51 52 53 54:=
0 0 46 44 45 39 42 43 44 40 42 42 43 40 42 43 43 41 39 48 42 44 43 43 43 48 44 39 41 42 41 40 44 42 41 40 41 44 44 42 42 40 44 44 43 41 40 44 42 41 43 43 40 40 42 43 
1 46 0 40 42 42 44 41 49 45 44 46 51 43 49 51 45 44 46 44 46 46 46 43 40 42 45 43 44 40 47 42 47 43 39 44 46 44 45 47 45 43 40 40 39 42 43 44 43 42 41 44 41 44 46 46 
2 44 40 0 46 40 41 43 43 42 44 49 46 42 46 45 42 41 41 45 44 44 40 41 42 44 45 45 41 40 41 43 47 47 40 41 43 42 42 45 44 46 42 42 42 42 40 45 41 40 42 44 40 45 44 44 
3 45 42 46 0 42 49 41 47 44 40 43 45 40 45 49 46 39 40 41 45 47 49 47 41 40 45 41 44 44 44 47 44 39 41 43 44 46 47 44 41 40 43 43 42 38 47 43 45 44 44 40 40 44 44 46 
4 39 42 40 42 0 41 40 40 40 43 43 43 41 41 43 41 42 40 45 42 43 42 43 48 45 45 40 40 42 40 43 46 43 45 39 45 42 46 43 43 42 44 48 44 46 39 39 41 40 44 48 41 43 42 42 
5 42 44 41 49 41 0 42 43 42 46 46 46 44 41 44 39 44 47 48 43 40 40 43 46 47 48 43 40 41 39 40 49 46 43 41 43 40 43 50 46 45 46 45 45 46 44 42 39 39 46 51 44 41 44 42 
6 43 41 43 41 40 42 0 42 42 42 44 48 41 43 44 47 40 40 44 44 45 42 42 42 43 44 40 42 41 41 40 49 45 39 41 43 47 44 44 42 41 46 42 46 45 41 41 42 41 42 43 39 42 43 44 
7 44 49 43 47 40 43 42 0 39 42 41 40 40 41 40 43 47 41 49 44 45 44 46 46 46 44 43 41 44 42 42 47 43 43 40 39 45 44 41 46 41 47 47 46 43 41 39 44 43 45 44 42 40 39 41 
8 40 45 42 44 40 42 42 39 0 44 42 45 41 40 40 46 48 42 46 39 47 44 46 46 46 45 40 44 48 45 42 45 44 44 39 39 44 43 46 43 42 47 47 46 44 40 42 43 42 46 45 42 39 44 40 
9 42 44 44 40 43 46 42 42 44 0 40 43 40 49 44 47 42 41 41 44 49 47 46 44 46 40 41 48 46 45 44 41 39 43 43 43 48 48 42 38 39 46 46 45 40 44 47 47 46 42 40 41 44 43 46 
10 42 46 49 43 43 46 44 41 42 40 0 40 40 48 42 46 44 42 44 43 48 47 47 46 45 42 41 44 47 45 45 40 42 45 43 42 52 47 39 40 41 48 48 51 42 48 42 47 46 45 42 43 43 41 44 
11 43 51 46 45 43 46 48 40 45 43 40 0 42 43 40 49 46 43 46 41 47 47 48 48 51 45 46 43 47 45 45 42 44 46 42 40 48 47 39 42 43 49 49 49 45 44 42 51 46 47 49 44 43 39 46 
12 40 43 42 40 41 44 41 40 41 40 40 42 0 47 43 45 41 39 42 43 46 45 45 44 43 42 39 42 48 43 46 42 40 42 41 41 50 49 41 43 39 45 45 44 40 42 45 45 44 42 45 40 42 41 44 
13 42 49 46 45 41 41 43 41 40 49 48 43 47 0 42 40 45 43 48 40 42 43 45 51 51 47 42 39 44 44 45 47 46 44 40 41 42 41 44 45 44 47 47 46 46 40 40 46 41 51 47 44 39 42 39 
14 43 51 45 49 43 44 44 40 40 44 42 40 43 42 0 44 46 43 47 43 46 46 48 48 48 50 46 46 47 47 44 44 45 46 41 39 46 49 41 44 47 49 49 48 45 43 41 49 45 47 46 44 41 39 41 
15 43 45 42 46 41 39 47 43 46 47 46 49 45 40 44 0 45 44 49 46 40 42 44 47 48 52 43 44 43 40 41 49 47 44 41 42 44 39 49 46 45 47 46 46 46 40 42 40 44 47 48 44 41 44 41 
16 41 44 41 39 42 44 40 47 48 42 44 46 41 45 46 45 0 40 42 45 51 44 42 40 44 43 46 44 46 47 42 45 41 39 43 44 45 46 45 42 41 42 42 41 40 43 43 44 43 39 41 39 44 45 50 
17 39 46 41 40 40 47 40 41 42 41 42 43 39 43 43 44 40 0 42 43 46 44 43 43 42 42 43 42 43 42 45 44 44 41 41 42 45 49 42 44 43 44 44 47 40 42 41 44 43 42 42 39 42 42 44 
18 48 44 45 41 45 48 44 49 46 41 44 46 42 48 47 49 42 42 0 47 50 51 50 43 40 44 48 51 46 47 46 43 44 43 46 46 49 49 45 42 42 45 49 44 40 46 46 48 47 45 39 42 46 46 48 
19 42 46 44 45 42 43 44 44 39 44 43 41 43 40 43 46 45 43 47 0 44 45 47 51 48 46 42 40 45 42 43 49 45 45 40 43 48 44 42 44 44 48 52 51 45 42 40 44 43 47 46 44 40 40 39 
20 44 46 44 47 43 40 45 45 47 49 48 47 46 42 46 40 51 46 50 44 0 42 45 48 49 50 45 42 43 41 42 51 48 45 43 48 40 39 48 52 47 47 51 47 48 42 43 44 41 52 50 46 46 46 43 
21 43 46 40 49 42 40 42 44 44 47 47 47 45 43 46 42 44 44 51 45 42 0 41 44 46 48 44 42 43 44 40 49 50 42 43 45 40 41 47 47 45 47 43 47 45 41 43 39 39 45 47 43 46 46 44 
22 43 43 41 47 43 43 42 46 46 46 47 48 45 45 48 44 42 43 50 47 45 41 0 42 44 51 48 44 39 43 42 49 45 41 44 46 43 44 48 46 44 44 40 40 44 43 45 42 42 43 49 42 48 47 50 
23 43 40 42 41 48 46 42 46 46 44 46 48 44 51 48 47 40 43 43 51 48 44 42 0 44 44 44 46 42 45 44 47 43 40 45 47 46 47 47 48 43 40 40 40 42 45 45 45 44 40 43 42 46 47 48 
24 48 42 44 40 45 47 43 46 46 46 45 51 43 51 48 48 44 42 40 48 49 46 44 44 0 42 44 46 45 46 49 45 41 42 49 46 48 48 46 43 42 42 43 42 40 46 46 47 46 39 40 42 46 47 49 
25 44 45 45 45 45 48 44 44 45 40 42 45 42 47 50 52 43 42 44 46 50 48 51 44 42 0 47 46 47 47 50 41 40 44 45 45 49 49 43 44 41 46 47 46 41 46 49 48 47 42 39 43 46 45 48 
26 39 43 45 41 40 43 40 43 40 41 41 46 39 42 46 43 46 43 48 42 45 44 48 44 44 47 0 41 43 42 41 43 41 42 43 40 45 44 41 41 40 45 45 44 41 41 40 44 42 47 43 40 40 41 42 
27 41 44 41 44 40 40 42 41 44 48 44 43 42 39 46 44 44 42 51 40 42 42 44 46 46 46 41 0 42 39 40 46 45 43 39 41 42 41 47 44 47 46 46 45 44 39 39 41 40 46 46 42 42 42 40 
28 42 40 40 44 42 41 41 44 48 46 47 47 48 44 47 43 46 43 46 45 43 43 39 42 45 47 43 42 0 41 40 49 45 40 43 45 45 42 47 46 44 42 41 41 44 41 43 40 40 47 46 42 43 46 49 
29 41 47 41 44 40 39 41 42 45 45 45 45 43 44 47 40 47 42 47 42 41 44 43 45 46 47 42 39 41 0 39 51 45 42 40 42 41 40 49 45 44 45 45 44 45 38 44 40 43 45 46 42 40 43 42 
30 40 42 43 47 43 40 40 42 42 44 45 45 46 45 44 41 42 45 46 43 42 40 42 44 49 50 41 40 40 39 0 51 44 45 40 42 41 41 45 44 43 44 43 43 43 39 41 40 39 44 45 41 41 44 43 
31 44 47 47 44 46 49 49 47 45 41 40 42 42 47 44 49 45 44 43 49 51 49 49 47 45 41 43 46 49 51 51 0 42 46 45 44 50 50 41 41 42 49 49 48 43 47 45 49 52 45 42 48 46 43 51 
32 42 43 47 39 43 46 45 43 44 39 42 44 40 46 45 47 41 44 44 45 48 50 45 43 41 40 41 45 45 45 44 42 0 46 43 48 47 47 47 40 39 48 45 44 39 44 43 46 45 41 39 40 44 44 46 
33 41 39 40 41 45 43 39 43 44 43 45 46 42 44 46 44 39 41 43 45 45 42 41 40 42 44 42 43 40 42 45 46 46 0 42 48 44 44 45 43 42 41 41 44 41 42 43 46 46 41 43 40 47 45 49 
34 40 44 41 43 39 41 41 40 39 43 43 42 41 40 41 41 43 41 46 40 43 43 44 45 49 45 43 39 43 40 40 45 43 42 0 40 43 42 42 43 46 46 46 45 43 40 38 42 41 45 45 42 38 41 41 
35 41 46 43 44 45 43 43 39 39 43 42 40 41 41 39 42 44 42 46 43 48 45 46 47 46 45 40 41 45 42 42 44 48 48 40 0 45 44 45 42 42 47 47 47 48 45 43 44 43 49 45 47 40 39 40 
36 44 44 42 46 42 40 47 45 44 48 52 48 50 42 46 44 45 45 49 48 40 40 43 46 48 49 45 42 45 41 41 50 47 44 43 45 0 39 48 48 50 45 49 45 51 41 44 39 40 47 49 45 43 46 44 
37 44 45 42 47 46 43 44 44 43 48 47 47 49 41 49 39 46 49 49 44 39 41 44 47 48 49 44 41 42 40 41 50 47 44 42 44 39 0 47 47 46 46 46 46 47 41 43 40 40 47 52 45 42 45 42 
38 42 47 45 44 43 50 44 41 46 42 39 39 41 44 41 49 45 42 45 42 48 47 48 47 46 43 41 47 47 49 45 41 47 45 42 45 48 47 0 41 42 49 49 48 43 44 42 47 46 46 44 44 43 40 44 
39 42 45 44 41 43 46 42 46 43 38 40 42 43 45 44 46 42 44 42 44 52 47 46 48 43 44 41 44 46 45 44 41 40 43 43 42 48 47 41 0 43 46 46 46 40 44 43 47 45 43 40 42 44 42 49 
40 40 43 46 40 42 45 41 41 42 39 41 43 39 44 47 45 41 43 42 44 47 45 44 43 42 41 40 47 44 44 43 42 39 42 46 42 50 46 42 43 0 44 45 44 39 43 42 45 48 42 41 40 42 42 45 
41 44 40 42 43 44 46 46 47 47 46 48 49 45 47 49 47 42 44 45 48 47 47 44 40 42 46 45 46 42 45 44 49 48 41 46 47 45 46 49 46 44 0 42 38 44 49 46 45 44 42 45 43 46 52 49 
42 44 40 42 43 48 45 42 47 47 46 48 49 45 47 49 46 42 44 49 52 51 43 40 40 43 47 45 46 41 45 43 49 45 41 46 47 49 46 49 46 45 42 0 42 44 48 46 44 44 42 45 43 46 48 52 
43 43 39 42 42 44 45 46 46 46 45 51 49 44 46 48 46 41 47 44 51 47 47 40 40 42 46 44 45 41 44 43 48 44 44 45 47 45 46 48 46 44 38 42 0 43 44 49 48 44 45 48 42 45 47 48 
44 41 42 42 38 46 46 45 43 44 40 42 45 40 46 45 46 40 40 40 45 48 45 44 42 40 41 41 44 44 45 43 43 39 41 43 48 51 47 43 40 39 44 44 43 0 48 47 46 45 40 43 40 44 48 46 
45 40 43 40 47 39 44 41 41 40 44 48 44 42 40 43 40 43 42 46 42 42 41 43 45 46 46 41 39 41 38 39 47 44 42 40 45 41 41 44 44 43 49 48 44 48 0 40 44 39 45 46 42 39 43 41 
46 44 44 45 43 39 42 41 39 42 47 42 42 45 40 41 42 43 41 46 40 43 43 45 45 46 49 40 39 43 44 41 45 43 43 38 43 44 43 42 43 42 46 46 49 47 40 0 43 42 45 45 42 39 40 41 
47 42 43 41 45 41 39 42 44 43 47 47 51 45 46 49 40 44 44 48 44 44 39 42 45 47 48 44 41 40 40 40 49 46 46 42 44 39 40 47 47 45 45 44 48 46 44 43 0 39 46 47 43 46 49 43 
48 41 42 40 44 40 39 41 43 42 46 46 46 44 41 45 44 43 43 47 43 41 39 42 44 46 47 42 40 40 43 39 52 45 46 41 43 40 40 46 45 48 44 44 44 45 39 42 39 0 45 46 42 41 44 46 
49 43 41 42 44 44 46 42 45 46 42 45 47 42 51 47 47 39 42 45 47 52 45 43 40 39 42 47 46 47 45 44 45 41 41 45 49 47 47 46 43 42 42 42 45 40 45 45 46 45 0 41 41 45 46 48 
50 43 44 44 40 48 51 43 44 45 40 42 49 45 47 46 48 41 42 39 46 50 47 49 43 40 39 43 46 46 46 45 42 39 43 45 45 49 52 44 40 41 45 45 48 43 46 45 47 46 41 0 42 49 45 51 
51 40 41 40 40 41 44 39 42 42 41 43 44 40 44 44 44 39 39 42 44 46 43 42 42 42 43 40 42 42 42 41 48 40 40 42 47 45 45 44 42 40 43 43 42 40 42 42 43 42 41 42 0 42 43 45 
52 40 44 45 44 43 41 42 40 39 44 43 43 42 39 41 41 44 42 46 40 46 46 48 46 46 46 40 42 43 40 41 46 44 47 38 40 43 42 43 44 42 46 46 45 44 39 39 46 41 45 49 42 0 41 40 
53 42 46 44 44 42 44 43 39 44 43 41 39 41 42 39 44 45 42 46 40 46 46 47 47 47 45 41 42 46 43 44 43 44 45 41 39 46 45 40 42 42 52 48 47 48 43 40 49 44 46 45 43 41 0 41 
54 43 46 44 46 42 42 44 41 40 46 44 46 44 39 41 41 50 44 48 39 43 44 50 48 49 48 42 40 49 42 43 51 46 49 41 40 44 42 44 49 45 49 52 48 46 41 41 43 46 48 51 45 40 41 0 

;param d[*,*]
: 0 1 2 3 4 5 6 7 8 9 10 11 12 13 14 15 16 17 18 19 20 21 22 23 24 25 26 27 28 29 30 31 32 33 34 35 36 37 38 39 40 41 42 43 44 45 46 47 48 49 50 51 52 53 54:=
0 0.0 0 0 0 0.27 0 0 0 0.92 0.38 2.45 1.13 0.47 2.07 0 1.66 0.74 0.75 0 0 0 1.66 1.17 1.21 0 2.03 0 0.99 3.04 0 0.55 2.28 0.86 2.15 0.39 1.11 2.03 1.97 2.45 0.37 0.86 1.41 3.39 0.52 0 0 0 0 0.78 0.47 0 0.18 0.23 1.36 1.66 
1 0 0.0 0.23 2.91 0.43 0.55 0.63 0 3.76 0.62 0.78 0 1.91 0 0 0.67 0 0 0 4.42 0.73 0 0 1.13 1.54 3.95 2.82 0.58 0.23 0 0 0 0.52 0.75 3.11 0 3.2 3.58 1.96 0 2.73 0.43 0.17 0.56 2.45 0 2.16 2.63 1.02 2.28 1.33 1.11 3.29 0.8 0.8 
2 0 0.23 0.0 0 1.52 0 0 1.66 0 3.2 0 2.65 3.17 0 0.67 1.02 2.28 1.11 0 0.57 1.97 0 1.51 1.54 4.18 0 0 2.53 0.94 0.63 0 1.96 0 1.27 1.17 1.85 0 0 5.19 0 0 0.42 1.48 0 1.6 1.77 0 0.66 0.22 1.6 0 0.23 0 0 3.2 
3 0 2.91 0 0.0 0.43 0 0.63 0 4.31 0.86 3.55 2.4 1.41 0.7 0 4.33 0.55 1.52 2.03 2.53 2.11 0 0 0.32 0.55 0 2.53 4.43 4.05 4.56 0 1.97 0.75 1.51 2.73 2.09 6.08 1.92 1.29 0.28 0.17 1.13 2.92 3.29 0.38 0 1.17 3.86 1.41 0 1.52 0.62 4.18 1.41 5.83 
4 0.27 0.43 1.52 0.43 0.0 0 0.47 0.92 0 1.85 0.52 1.21 1.69 0 1.06 0 2.26 0.59 3.86 0 1.79 0.37 2.73 0 1.49 0.67 1.04 0.62 2.66 0.68 0 5.45 0 0 0.43 0 0 0 3.93 2.73 1.29 3.48 0 1.29 0 0 0 0.33 0.55 2.03 0 1.51 0 0.4 0 
5 0 0.55 0 0 0 0.0 1.6 0.5 0.98 2.96 6.08 0.75 2.22 0 0 0 4.69 0 0 0 0.74 0.8 2.73 2.71 3.26 0 0.48 0 0.78 0.23 0.8 2.35 2.83 1.85 0.33 0 0.39 0 0 0 2.4 2.65 3.76 1.52 0.73 0 0 0 0.43 1.8 0 0 0 0 1.48 
6 0 0.63 0 0.63 0.47 1.6 0.0 0 0.4 1.54 4.05 0 1.6 0.48 2.28 0 0.47 0.62 1.25 0.53 0 0 0 2.79 0.45 0 0.55 0.86 0.7 1.23 1.52 0 0 1.01 1.11 0 0 2.03 1.33 1.02 0.99 0 2.45 0 0 1.05 0.32 1.54 1.17 2.66 2.63 0.76 0.35 0.52 0.57 
7 0 0 1.66 0 0.92 0.5 0 0.0 0.43 1.54 0.7 0.59 0 0 0 1.72 0 0.3 0 0 2.4 1.45 4.14 5.57 0.72 0 0 0.63 1.45 0 1.54 0 1.09 1.21 0 0.2 2.46 2.22 0.27 0 1.23 0.83 0 0 1.79 0 0 2.16 1.13 3.67 0.58 1.42 0.47 0.31 1.17 
8 0.92 3.76 0 4.31 0 0.98 0.4 0.43 0.0 0.53 0 0 0.33 0 0.22 0 0 0 0 0.27 0 0 1.68 5.95 0.8 1.64 0.55 0 0 0 1.36 0 2.03 0.55 0.27 0.2 0 0 0 1.79 0.42 0.85 1.96 1.8 0 0.59 0 1.85 1.54 0.72 0.68 1.6 0.43 0 0.2 
9 0.38 0.62 3.2 0.86 1.85 2.96 1.54 1.54 0.53 0.0 0.59 1.13 0 0 2.22 1.96 2.16 1.51 0.28 2.28 1.0 0.82 4.33 1.33 0 0.17 1.79 0 0.72 3.95 0.62 2.15 0.66 1.85 1.17 0 0.94 5.18 2.79 0.38 0.85 2.71 0 0.68 1.13 3.48 0 0 1.68 3.17 0.43 0.78 0 1.13 0 
10 2.45 0.78 0 3.55 0.52 6.08 4.05 0.7 0 0.59 0.0 0.25 1.9 0 0 2.9 1.37 0.9 1.97 1.72 3.57 3.26 5.08 5.95 5.07 1.42 0.33 1.37 6.33 3.86 3.76 0.51 2.79 3.67 1.06 0 0 5.08 0.89 1.39 0.3 2.19 2.23 0 1.6 0 0.43 1.99 0.75 0.65 1.6 3.67 2.92 1.05 3.39 
11 1.13 0 2.65 2.4 1.21 0.75 0 0.59 0 1.13 0.25 0.0 0.94 1.17 0 0 5.57 0.5 5.83 0.7 6.59 0.89 5.55 3.51 0 1.49 0 1.21 4.89 0.65 5.07 1.6 3.29 5.83 3.17 0.92 0.92 1.96 0.31 2.35 1.79 1.07 1.07 2.35 3.58 4.43 0.9 0 0.73 4.71 0 4.56 1.66 0 0 
12 0.47 1.91 3.17 1.41 1.69 2.22 1.6 0 0.33 0 1.9 0.94 0.0 0 1.06 1.49 1.88 0.27 2.45 0.45 0 1.52 0 0.55 3.67 2.07 0.27 2.45 0 1.85 0 0.98 0.22 1.42 1.11 0.33 0 0 1.17 0 0 2.53 2.59 3.48 0.23 0.98 0 2.4 0 0.43 0 0.51 0 1.23 3.11 
13 2.07 0 0 0.7 0 0 0.48 0 0 0 0 1.17 0 0.0 1.36 0.68 5.19 0 2.23 0.51 0.35 0.47 1.64 0 0 2.07 2.16 0.43 3.11 0 0 6.46 0 1.41 0 0 0.43 0.78 2.09 0 3.29 2.07 0.85 2.96 2.65 0.51 0 0 0.74 0 1.99 0 0 0 0.43 
14 0 0 0.67 0 1.06 0 2.28 0 0.22 2.22 0 0 1.06 1.36 0.0 2.03 4.33 0 3.26 0 0 2.9 5.27 2.27 5.27 0 0 0 1.92 0 0 2.22 1.56 2.77 1.23 0.35 2.9 0 0 0 0 1.07 3.88 3.63 1.6 1.79 1.11 0 0 0.89 0.78 0 0.33 0.12 0.99 
15 1.66 0.67 1.02 4.33 0 0 0 1.72 0 1.96 2.9 0 1.49 0.68 2.03 0.0 1.64 0 2.39 0 0.62 0 0.62 3.14 3.57 0 1.85 0 0 0 1.17 1.0 4.61 0.6 1.23 1.6 0 0 0 2.96 0 4.71 2.96 4.33 2.9 0.8 0.82 0.92 0 4.8 5.27 0.6 0.27 0 0 
16 0.74 0 2.28 0.55 2.26 4.69 0.47 0 0 2.16 1.37 5.57 1.88 5.19 4.33 1.64 0.0 1.77 2.16 5.32 0 4.05 0.9 0.2 0 2.63 0 4.31 0 0 3.04 3.86 1.6 0.75 3.67 3.39 2.59 2.71 3.67 0.42 0.27 0.35 0.86 2.15 0.2 2.73 1.85 1.37 3.8 0.55 2.53 0.75 4.18 3.67 0 
17 0.75 0 1.11 1.52 0.59 0 0.62 0.3 0 1.51 0.9 0.5 0.27 0 0 0 1.77 0.0 2.45 0 0 0 1.91 0.45 3.29 2.35 0 0 1.72 0 0 1.97 0 0.27 0.28 1.36 0 0 3.29 0 0 0.57 3.2 0 0 0 1.11 0.55 0 1.98 1.98 0.1 0.82 0.98 2.09 
18 0 0 0 2.03 3.86 0 1.25 0 0 0.28 1.97 5.83 2.45 2.23 3.26 2.39 2.16 2.45 0.0 2.07 6.59 0 0 3.55 1.22 0 0 0 2.9 3.2 4.23 3.67 0 1.21 1.72 0 3.94 0 1.52 0 1.29 3.67 0 0 1.32 4.52 0 3.51 0.87 0 0.23 1.6 0.8 0.77 5.55 
19 0 4.42 0.57 2.53 0 0 0.53 0 0.27 2.28 1.72 0.7 0.45 0.51 0 0 5.32 0 2.07 0.0 0 1.52 0 0 6.97 0.78 0.35 0.92 0 0.4 0 0 0 0.67 0 0 0 0 0.9 0 1.25 0 0 0 2.53 0 0 1.37 1.17 0.83 0 0 0 0.43 0.13 
20 0 0.73 1.97 2.11 1.79 0.74 0 2.4 0 1.0 3.57 6.59 0 0.35 0 0.62 0 0 6.59 0 0.0 0.86 0 7.1 2.54 6.59 2.46 1.36 1.21 0.3 0 4.37 5.46 0.7 1.17 0 0 0.23 5.18 0 1.96 2.11 0 4.71 0.94 0 0.52 0 0 0 1.1 0 0 2.71 0 
21 1.66 0 0 0 0.37 0.8 0 1.45 0 0.82 3.26 0.89 1.52 0.47 2.9 0 4.05 0 0 1.52 0.86 0.0 0.3 1.41 0.78 2.23 1.29 0.9 0 0 0 1.07 0 1.48 1.66 2.34 0 0 6.72 4.61 0 0 0 0 0.68 0 1.13 0.1 0.13 1.56 1.99 1.85 0 0.75 0 
22 1.17 0 1.51 0 2.73 2.73 0 4.14 1.68 4.33 5.08 5.55 0 1.64 5.27 0.62 0.9 1.91 0 0 0 0.3 0.0 2.66 0.58 0 0 3.29 0 1.13 1.98 2.46 2.46 0.27 2.22 0.78 0.47 2.09 0 0.78 2.28 0 0.43 0.43 0.58 1.13 0.63 1.48 2.16 0.47 0 1.6 0 2.03 0 
23 1.21 1.13 1.54 0.32 0 2.71 2.79 5.57 5.95 1.33 5.95 3.51 0.55 0 2.27 3.14 0.2 0.45 3.55 0 7.1 1.41 2.66 0.0 0 2.22 0.57 5.57 1.02 5.19 4.05 6.59 1.66 0.25 3.76 6.21 1.8 1.96 3.2 0 0.48 1.04 1.32 0.62 2.07 4.94 5.32 5.19 3.48 1.27 2.63 2.66 4.14 6.59 2.23 
24 0 1.54 4.18 0.55 1.49 3.26 0.45 0.72 0.8 0 5.07 0 3.67 0 5.27 3.57 0 3.29 1.22 6.97 2.54 0.78 0.58 0 0.0 0.38 2.09 6.08 4.81 1.88 0 1.56 0.7 0.9 0 6.08 3.51 3.63 5.83 1.72 2.26 1.02 2.82 2.35 0.23 2.71 5.57 4.8 0.77 0.89 1.9 1.36 5.95 1.96 1.0 
25 2.03 3.95 0 0 0.67 0 0 0 1.64 0.17 1.42 1.49 2.07 2.07 0 0 2.63 2.35 0 0.78 6.59 2.23 0 2.22 0.38 0.0 0 0 0 4.8 0 1.11 0.2 1.41 3.76 0.67 1.09 6.12 1.17 0 1.79 1.84 0 0 0.27 0.78 0 0 4.99 3.29 0 1.66 4.23 0.63 2.15 
26 0 2.82 0 2.53 1.04 0.48 0.55 0 0.55 1.79 0.33 0 0.27 2.16 0 1.85 0 0 0 0.35 2.46 1.29 0 0.57 2.09 0 0.0 0.3 3.8 0.86 2.53 1.21 0 1.36 0 0.55 0 1.41 1.88 1.05 1.04 0.68 1.6 3.39 1.88 1.69 0.39 1.97 0.42 0 2.54 0 0.59 0.66 2.45 
27 0.99 0.58 2.53 4.43 0.62 0 0.86 0.63 0 0 1.37 1.21 2.45 0.43 0 0 4.31 0 0 0.92 1.36 0.9 3.29 5.57 6.08 0 0.3 0.0 3.29 0.49 0.55 6.08 0.63 1.13 0.43 0.27 1.48 1.17 0 2.22 0 0 0 0.68 1.41 0.37 0.13 1.17 0.55 2.65 0.75 0.43 0 1.42 0.51 
28 3.04 0.23 0.94 4.05 2.66 0.78 0.7 1.45 0 0.72 6.33 4.89 0 3.11 1.92 0 0 1.72 2.9 0 1.21 0 0 1.02 4.81 0 3.8 3.29 0.0 0.74 0.74 7.6 0 0.59 0.47 1.52 0 0 1.99 0.73 0.57 0 0 0.32 3.2 1.88 3.8 0.25 0.51 0 2.71 2.91 3.67 0 0 
29 0 0 0.63 4.56 0.68 0.23 1.23 0 0 3.95 3.86 0.65 1.85 0 0 0 0 0 3.2 0.4 0.3 0 1.13 5.19 1.88 4.8 0.86 0.49 0.74 0.0 0.35 0 1.56 0 0.55 1.48 0 0 0 0 0.53 2.53 0.63 2.22 0 0.25 0 0.43 0 3.86 2.9 1.02 0.74 0 0.82 
30 0.55 0 0 0 0 0.8 1.52 1.54 1.36 0.62 3.76 5.07 0 0 0 1.17 3.04 0 4.23 0 0 0 1.98 4.05 0 0 2.53 0.55 0.74 0.35 0.0 0 2.09 0 1.41 1.02 0.74 0.33 2.46 2.22 0.45 0 1.17 0 1.91 0.31 0.28 0.22 0.27 1.29 1.6 0.32 0.99 0.55 1.72 
31 2.28 0 1.96 1.97 5.45 2.35 0 0 0 2.15 0.51 1.6 0.98 6.46 2.22 1.0 3.86 1.97 3.67 0 4.37 1.07 2.46 6.59 1.56 1.11 1.21 6.08 7.6 0 0 0.0 1.48 4.42 0.67 1.37 2.7 1.12 1.69 0.27 3.29 2.39 1.07 3.57 1.13 1.92 0.65 5.93 0 0.7 1.54 0 4.14 1.85 0 
32 0.86 0.52 0 0.75 0 2.83 0 1.09 2.03 0.66 2.79 3.29 0.22 0 1.56 4.61 1.6 0 0 0 5.46 0 2.46 1.66 0.7 0.2 0 0.63 0 1.56 2.09 1.48 0.0 0 1.17 0 0 0.89 0 0.94 0.49 0 0.65 3.2 0.2 0.6 2.92 4.42 3.86 0.3 0 0.25 1.37 0.55 2.83 
33 2.15 0.75 1.27 1.51 0 1.85 1.01 1.21 0.55 1.85 3.67 5.83 1.42 1.41 2.77 0.6 0.75 0.27 1.21 0.67 0.7 1.48 0.27 0.25 0.9 1.41 1.36 1.13 0.59 0 0 4.42 0 0.0 0.43 0 2.03 2.22 0.7 1.21 2.66 1.69 1.69 0 0 2.26 0.47 0 0 0.27 2.73 0.17 0 1.56 0 
34 0.39 3.11 1.17 2.73 0.43 0.33 1.11 0 0.27 1.17 1.06 3.17 1.11 0 1.23 1.23 3.67 0.28 1.72 0 1.17 1.66 2.22 3.76 0 3.76 0 0.43 0.47 0.55 1.41 0.67 1.17 0.43 0.0 0 0 0 2.45 1.72 0 1.72 2.65 2.4 1.17 0.17 0.08 1.54 0.74 4.81 3.58 1.29 0 1.05 0 
35 1.11 0 1.85 2.09 0 0 0 0.2 0.2 0 0 0.92 0.33 0 0.35 1.6 3.39 1.36 0 0 0 2.34 0.78 6.21 6.08 0.67 0.55 0.27 1.52 1.48 1.02 1.37 0 0 0 0.0 1.56 0.58 0 1.6 0.98 3.33 0.89 4.61 0 0 0 0 0.48 0 0.67 0 0 0.12 0.92 
36 2.03 3.2 0 6.08 0 0.39 0 2.46 0 0.94 0 0.92 0 0.43 2.9 0 2.59 0 3.94 0 0 0 0.47 1.8 3.51 1.09 0 1.48 0 0 0.74 2.7 0 2.03 0 1.56 0.0 0 7.1 3.39 0 0.7 0 2.4 0 1.23 0 0.37 0.74 6.33 1.0 1.49 0 0.78 1.29 
37 1.97 3.58 0 1.92 0 0 2.03 2.22 0 5.18 5.08 1.96 0 0.78 0 0 2.71 0 0 0 0.23 0 2.09 1.96 3.63 6.12 1.41 1.17 0 0 0.33 1.12 0.89 2.22 0 0.58 0 0.0 6.59 0.9 0.77 0.8 0 0 3.14 0.7 1.09 0 0.8 6.72 0 0 0.9 0 1.6 
38 2.45 1.96 5.19 1.29 3.93 0 1.33 0.27 0 2.79 0.89 0.31 1.17 2.09 0 0 3.67 3.29 1.52 0.9 5.18 6.72 0 3.2 5.83 1.17 1.88 0 1.99 0 2.46 1.69 0 0.7 2.45 0 7.1 6.59 0.0 0.7 2.91 0 5.74 5.27 2.92 4.56 0.94 3.14 0.75 5.57 3.11 4.05 1.72 0.74 1.25 
39 0.37 0 0 0.28 2.73 0 1.02 0 1.79 0.38 1.39 2.35 0 0 0 2.96 0.42 0 0 0 0 4.61 0.78 0 1.72 0 1.05 2.22 0.73 0 2.22 0.27 0.94 1.21 1.72 1.6 3.39 0.9 0.7 0.0 0 1.8 4.52 0 0.92 3.39 0.45 0 3.95 0.47 1.41 1.29 3.01 0.42 0 
40 0.86 2.73 0 0.17 1.29 2.4 0.99 1.23 0.42 0.85 0.3 1.79 0 3.29 0 0 0.27 0 1.29 1.25 1.96 0 2.28 0.48 2.26 1.79 1.04 0 0.57 0.53 0.45 3.29 0.49 2.66 0 0.98 0 0.77 2.91 0 0.0 3.48 0.65 1.33 0.15 1.72 2.07 1.56 0 2.66 1.51 1.04 0 0 0 
41 1.41 0.43 0.42 1.13 3.48 2.65 0 0.83 0.85 2.71 2.19 1.07 2.53 2.07 1.07 4.71 0.35 0.57 3.67 0 2.11 0 0 1.04 1.02 1.84 0.68 0 0 2.53 0 2.39 0 1.69 1.72 3.33 0.7 0.8 0 1.8 3.48 0.0 0 0.07 1.25 0 0 3.58 2.22 0.82 1.52 1.06 1.8 0 3.7 
42 3.39 0.17 1.48 2.92 0 3.76 2.45 0 1.96 0 2.23 1.07 2.59 0.85 3.88 2.96 0.86 3.2 0 0 0 0 0.43 1.32 2.82 0 1.6 0 0 0.63 1.17 1.07 0.65 1.69 2.65 0.89 0 0 5.74 4.52 0.65 0 0.0 0 0 0 4.23 1.37 3.11 3.04 0 2.63 4.23 0 0 
43 0.52 0.56 0 3.29 1.29 1.52 0 0 1.8 0.68 0 2.35 3.48 2.96 3.63 4.33 2.15 0 0 0 4.71 0 0.43 0.62 2.35 0 3.39 0.68 0.32 2.22 0 3.57 3.2 0 2.4 4.61 2.4 0 5.27 0 1.33 0.07 0 0.0 0.48 3.29 0 0 3.01 0 0 2.16 0 2.11 0.92 
44 0 2.45 1.6 0.38 0 0.73 0 1.79 0 1.13 1.6 3.58 0.23 2.65 1.6 2.9 0.2 0 1.32 2.53 0.94 0.68 0.58 2.07 0.23 0.27 1.88 1.41 3.2 0 1.91 1.13 0.2 0 1.17 0 0 3.14 2.92 0.92 0.15 1.25 0 0.48 0.0 0 0 1.68 0.63 1.65 0 1.13 0 0 4.33 
45 0 0 1.77 0 0 0 1.05 0 0.59 3.48 0 4.43 0.98 0.51 1.79 0.8 2.73 0 4.52 0 0 0 1.13 4.94 2.71 0.78 1.69 0.37 1.88 0.25 0.31 1.92 0.6 2.26 0.17 0 1.23 0.7 4.56 3.39 1.72 0 0 3.29 0 0.0 0.47 0 0 4.81 0 0.37 0 1.06 0 
46 0 2.16 0 1.17 0 0 0.32 0 0 0 0.43 0.9 0 0 1.11 0.82 1.85 1.11 0 0 0.52 1.13 0.63 5.32 5.57 0 0.39 0.13 3.8 0 0.28 0.65 2.92 0.47 0.08 0 0 1.09 0.94 0.45 2.07 0 4.23 0 0 0.47 0.0 1.66 0.82 3.67 1.49 2.07 0.2 0 0.27 
47 0 2.63 0.66 3.86 0.33 0 1.54 2.16 1.85 0 1.99 0 2.4 0 0 0.92 1.37 0.55 3.51 1.37 0 0.1 1.48 5.19 4.8 0 1.97 1.17 0.25 0.43 0.22 5.93 4.42 0 1.54 0 0.37 0 3.14 0 1.56 3.58 1.37 0 1.68 0 1.66 0.0 0 5.57 3.26 1.91 0 0 1.91 
48 0.78 1.02 0.22 1.41 0.55 0.43 1.17 1.13 1.54 1.68 0.75 0.73 0 0.74 0 0 3.8 0 0.87 1.17 0 0.13 2.16 3.48 0.77 4.99 0.42 0.55 0.51 0 0.27 0 3.86 0 0.74 0.48 0.74 0.8 0.75 3.95 0 2.22 3.11 3.01 0.63 0 0.82 0 0.0 2.4 4.52 1.6 0 2.22 0 
49 0.47 2.28 1.6 0 2.03 1.8 2.66 3.67 0.72 3.17 0.65 4.71 0.43 0 0.89 4.8 0.55 1.98 0 0.83 0 1.56 0.47 1.27 0.89 3.29 0 2.65 0 3.86 1.29 0.7 0.3 0.27 4.81 0 6.33 6.72 5.57 0.47 2.66 0.82 3.04 0 1.65 4.81 3.67 5.57 2.4 0.0 2.28 2.15 2.59 5.95 0.92 
50 0 1.33 0 1.52 0 0 2.63 0.58 0.68 0.43 1.6 0 0 1.99 0.78 5.27 2.53 1.98 0.23 0 1.1 1.99 0 2.63 1.9 0 2.54 0.75 2.71 2.9 1.6 1.54 0 2.73 3.58 0.67 1.0 0 3.11 1.41 1.51 1.52 0 0 0 0 1.49 3.26 4.52 2.28 0.0 1.36 0 0 0 
51 0.18 1.11 0.23 0.62 1.51 0 0.76 1.42 1.6 0.78 3.67 4.56 0.51 0 0 0.6 0.75 0.1 1.6 0 0 1.85 1.6 2.66 1.36 1.66 0 0.43 2.91 1.02 0.32 0 0.25 0.17 1.29 0 1.49 0 4.05 1.29 1.04 1.06 2.63 2.16 1.13 0.37 2.07 1.91 1.6 2.15 1.36 0.0 0.98 0 1.49 
52 0.23 3.29 0 4.18 0 0 0.35 0.47 0.43 0 2.92 1.66 0 0 0.33 0.27 4.18 0.82 0.8 0 0 0 0 4.14 5.95 4.23 0.59 0 3.67 0.74 0.99 4.14 1.37 0 0 0 0 0.9 1.72 3.01 0 1.8 4.23 0 0 0 0.2 0 0 2.59 0 0.98 0.0 1.17 0.22 
53 1.36 0.8 0 1.41 0.4 0 0.52 0.31 0 1.13 1.05 0 1.23 0 0.12 0 3.67 0.98 0.77 0.43 2.71 0.75 2.03 6.59 1.96 0.63 0.66 1.42 0 0 0.55 1.85 0.55 1.56 1.05 0.12 0.78 0 0.74 0.42 0 0 0 2.11 0 1.06 0 0 2.22 5.95 0 0 1.17 0.0 0.33 
54 1.66 0.8 3.2 5.83 0 1.48 0.57 1.17 0.2 0 3.39 0 3.11 0.43 0.99 0 0 2.09 5.55 0.13 0 0 0 2.23 1.0 2.15 2.45 0.51 0 0.82 1.72 0 2.83 0 0 0.92 1.29 1.6 1.25 0 0 3.7 0 0.92 4.33 0 0.27 1.91 0 0.92 0 1.49 0.22 0.33 0.0 

;