set O:= 0;
set N:= 1 2 3 4 5 6 7 8 9 10 11 12 13 14 15 16 17 18 19 20 21 22 23 24 25 26 27 28 29 30 31 32 33 34 35 36 37 38 39 40 41 42 43 44 45 46 47 48 49 50 51 52 53 54;
set K:= 1 2 3 4 5 6 7 8 9 10 11 12 13 14 15;
param V:= 15;
param cp:= 70;
param dm:= 2.0;
param o:=
0 0
1 18
2 26
3 11
4 30
5 21
6 19
7 15
8 16
9 29
10 26
11 37
12 16
13 12
14 31
15 8
16 19
17 20
18 13
19 15
20 22
21 28
22 12
23 6
24 27
25 14
26 18
27 17
28 29
29 13
30 22
31 25
32 28
33 27
34 19
35 10
36 12
37 14
38 24
39 16
40 33
41 15
42 11
43 18
44 17
45 21
46 27
47 19
48 20
49 5
50 22
51 12
52 19
53 22
54 16
;
param c[*,*]
: 0 1 2 3 4 5 6 7 8 9 10 11 12 13 14 15 16 17 18 19 20 21 22 23 24 25 26 27 28 29 30 31 32 33 34 35 36 37 38 39 40 41 42 43 44 45 46 47 48 49 50 51 52 53 54:=
0 0 6 5 7 5 9 3 5 5416 10 38 13 9 7944 12 7539 9 2889 12 9 13 9749 13 9 12 48 2 23 8666 6 6 27 16 6138 7 6499 9214 8935 38 10 20 16 7994 9 8 6 4 8 22 11 12 5 6 7944 39 
1 6 0 4 8305 7 12 7 9 8882 10 13 12 28 9 12 14 5 5 9 10436 15 5 2 11 18 9326 6661 10 4 8 5 13 9 1776 7328 11 9493 10610 22 9 6439 5 3 1332 9388 7 31 7818 15 6499 15 16 7772 13 13 
2 5 4 0 9 4333 6 3 7539 12 9493 11 24 6980 10 22 29 6499 13 10 19 8935 4 3553 11 11915 10 7 7222 9 18 2 17 7 3611 14 8376 8 9 11448 11 7 7 21 5 38 5055 8 19 7 19 9 6 8 13 49 
3 7 8305 9 0 10 15 7 10 12277 10 10110 28 22 17 15 66 6 4333 5777 30 24 14 12 8 6 7 7222 12638 11554 12999 10 23 12 23 42 25 17332 22 15 7 4 13 45 9388 1083 12 14 59 16 4 4333 7 11915 16 16609 
4 5 7 4333 10 0 6 5 4188 6 43 12 11 6499 7 30 7 35 11 9104 7 8097 16 6439 8 17 11 3972 3611 7583 3071 3 15526 7 7 2528 5 9 7 8655 10471 30 8216 8 15 10 3 4 11 16 24 8 5777 3 13 9 
5 9 12 6 15 6 0 7259 17 28 54 13402 14 10051 6 13 2 13360 9 18 9 3350 3630 8097 25 38 18 16 4 22 7 3630 21 51 8376 11 9 11 2 13 15 10889 48 11168 22 20 3 7 2 1954 21 15 11 6 13 6701 
6 3 7 3 7 5 7259 0 9 17 36 11554 14 25 12 13360 8 5 7 23 23 12 10 5 4885 11 14 6 10 8 5584 4333 15 8 2889 13 12 9 9214 15 19 12 6 5773 5 6 12 8 6980 5305 7583 10110 2166 8 22 14 
7 5 9 7539 10 4188 17 9 0 1954 6980 20 17 5 7 4 7818 12 13 11 3 10889 41 9770 9770 17 11 3 18 41 8 6980 9 31 45 3 6 11168 10051 9 6 5584 14 12 11 10471 7 2 9772 32 56 20 8305 13 9 5305 
8 5416 8882 12 12277 6 28 17 1954 0 23 10 6 14 5 7 6 13 10 13 8 9 13 19 10436 19 37 20 4 13 5 7944 16 7328 24 10 6 12 10 6 10471 18 14 22 20 15 22 2 8376 6980 17 18 9388 2528 3 9 
9 10 10 9493 10 43 54 36 6980 23 0 5 10 4 16 10051 28 33 5777 5 10331 21 17 10214 9 9 3 6860 14 15 11727 13 4747 1554 43 22 9 20 15356 6143 1117 2513 39 11 11 4333 13360 11 16 24 9027 5 14 14 32 18 
10 38 13 11 10110 12 13402 11554 20 10 5 0 5 4188 14 8 26 16 10 14 7818 32 30 11991 10436 14443 10 8 16 13960 46 45 5 4885 56 12 7 16 60 1954 3071 6 25 25 12 19 13 10 18 14 16 12 10471 45 4747 52 
11 13 12 24 28 11 14 14 17 6 10 5 0 8 10 3 11 15887 12 12844 20 14519 16 13101 25 19 13 8 11 58 12 11168 15 39 16609 6980 4188 17 17 3 28 16 18 18 27 55 9772 8 14 14 72 11 12999 15 2 7 
12 9 28 6980 22 6499 10051 25 5 14 4 4188 8 0 11 30 42 29 5 5773 15 15 44 10 8 10471 4885 5 9388 10 8376 7 9 4 17 26 11 13 12 11 3 2 36 37 8216 6 18 6 10889 10 10 4 9 9 5584 11915 
13 7944 9 10 17 7 6 12 7 5 16 14 10 11 0 6143 3071 14804 12 25 15 12 20 19 11 20 24 8305 2528 48 4 8 18415 11 16 6 6 15 22 19 16 12638 24 14 43 62 19 5 6 21 18 23 13 3 7 2528 
14 12 12 22 15 30 13 13360 4 7 10051 8 3 30 6143 0 9214 66 14 14798 3 15 13123 12435 16 81 13 8 7 55 9 11 10051 45 16248 5584 10 13123 12 5 11 9 18 56 52 59 8097 5026 12 13 21 26 17 11 4 4467 
15 7539 14 29 66 7 2 8 7818 6 28 26 11 42 3071 9214 0 19 12 34 7 2792 7 13 28 42 17 8376 3 10 3 5305 19 13681 20 5584 7259 4 3 12 54 14 13960 54 12844 68 3630 23 4188 4 74 15636 20 9 12 5 
16 9 5 6499 6 35 13360 5 12 13 33 16 15887 29 14804 66 19 0 5055 33 15165 18 11554 10 5 5 40 8 12277 9 12 8666 59 25 12 10471 52 30 32 56 10 6 8 10 6138 5 42 22 16 10832 6 7222 12 11915 56 17 
17 2889 5 13 4333 11 9 7 13 10 5777 10 12 5 12 14 12 5055 0 9388 13 14 13 28 7 9388 9027 3 10 20 9 7 23 5 6 8 7944 14 11 9388 6 2 9 7550 7 5 9 26 18 8 30 7583 3 15 36 49 
18 12 9 10 5777 9104 18 23 11 13 5 14 12844 5773 25 14798 34 33 9388 0 59 19545 12 10 6217 19 2 12 11 42 58 9992 6439 3 22 20 16 71 20 14 5 19 8660 9 9 5055 10658 11 64 18 6 3 38 13 26 13101 
19 9 10436 19 30 7 9 23 3 8 10331 7818 20 15 15 3 7 15165 13 59 0 12 44 12 12 19859 26 15 4188 13 13 9 11 12 29 4 2 11 10 26 12 36 14 13 12 14804 7 4 39 34 20 15 14 4 12 4 
20 13 15 8935 24 8097 3350 12 10889 9 21 32 14519 15 12 15 2792 18 14 19545 12 0 25 12 15636 29 19545 11168 6143 35 10 8 40 16194 23 34 10 4 7 61 16 56 30 14 13960 25 7 17 4 7 21 23 14 7 12285 9 
21 9749 5 4 14 16 3630 10 41 13 17 30 16 44 20 13123 7 11554 13 12 44 25 0 5 10 19 25 48 33 2 4 3 20 10 8666 9749 10610 3 5 14798 13681 12 7 7 6 19 8 42 3 4 18 23 10832 9 25 14 
22 13 2 3553 12 6439 8097 5 9770 19 10214 11991 13101 10 19 12435 13 10 28 10 12 12 5 0 4663 14 11 8 7772 2 16 4663 28 36 4 32 13 10 38 14 13 33 3 5 5 16 13 11 27 6422 11 10 23 8 23 11 
23 9 11 11 8 8 25 4885 9770 10436 9 10436 25 8 11 16 28 5 7 6217 12 15636 10 4663 0 5 16 8 9770 7 11448 7106 11546 12 4 36 10880 16 17 23 8 7 10 12 4 32 8660 9326 11448 41 3611 25 4663 39 11546 16 
24 12 18 11915 6 17 38 11 17 19 9 14443 19 10471 20 81 42 5 9388 19 19859 29 19 14 5 0 9 25 17332 13721 22 14 18 8 10 16 17332 41 43 16609 20 35 12 43 36 6 32 15887 74 18 2528 5416 16 16971 23 24 
25 48 9326 10 7 11 18 14 11 37 3 10 13 4885 24 13 17 40 9027 2 26 19545 25 11 16 9 0 11 12 13 14240 10 8 3 26 8882 22 23 18149 10 3 4219 21 12 11 7 13 9 18 14798 9388 2 39 9992 21 24 
26 2 6661 7 7222 3972 16 6 3 20 6860 8 8 5 8305 8 8376 8 3 12 15 11168 48 8 8 25 11 0 8 10832 25 7222 14 8 16 4 20 13 40 29 25 3972 11 18 7994 7222 6499 7 8935 14 11 9749 5 11 25 9388 
27 23 10 7222 12638 3611 4 10 18 4 14 16 11 9388 2528 7 3 12277 10 11 4188 6143 33 7772 9770 17332 12 8 0 9388 2234 6 17332 11 13 2528 9 6701 5305 9 52 10 11 11 11 26 2166 6 5305 16 31 12 12 1 6422 19 
28 8666 4 9 11554 7583 22 8 41 13 15 13960 58 10 48 55 10 9 20 42 13 35 2 2 7 13721 13 10832 9388 0 21 5 16752 10 7 11 44 5 8 18 15 11 6 5 5 12277 29 10832 8 15 11 39 8305 10471 16 14 
29 6 8 18 12999 3071 7 5584 8 5 11727 46 12 8376 4 9 3 12 9 58 13 10 4 16 11448 22 14240 25 2234 21 0 10 15 22 8 16 6701 5 4 11 12 18 46 13 40 15 1117 4 12 2 59 52 29 3350 11 23 
30 6 5 2 10 3 3630 4333 6980 7944 13 45 11168 7 8 11 5305 8666 7 9992 9 8 3 4663 7106 14 10 7222 6 5 10 0 14 30 6 22 29 21 11 22 40 8 8 13 7 45 4 7 7 8 15 18 8 12 18 20 
31 27 13 17 23 15526 21 15 9 16 4747 5 15 9 18415 10051 19 59 23 6439 11 40 20 28 11546 18 8 14 17332 16752 15 14 0 11 68 16 39 24 21 20 5 7259 27 18 52 13 22 16 70 16 17 11 13 64 8376 18 
32 16 9 7 12 7 51 8 31 7328 1554 4885 39 4 11 45 13681 25 5 3 12 16194 10 36 12 8 3 8 11 10 22 30 11 0 9 13 9 16 18 8 2220 7 8 11 7550 4 10 6883 13123 11448 7 2 7 16 18 41 
33 6138 1776 3611 23 7 8376 2889 45 24 43 56 16609 17 16 16248 20 12 6 22 29 23 8666 4 4 10 26 16 13 7 8 6 68 9 0 10 13 9214 10051 17 22 7583 3997 3997 3 8 35 11 8 6 6 10471 4 10 58 15 
34 7 7328 14 42 2528 11 13 3 10 22 12 6980 26 6 5584 5584 10471 8 20 4 34 9749 32 36 16 8882 4 2528 11 16 22 16 13 10 0 4 10 8 29 40 8 20 38 35 22 7 3 6980 21 13721 8438 30 2 4747 7 
35 6499 11 8376 25 5 9 12 6 6 9 7 4188 11 6 10 7259 52 7944 16 2 10 10610 13 10880 17332 22 20 9 44 6701 29 39 9 13 4 0 45 20 5 7259 28 48 15 10880 12 6 2 12 16 16 22 10 4 4 4188 
36 9214 9493 8 17332 9 11 9 11168 12 20 16 17 13 15 13123 4 30 14 71 11 4 3 10 16 41 23 13 6701 5 5 21 24 16 9214 10 45 0 2 15636 61 13 15 11 44 18 5584 10 1675 3350 18054 21 42 10 26 37 
37 8935 10610 9 22 7 2 9214 10051 10 15356 60 17 12 22 12 3 32 11 20 10 7 5 38 17 43 18149 40 5305 8 4 11 21 18 10051 8 20 2 0 14519 19 26 17 14 14 74 20 31 3 3630 19137 17 14 26 13 7259 
38 38 22 11448 15 8655 13 15 9 6 6143 1954 3 11 19 5 12 56 9388 14 26 61 14798 14 23 16609 10 29 9 18 11 22 20 8 17 29 5 15636 14519 0 6 6422 15 13545 12435 45 10051 8 28 14 15887 37 11554 16 3350 11 
39 10 9 11 7 10471 15 19 6 10471 1117 3071 28 3 16 11 54 10 6 5 12 16 13681 13 8 20 3 25 52 15 12 40 5 2220 22 40 7259 61 19 6 0 3 20 10658 11 22 12999 12 15 11727 11 3331 30 11554 14 15 
40 20 6439 7 4 30 10889 12 5584 18 2513 6 16 2 12638 9 14 6 2 19 36 56 12 33 7 35 4219 3972 10 11 18 8 7259 7 7583 8 28 13 26 6422 3 0 8216 11 15 4 40 7944 45 9 7583 3553 3972 10 8 15 
41 16 5 7 13 8216 48 6 14 14 39 25 18 36 24 18 13960 8 9 8660 14 30 7 3 10 12 21 11 11 6 46 8 27 8 3997 20 48 15 17 15 20 8216 0 1 1 23 9 11 10610 40 9 17 12 20 13 53 
42 7994 3 21 45 8 11168 5773 12 22 11 25 18 37 14 56 54 10 7550 9 13 14 7 5 12 43 12 18 11 5 13 13 18 11 3997 38 15 11 14 13545 10658 11 1 0 1 14 8 9992 20 9214 8666 10 6217 9992 14 13 
43 9 1332 5 9388 15 22 5 11 20 11 12 27 8216 43 52 12844 6138 7 9 12 13960 6 5 4 36 11 7994 11 5 40 7 52 7550 3 35 10880 44 14 12435 11 15 1 1 0 13 7772 9 9 8935 7 8 5107 10 24 15 
44 8 9388 38 1083 10 20 6 10471 15 4333 19 55 6 62 59 68 5 5 5055 14804 25 19 16 32 6 7 7222 26 12277 15 45 13 4 8 22 12 18 74 45 22 4 23 14 13 0 12 11 31 17 4694 4 4333 14 13 16609 
45 6 7 5055 12 3 3 12 7 22 13360 13 9772 18 19 8097 3630 42 9 10658 7 7 8 13 8660 32 13 6499 2166 29 1117 4 22 10 35 7 6 5584 20 10051 12999 40 9 8 7772 12 0 17 4 3 13721 11 10 3 30 8 
46 4 31 8 14 4 7 8 2 2 11 10 8 6 5 5026 23 22 26 11 4 17 42 11 9326 15887 9 7 6 10832 4 7 16 6883 11 3 2 10 31 8 12 7944 11 9992 9 11 17 0 7539 23 56 17 7944 7 5 12 
47 8 7818 19 59 11 2 6980 9772 8376 16 18 14 10889 6 12 4188 16 18 64 39 4 3 27 11448 74 18 8935 5305 8 12 7 70 13123 8 6980 12 1675 3 28 15 45 10610 20 9 31 4 7539 0 2 15887 59 8655 6 12 8655 
48 22 15 7 16 16 1954 5305 32 6980 24 14 14 10 21 13 4 10832 8 18 34 7 4 6422 41 18 14798 14 16 15 2 8 16 11448 6 21 16 3350 3630 14 11727 9 40 9214 8935 17 3 23 2 0 28 13402 7259 6 10051 8 
49 11 6499 19 4 24 21 7583 56 17 9027 16 72 10 18 21 74 6 30 6 20 21 18 11 3611 2528 9388 11 31 11 59 15 17 7 6 13721 16 18054 19137 15887 11 7583 9 8666 7 4694 13721 56 15887 28 0 6499 6138 30 16971 22 
50 12 15 9 4333 8 15 10110 20 18 5 12 11 4 23 26 15636 7222 7583 3 15 23 23 10 25 5416 2 9749 12 39 52 18 11 2 10471 8438 22 21 17 37 3331 3553 17 10 8 4 11 17 59 13402 6499 0 32 9 14 12 
51 5 16 6 7 5777 11 2166 8305 9388 14 10471 12999 9 13 17 20 12 3 38 14 14 10832 23 4663 16 39 5 12 8305 29 8 13 7 4 30 10 42 14 11554 30 3972 12 6217 5107 4333 10 7944 8655 7259 6138 32 0 18 14 27 
52 6 7772 8 11915 3 6 8 13 2528 14 45 15 9 3 11 9 11915 15 13 4 7 9 8 39 16971 9992 11 1 10471 3350 12 64 16 10 2 4 10 26 16 11554 10 20 9992 10 14 3 7 6 6 30 9 18 0 5305 9 
53 7944 13 13 16 13 13 22 9 3 32 4747 2 5584 7 4 12 56 36 26 12 12285 25 23 11546 23 21 25 6422 16 11 18 8376 18 58 4747 4 26 13 3350 14 8 13 14 24 13 30 5 12 10051 16971 14 14 5305 0 11 
54 39 13 49 16609 9 6701 14 5305 9 18 52 7 11915 2528 4467 5 17 49 13101 4 9 14 11 16 24 24 9388 19 14 23 20 18 41 15 7 4188 37 7259 11 15 15 53 13 15 16609 8 12 8655 8 22 12 27 9 11 0 

;param cto[*,*]
: 0 1 2 3 4 5 6 7 8 9 10 11 12 13 14 15 16 17 18 19 20 21 22 23 24 25 26 27 28 29 30 31 32 33 34 35 36 37 38 39 40 41 42 43 44 45 46 47 48 49 50 51 52 53 54:=
0 0 46 44 45 39 42 43 44 40 42 42 43 40 42 43 43 41 39 48 42 44 43 43 43 48 44 39 41 42 41 40 44 42 41 40 41 44 44 42 42 40 44 44 43 41 40 44 42 41 43 43 40 40 42 43 
1 46 0 40 42 42 44 41 49 45 44 46 51 43 49 51 45 44 46 44 46 46 46 43 40 42 45 43 44 40 47 42 47 43 39 44 46 44 45 47 45 43 40 40 39 42 43 44 43 42 41 44 41 44 46 46 
2 44 40 0 46 40 41 43 43 42 44 49 46 42 46 45 42 41 41 45 44 44 40 41 42 44 45 45 41 40 41 43 47 47 40 41 43 42 42 45 44 46 42 42 42 42 40 45 41 40 42 44 40 45 44 44 
3 45 42 46 0 42 49 41 47 44 40 43 45 40 45 49 46 39 40 41 45 47 49 47 41 40 45 41 44 44 44 47 44 39 41 43 44 46 47 44 41 40 43 43 42 38 47 43 45 44 44 40 40 44 44 46 
4 39 42 40 42 0 41 40 40 40 43 43 43 41 41 43 41 42 40 45 42 43 42 43 48 45 45 40 40 42 40 43 46 43 45 39 45 42 46 43 43 42 44 48 44 46 39 39 41 40 44 48 41 43 42 42 
5 42 44 41 49 41 0 42 43 42 46 46 46 44 41 44 39 44 47 48 43 40 40 43 46 47 48 43 40 41 39 40 49 46 43 41 43 40 43 50 46 45 46 45 45 46 44 42 39 39 46 51 44 41 44 42 
6 43 41 43 41 40 42 0 42 42 42 44 48 41 43 44 47 40 40 44 44 45 42 42 42 43 44 40 42 41 41 40 49 45 39 41 43 47 44 44 42 41 46 42 46 45 41 41 42 41 42 43 39 42 43 44 
7 44 49 43 47 40 43 42 0 39 42 41 40 40 41 40 43 47 41 49 44 45 44 46 46 46 44 43 41 44 42 42 47 43 43 40 39 45 44 41 46 41 47 47 46 43 41 39 44 43 45 44 42 40 39 41 
8 40 45 42 44 40 42 42 39 0 44 42 45 41 40 40 46 48 42 46 39 47 44 46 46 46 45 40 44 48 45 42 45 44 44 39 39 44 43 46 43 42 47 47 46 44 40 42 43 42 46 45 42 39 44 40 
9 42 44 44 40 43 46 42 42 44 0 40 43 40 49 44 47 42 41 41 44 49 47 46 44 46 40 41 48 46 45 44 41 39 43 43 43 48 48 42 38 39 46 46 45 40 44 47 47 46 42 40 41 44 43 46 
10 42 46 49 43 43 46 44 41 42 40 0 40 40 48 42 46 44 42 44 43 48 47 47 46 45 42 41 44 47 45 45 40 42 45 43 42 52 47 39 40 41 48 48 51 42 48 42 47 46 45 42 43 43 41 44 
11 43 51 46 45 43 46 48 40 45 43 40 0 42 43 40 49 46 43 46 41 47 47 48 48 51 45 46 43 47 45 45 42 44 46 42 40 48 47 39 42 43 49 49 49 45 44 42 51 46 47 49 44 43 39 46 
12 40 43 42 40 41 44 41 40 41 40 40 42 0 47 43 45 41 39 42 43 46 45 45 44 43 42 39 42 48 43 46 42 40 42 41 41 50 49 41 43 39 45 45 44 40 42 45 45 44 42 45 40 42 41 44 
13 42 49 46 45 41 41 43 41 40 49 48 43 47 0 42 40 45 43 48 40 42 43 45 51 51 47 42 39 44 44 45 47 46 44 40 41 42 41 44 45 44 47 47 46 46 40 40 46 41 51 47 44 39 42 39 
14 43 51 45 49 43 44 44 40 40 44 42 40 43 42 0 44 46 43 47 43 46 46 48 48 48 50 46 46 47 47 44 44 45 46 41 39 46 49 41 44 47 49 49 48 45 43 41 49 45 47 46 44 41 39 41 
15 43 45 42 46 41 39 47 43 46 47 46 49 45 40 44 0 45 44 49 46 40 42 44 47 48 52 43 44 43 40 41 49 47 44 41 42 44 39 49 46 45 47 46 46 46 40 42 40 44 47 48 44 41 44 41 
16 41 44 41 39 42 44 40 47 48 42 44 46 41 45 46 45 0 40 42 45 51 44 42 40 44 43 46 44 46 47 42 45 41 39 43 44 45 46 45 42 41 42 42 41 40 43 43 44 43 39 41 39 44 45 50 
17 39 46 41 40 40 47 40 41 42 41 42 43 39 43 43 44 40 0 42 43 46 44 43 43 42 42 43 42 43 42 45 44 44 41 41 42 45 49 42 44 43 44 44 47 40 42 41 44 43 42 42 39 42 42 44 
18 48 44 45 41 45 48 44 49 46 41 44 46 42 48 47 49 42 42 0 47 50 51 50 43 40 44 48 51 46 47 46 43 44 43 46 46 49 49 45 42 42 45 49 44 40 46 46 48 47 45 39 42 46 46 48 
19 42 46 44 45 42 43 44 44 39 44 43 41 43 40 43 46 45 43 47 0 44 45 47 51 48 46 42 40 45 42 43 49 45 45 40 43 48 44 42 44 44 48 52 51 45 42 40 44 43 47 46 44 40 40 39 
20 44 46 44 47 43 40 45 45 47 49 48 47 46 42 46 40 51 46 50 44 0 42 45 48 49 50 45 42 43 41 42 51 48 45 43 48 40 39 48 52 47 47 51 47 48 42 43 44 41 52 50 46 46 46 43 
21 43 46 40 49 42 40 42 44 44 47 47 47 45 43 46 42 44 44 51 45 42 0 41 44 46 48 44 42 43 44 40 49 50 42 43 45 40 41 47 47 45 47 43 47 45 41 43 39 39 45 47 43 46 46 44 
22 43 43 41 47 43 43 42 46 46 46 47 48 45 45 48 44 42 43 50 47 45 41 0 42 44 51 48 44 39 43 42 49 45 41 44 46 43 44 48 46 44 44 40 40 44 43 45 42 42 43 49 42 48 47 50 
23 43 40 42 41 48 46 42 46 46 44 46 48 44 51 48 47 40 43 43 51 48 44 42 0 44 44 44 46 42 45 44 47 43 40 45 47 46 47 47 48 43 40 40 40 42 45 45 45 44 40 43 42 46 47 48 
24 48 42 44 40 45 47 43 46 46 46 45 51 43 51 48 48 44 42 40 48 49 46 44 44 0 42 44 46 45 46 49 45 41 42 49 46 48 48 46 43 42 42 43 42 40 46 46 47 46 39 40 42 46 47 49 
25 44 45 45 45 45 48 44 44 45 40 42 45 42 47 50 52 43 42 44 46 50 48 51 44 42 0 47 46 47 47 50 41 40 44 45 45 49 49 43 44 41 46 47 46 41 46 49 48 47 42 39 43 46 45 48 
26 39 43 45 41 40 43 40 43 40 41 41 46 39 42 46 43 46 43 48 42 45 44 48 44 44 47 0 41 43 42 41 43 41 42 43 40 45 44 41 41 40 45 45 44 41 41 40 44 42 47 43 40 40 41 42 
27 41 44 41 44 40 40 42 41 44 48 44 43 42 39 46 44 44 42 51 40 42 42 44 46 46 46 41 0 42 39 40 46 45 43 39 41 42 41 47 44 47 46 46 45 44 39 39 41 40 46 46 42 42 42 40 
28 42 40 40 44 42 41 41 44 48 46 47 47 48 44 47 43 46 43 46 45 43 43 39 42 45 47 43 42 0 41 40 49 45 40 43 45 45 42 47 46 44 42 41 41 44 41 43 40 40 47 46 42 43 46 49 
29 41 47 41 44 40 39 41 42 45 45 45 45 43 44 47 40 47 42 47 42 41 44 43 45 46 47 42 39 41 0 39 51 45 42 40 42 41 40 49 45 44 45 45 44 45 38 44 40 43 45 46 42 40 43 42 
30 40 42 43 47 43 40 40 42 42 44 45 45 46 45 44 41 42 45 46 43 42 40 42 44 49 50 41 40 40 39 0 51 44 45 40 42 41 41 45 44 43 44 43 43 43 39 41 40 39 44 45 41 41 44 43 
31 44 47 47 44 46 49 49 47 45 41 40 42 42 47 44 49 45 44 43 49 51 49 49 47 45 41 43 46 49 51 51 0 42 46 45 44 50 50 41 41 42 49 49 48 43 47 45 49 52 45 42 48 46 43 51 
32 42 43 47 39 43 46 45 43 44 39 42 44 40 46 45 47 41 44 44 45 48 50 45 43 41 40 41 45 45 45 44 42 0 46 43 48 47 47 47 40 39 48 45 44 39 44 43 46 45 41 39 40 44 44 46 
33 41 39 40 41 45 43 39 43 44 43 45 46 42 44 46 44 39 41 43 45 45 42 41 40 42 44 42 43 40 42 45 46 46 0 42 48 44 44 45 43 42 41 41 44 41 42 43 46 46 41 43 40 47 45 49 
34 40 44 41 43 39 41 41 40 39 43 43 42 41 40 41 41 43 41 46 40 43 43 44 45 49 45 43 39 43 40 40 45 43 42 0 40 43 42 42 43 46 46 46 45 43 40 38 42 41 45 45 42 38 41 41 
35 41 46 43 44 45 43 43 39 39 43 42 40 41 41 39 42 44 42 46 43 48 45 46 47 46 45 40 41 45 42 42 44 48 48 40 0 45 44 45 42 42 47 47 47 48 45 43 44 43 49 45 47 40 39 40 
36 44 44 42 46 42 40 47 45 44 48 52 48 50 42 46 44 45 45 49 48 40 40 43 46 48 49 45 42 45 41 41 50 47 44 43 45 0 39 48 48 50 45 49 45 51 41 44 39 40 47 49 45 43 46 44 
37 44 45 42 47 46 43 44 44 43 48 47 47 49 41 49 39 46 49 49 44 39 41 44 47 48 49 44 41 42 40 41 50 47 44 42 44 39 0 47 47 46 46 46 46 47 41 43 40 40 47 52 45 42 45 42 
38 42 47 45 44 43 50 44 41 46 42 39 39 41 44 41 49 45 42 45 42 48 47 48 47 46 43 41 47 47 49 45 41 47 45 42 45 48 47 0 41 42 49 49 48 43 44 42 47 46 46 44 44 43 40 44 
39 42 45 44 41 43 46 42 46 43 38 40 42 43 45 44 46 42 44 42 44 52 47 46 48 43 44 41 44 46 45 44 41 40 43 43 42 48 47 41 0 43 46 46 46 40 44 43 47 45 43 40 42 44 42 49 
40 40 43 46 40 42 45 41 41 42 39 41 43 39 44 47 45 41 43 42 44 47 45 44 43 42 41 40 47 44 44 43 42 39 42 46 42 50 46 42 43 0 44 45 44 39 43 42 45 48 42 41 40 42 42 45 
41 44 40 42 43 44 46 46 47 47 46 48 49 45 47 49 47 42 44 45 48 47 47 44 40 42 46 45 46 42 45 44 49 48 41 46 47 45 46 49 46 44 0 42 38 44 49 46 45 44 42 45 43 46 52 49 
42 44 40 42 43 48 45 42 47 47 46 48 49 45 47 49 46 42 44 49 52 51 43 40 40 43 47 45 46 41 45 43 49 45 41 46 47 49 46 49 46 45 42 0 42 44 48 46 44 44 42 45 43 46 48 52 
43 43 39 42 42 44 45 46 46 46 45 51 49 44 46 48 46 41 47 44 51 47 47 40 40 42 46 44 45 41 44 43 48 44 44 45 47 45 46 48 46 44 38 42 0 43 44 49 48 44 45 48 42 45 47 48 
44 41 42 42 38 46 46 45 43 44 40 42 45 40 46 45 46 40 40 40 45 48 45 44 42 40 41 41 44 44 45 43 43 39 41 43 48 51 47 43 40 39 44 44 43 0 48 47 46 45 40 43 40 44 48 46 
45 40 43 40 47 39 44 41 41 40 44 48 44 42 40 43 40 43 42 46 42 42 41 43 45 46 46 41 39 41 38 39 47 44 42 40 45 41 41 44 44 43 49 48 44 48 0 40 44 39 45 46 42 39 43 41 
46 44 44 45 43 39 42 41 39 42 47 42 42 45 40 41 42 43 41 46 40 43 43 45 45 46 49 40 39 43 44 41 45 43 43 38 43 44 43 42 43 42 46 46 49 47 40 0 43 42 45 45 42 39 40 41 
47 42 43 41 45 41 39 42 44 43 47 47 51 45 46 49 40 44 44 48 44 44 39 42 45 47 48 44 41 40 40 40 49 46 46 42 44 39 40 47 47 45 45 44 48 46 44 43 0 39 46 47 43 46 49 43 
48 41 42 40 44 40 39 41 43 42 46 46 46 44 41 45 44 43 43 47 43 41 39 42 44 46 47 42 40 40 43 39 52 45 46 41 43 40 40 46 45 48 44 44 44 45 39 42 39 0 45 46 42 41 44 46 
49 43 41 42 44 44 46 42 45 46 42 45 47 42 51 47 47 39 42 45 47 52 45 43 40 39 42 47 46 47 45 44 45 41 41 45 49 47 47 46 43 42 42 42 45 40 45 45 46 45 0 41 41 45 46 48 
50 43 44 44 40 48 51 43 44 45 40 42 49 45 47 46 48 41 42 39 46 50 47 49 43 40 39 43 46 46 46 45 42 39 43 45 45 49 52 44 40 41 45 45 48 43 46 45 47 46 41 0 42 49 45 51 
51 40 41 40 40 41 44 39 42 42 41 43 44 40 44 44 44 39 39 42 44 46 43 42 42 42 43 40 42 42 42 41 48 40 40 42 47 45 45 44 42 40 43 43 42 40 42 42 43 42 41 42 0 42 43 45 
52 40 44 45 44 43 41 42 40 39 44 43 43 42 39 41 41 44 42 46 40 46 46 48 46 46 46 40 42 43 40 41 46 44 47 38 40 43 42 43 44 42 46 46 45 44 39 39 46 41 45 49 42 0 41 40 
53 42 46 44 44 42 44 43 39 44 43 41 39 41 42 39 44 45 42 46 40 46 46 47 47 47 45 41 42 46 43 44 43 44 45 41 39 46 45 40 42 42 52 48 47 48 43 40 49 44 46 45 43 41 0 41 
54 43 46 44 46 42 42 44 41 40 46 44 46 44 39 41 41 50 44 48 39 43 44 50 48 49 48 42 40 49 42 43 51 46 49 41 40 44 42 44 49 45 49 52 48 46 41 41 43 46 48 51 45 40 41 0 

;param d[*,*]
: 0 1 2 3 4 5 6 7 8 9 10 11 12 13 14 15 16 17 18 19 20 21 22 23 24 25 26 27 28 29 30 31 32 33 34 35 36 37 38 39 40 41 42 43 44 45 46 47 48 49 50 51 52 53 54:=
0 0.0 0 0 0 0.43 0.42 0 0 1.9 0.9 2.45 1.13 0.74 2.79 1.06 2.54 0.74 1.01 0 0.38 0.6 3.42 0.5 0 0 3.11 0.1 1.51 3.04 0 0.55 2.28 1.36 2.15 0.62 2.28 3.11 3.01 2.45 0.86 1.32 0.6 2.22 0 0.33 0.23 0 0 1.23 0.47 0.48 0.43 0.55 2.79 2.54 
1 0 0.0 0 2.91 0 0.55 0.27 0 2.46 0 0 0 1.21 0 0 0.67 0 0 0 2.9 0.73 0 0 0.47 1.54 2.59 1.85 0 0 0 0 0 0 0.49 2.03 0 3.2 3.58 0.83 0 1.79 0.18 0 0.37 3.29 0 1.37 2.63 1.02 2.28 0.57 0.7 2.16 0 0 
2 0 0 0.0 0 1.52 0 0 2.54 1.02 3.2 0 1.68 2.35 0 1.56 1.6 2.28 1.11 0 1.33 3.01 0 0.99 0.42 4.18 0 0 2.53 0.39 0.99 0 0.83 0 1.27 1.17 2.82 0.4 0.43 3.86 0 0 0 0.94 0 2.45 1.77 0 1.05 0.51 1.6 0 0.23 0 0.6 3.2 
3 0 2.91 0 0.0 0.43 0 0.63 0 4.31 0.86 3.55 2.4 1.41 0.7 0 4.33 0.55 1.52 2.03 2.53 2.11 0 0 0.32 0.55 0 2.53 4.43 4.05 4.56 0 1.97 0.75 1.51 2.73 2.09 6.08 1.92 1.29 0.28 0.17 1.13 2.92 3.29 0.38 0 1.17 3.86 1.41 0 1.52 0.62 4.18 1.41 5.83 
4 0.43 0 1.52 0.43 0.0 0.3 0.47 1.41 0.23 2.82 0.52 0.52 2.28 0.28 1.66 0.33 2.26 0.92 2.53 0.35 2.73 1.36 1.79 0 1.49 0 1.39 1.27 2.66 1.04 0 5.45 0 0 0.89 0 0.43 0 2.92 3.67 1.98 2.28 0 0.55 0 0.12 0.15 0.78 0.86 2.03 0 2.03 0 0.94 0.37 
5 0.42 0.55 0 0 0.3 0.0 2.45 1.17 1.54 2.96 4.52 0 3.39 0.27 0.62 0 4.69 0 0 0 1.13 1.22 2.73 1.72 3.26 0 1.13 0 1.23 0.37 1.22 1.0 2.83 2.82 0.78 0 0.62 0 0 0 3.67 2.65 3.76 1.52 1.72 0 0 0 0.66 1.8 0 0.53 0.3 0.62 2.26 
6 0 0.27 0 0.63 0.47 2.45 0.0 0.38 1.48 2.35 4.05 0 1.6 0.48 4.69 0 0.47 0.62 1.97 1.97 0 0.9 0 1.36 0.45 0.57 0.55 0.86 0.7 1.88 1.52 0 0 1.01 1.11 1.06 0 3.11 1.33 1.6 0.99 0 1.6 0 0 1.05 0.32 2.35 1.79 2.66 3.55 0.76 0.35 1.91 0.57 
7 0 0 2.54 0 1.41 1.17 0.38 0.0 0.66 2.35 1.11 0.92 0 0.32 0 2.63 0 1.11 0 0 3.67 2.28 2.71 2.71 0.72 0 0 0.99 2.28 0.4 2.35 0 1.72 2.92 0 0.31 3.76 3.39 0.63 0 1.88 0 0 0 3.67 0.33 0 3.29 1.79 3.67 1.37 2.91 0.74 0.49 1.79 
8 1.9 2.46 1.02 4.31 0.23 1.54 1.48 0.66 0.0 1.97 0.42 0 1.23 0.47 0.51 0 0 0.86 0 0.43 0 0.55 0.72 2.9 0.8 1.64 1.32 0 0 0 2.79 0.65 2.03 2.03 0.66 0.31 0.58 0.5 0 3.67 1.54 0 0.83 0.77 1.33 1.41 0 2.82 2.35 0.72 0.68 3.29 0.89 0 0.74 
9 0.9 0 3.2 0.86 2.82 2.96 2.35 2.35 1.97 0.0 0.25 0.48 0 0 3.39 1.96 2.16 2.03 0 3.48 1.0 0.82 2.83 0 0 0 2.41 0 0.72 3.95 0.62 1.6 0.43 2.82 1.85 0 0.94 5.18 2.07 0.38 0.85 1.72 0 0 1.52 4.69 0 0 1.68 3.17 0.18 1.23 0.58 1.79 0.73 
10 2.45 0 0 3.55 0.52 4.52 4.05 1.11 0.42 0.25 0.0 0 1.41 0 0.38 1.84 1.37 0.9 0.53 2.63 2.27 2.07 3.33 2.9 5.07 0.38 0.33 1.37 4.71 2.53 2.46 0.22 1.36 3.67 1.06 0.35 0 3.33 0.66 1.04 0 0.94 0.95 0 1.6 0 0.43 0.85 0 0.65 0.43 3.67 2.92 1.6 3.39 
11 1.13 0 1.68 2.4 0.52 0 0 0.92 0 0.48 0 0.0 0.4 0.5 0.17 0 5.57 0.5 4.33 1.11 4.89 0 3.63 0.95 0 0.63 0 0.52 3.2 0 3.76 1.02 2.16 5.83 2.35 1.41 0 0.83 0.13 1.54 1.13 0 0 1.0 3.58 3.29 0.38 0 0 4.71 0 4.56 1.06 0 0 
12 0.74 1.21 2.35 1.41 2.28 3.39 1.6 0 1.23 0 1.41 0.4 0.0 0 1.66 2.34 1.88 0.43 1.6 1.06 0 2.4 0 0 3.67 1.36 0.43 3.29 0 2.82 0 0.42 0 1.42 1.69 0.78 0 0 0.74 0 0 1.6 1.64 2.28 0.55 1.54 0 3.67 0 0.43 0 0.8 0.38 1.88 4.18 
13 2.79 0 0 0.7 0.28 0.27 0.48 0.32 0.47 0 0 0.5 0 0.0 2.07 1.04 5.19 0.5 0.95 0.8 0.82 1.72 0.7 0 0 0.89 2.91 0.89 3.11 0 0 6.46 0 1.41 0.51 0.27 1.02 1.23 1.33 0.67 4.43 0.89 0 1.88 4.05 1.22 0.22 0 1.17 0 0.85 0.55 0.13 0 0.89 
14 1.06 0 1.56 0 1.66 0.62 4.69 0 0.51 3.39 0.38 0.17 1.66 2.07 0.0 3.11 4.33 1.21 4.99 0 0.72 4.42 3.45 0 5.27 0 0 0 3.02 0 0 3.39 2.46 5.7 1.88 0.55 4.42 0 0 0.53 0 0 2.46 2.31 3.86 2.73 1.69 0 0.63 0.89 1.84 1.45 0.78 0.27 1.51 
15 2.54 0.67 1.6 4.33 0.33 0 0 2.63 0 1.96 1.84 0 2.34 1.04 3.11 0.0 1.64 0.58 2.39 0 0.94 0 0.62 1.99 3.57 0 2.82 0 0.47 0 1.79 0 4.61 1.41 1.88 2.45 0 0.15 0 2.96 0.68 4.71 2.96 4.33 4.42 1.22 1.29 1.41 0 4.8 5.27 1.41 0.63 0.55 0 
16 0.74 0 2.28 0.55 2.26 4.69 0.47 0 0 2.16 1.37 5.57 1.88 5.19 4.33 1.64 0.0 1.77 2.16 5.32 0 4.05 0.9 0.2 0 2.63 0 4.31 0 0 3.04 3.86 1.6 0.75 3.67 3.39 2.59 2.71 3.67 0.42 0.27 0.35 0.86 2.15 0.2 2.73 1.85 1.37 3.8 0.55 2.53 0.75 4.18 3.67 0 
17 1.01 0 1.11 1.52 0.92 0 0.62 1.11 0.86 2.03 0.9 0.5 0.43 0.5 1.21 0.58 1.77 0.0 3.29 1.13 0 0.53 1.21 0 3.29 3.17 0 0.4 1.72 0.43 0 1.97 0 0.27 0.66 2.79 0.65 0 3.29 0 0 0 2.09 0 0.2 0.37 1.69 1.29 0 1.98 2.66 0.23 1.29 2.35 3.2 
18 0 0 0 2.03 2.53 0 1.97 0 0 0 0.53 4.33 1.6 0.95 4.99 2.39 2.16 3.29 0.0 3.26 6.59 0 0 1.72 1.22 0 0 0 1.84 3.2 2.77 1.79 0 1.91 0.73 0.77 3.94 0 0.65 0 0.82 2.4 0 0 1.77 2.96 0 3.51 0.87 0 0.1 2.45 0 1.8 3.63 
19 0.38 2.9 1.33 2.53 0.35 0 1.97 0 0.43 3.48 2.63 1.11 1.06 0.8 0 0 5.32 1.13 3.26 0.0 0.57 2.4 0 0 6.97 1.84 1.29 1.41 0 0.94 0 0 0 2.46 0 0 0 0 1.42 0.57 1.97 0 0 0 5.19 0.35 0.2 2.16 1.85 0.83 0 0.57 0 0.68 0.31 
20 0.6 0.73 3.01 2.11 2.73 1.13 0 3.67 0 1.0 2.27 4.89 0 0.82 0.72 0.94 0 0 6.59 0.57 0.0 1.36 0 5.27 2.54 6.59 3.76 2.07 1.91 0.7 0 2.78 5.46 1.64 1.85 0 0 0.37 3.39 0 3.08 2.11 0 4.71 2.19 0 1.21 0 0.32 0 1.1 0 0 4.14 0.45 
21 3.42 0 0 0 1.36 1.22 0.9 2.28 0.55 0.82 2.07 0 2.4 1.72 4.42 0 4.05 0.53 0 2.4 1.36 0.0 0 0 0.78 0.95 3.11 2.16 0 0 0 0 0 3.04 3.42 3.58 0.17 0 4.99 4.61 0 0 0 0 1.6 0.7 2.73 0.23 0.31 1.56 0.85 3.8 0 1.76 0.6 
22 0.5 0 0.99 0 1.79 2.73 0 2.71 0.72 2.83 3.33 3.63 0 0.7 3.45 0.62 0.9 1.21 0 0 0 0 0.0 1.29 0.58 0 0 2.16 0 1.13 1.29 1.05 1.56 0 1.41 0 0.47 2.09 0 0 1.45 0 0.18 0.18 1.37 0.48 0 1.48 2.16 0.47 0 1.02 0 0.87 0 
23 0 0.47 0.42 0.32 0 1.72 1.36 2.71 2.9 0 2.9 0.95 0 0 0 1.99 0.2 0 1.72 0 5.27 0 1.29 0.0 0 0.6 0 2.71 0 3.86 1.97 3.2 0.45 0 1.56 3.02 0.77 0.83 0.87 0 0 0.43 0.55 0.17 2.07 2.4 2.59 3.86 2.28 1.27 1.09 1.29 1.72 3.2 0 
24 0 1.54 4.18 0.55 1.49 3.26 0.45 0.72 0.8 0 5.07 0 3.67 0 5.27 3.57 0 3.29 1.22 6.97 2.54 0.78 0.58 0 0.0 0.38 2.09 6.08 4.81 1.88 0 1.56 0.7 0.9 0 6.08 3.51 3.63 5.83 1.72 2.26 1.02 2.82 2.35 0.23 2.71 5.57 4.8 0.77 0.89 1.9 1.36 5.95 1.96 1.0 
25 3.11 2.59 0 0 0 0 0.57 0 1.64 0 0.38 0.63 1.36 0.89 0 0 2.63 3.17 0 1.84 6.59 0.95 0 0.6 0.38 0.0 0 0 0 4.8 0 0.3 0 2.22 2.46 1.56 1.09 6.12 0.5 0 1.17 0.78 0 0 0.63 0 0 0 4.99 3.29 0 2.54 2.77 1.49 0.92 
26 0.1 1.85 0 2.53 1.39 1.13 0.55 0 1.32 2.41 0.33 0 0.43 2.91 0 2.82 0 0 0 1.29 3.76 3.11 0 0 2.09 0 0.0 0.7 3.8 1.36 2.53 1.21 0.33 1.36 0 1.32 0.63 2.22 1.88 1.6 1.39 0 0.68 2.22 2.53 2.28 0.62 3.01 0.98 0 3.42 0.22 0.92 1.6 3.29 
27 1.51 0 2.53 4.43 1.27 0 0.86 0.99 0 0 1.37 0.52 3.29 0.89 0 0 4.31 0.4 0 1.41 2.07 2.16 2.16 2.71 6.08 0 0.7 0.0 3.29 0.75 0.55 6.08 0 1.13 0.89 0.63 2.26 1.79 0 3.39 0 0 0 0 2.22 0.76 0.49 1.79 0.86 2.65 0 1.02 0 2.16 1.22 
28 3.04 0 0.39 4.05 2.66 1.23 0.7 2.28 0 0.72 4.71 3.2 0 3.11 3.02 0.47 0 1.72 1.84 0 1.91 0 0 0 4.81 0 3.8 3.29 0.0 1.17 0.2 5.65 0 0.59 0.47 2.4 0 0 0.85 0.73 0 0 0 0 4.31 1.88 3.8 0.59 0.8 0 1.72 2.91 3.67 0.75 0 
29 0 0 0.99 4.56 1.04 0.37 1.88 0.4 0 3.95 2.53 0 2.82 0 0 0 0 0.43 3.2 0.94 0.7 0 1.13 3.86 1.88 4.8 1.36 0.75 1.17 0.0 0.55 0 1.56 0 0.86 2.26 0 0 0 0 1.25 2.53 0.63 2.22 0.63 0.38 0 0.68 0 3.86 2.9 1.6 1.13 0.52 1.29 
30 0.55 0 0 0 0 1.22 1.52 2.35 2.79 0.62 2.46 3.76 0 0 0 1.79 3.04 0 2.77 0 0 0 1.29 1.97 0 0 2.53 0.55 0.2 0.55 0.0 0 1.33 0 1.41 1.6 1.17 0.78 1.56 2.22 0 0 0.5 0 2.92 0.31 0.28 0.51 0.43 1.29 0.68 0.32 0.99 1.29 1.72 
31 2.28 0 0.83 1.97 5.45 1.0 0 0 0.65 1.6 0.22 1.02 0.42 6.46 3.39 0 3.86 1.97 1.79 0 2.78 0 1.05 3.2 1.56 0.3 1.21 6.08 5.65 0 0 0.0 0.4 4.42 0.67 2.16 1.15 0 1.11 0 2.45 1.02 0 2.27 1.13 1.92 0.65 3.88 0 0.7 0.42 0 4.14 2.82 0 
32 1.36 0 0 0.75 0 2.83 0 1.72 2.03 0.43 1.36 2.16 0 0 2.46 4.61 1.6 0 0 0 5.46 0 1.56 0.45 0.7 0 0.33 0 0 1.56 1.33 0.4 0.0 0 0.5 0 0 0.89 0 0.62 0.31 0 0 2.09 0.31 0 1.91 4.42 3.86 0.3 0 0.59 0.58 1.29 1.8 
33 2.15 0.49 1.27 1.51 0 2.82 1.01 2.92 2.03 2.82 3.67 5.83 1.42 1.41 5.7 1.41 0.75 0.27 1.91 2.46 1.64 3.04 0 0 0.9 2.22 1.36 1.13 0.59 0 0 4.42 0 0.0 0.43 0 3.11 3.39 0.7 1.91 2.66 1.11 1.11 0 0.32 2.26 0.47 0 0 0.27 3.67 0.17 0 3.76 0 
34 0.62 2.03 1.17 2.73 0.89 0.78 1.11 0 0.66 1.85 1.06 2.35 1.69 0.51 1.88 1.88 3.67 0.66 0.73 0 1.85 3.42 1.41 1.56 0 2.46 0 0.89 0.47 0.86 1.41 0.67 0.5 0.43 0.0 0.18 0.5 0 1.6 2.63 0 0.73 1.68 1.52 1.85 0.62 0.19 2.35 1.17 4.81 2.34 1.98 0.07 1.6 0.28 
35 2.28 0 2.82 2.09 0 0 1.06 0.31 0.31 0 0.35 1.41 0.78 0.27 0.55 2.45 3.39 2.79 0.77 0 0 3.58 0 3.02 6.08 1.56 1.32 0.63 2.4 2.26 1.6 2.16 0 0 0.18 0.0 2.46 1.37 0 2.45 1.54 2.11 0 3.02 0 0 0 0.58 1.13 0 1.56 0 0.2 0.27 1.41 
36 3.11 3.2 0.4 6.08 0.43 0.62 0 3.76 0.58 0.94 0 0 0 1.02 4.42 0 2.59 0.65 3.94 0 0 0.17 0.47 0.77 3.51 1.09 0.63 2.26 0 0 1.17 1.15 0 3.11 0.5 2.46 0.0 0.12 5.27 3.39 0 0.7 0 2.4 0 1.88 0 0.56 1.13 6.33 1.0 2.34 0.47 1.84 2.03 
37 3.01 3.58 0.43 1.92 0 0 3.11 3.39 0.5 5.18 3.33 0.83 0 1.23 0 0.15 2.71 0 0 0 0.37 0 2.09 0.83 3.63 6.12 2.22 1.79 0 0 0.78 0 0.89 3.39 0 1.37 0.12 0.0 4.89 0.9 1.8 0.8 0 0 4.8 1.11 1.72 0 1.22 6.72 0 0.65 1.42 0 2.45 
38 2.45 0.83 3.86 1.29 2.92 0 1.33 0.63 0 2.07 0.66 0.13 0.74 1.33 0 0 3.67 3.29 0.65 1.42 3.39 4.99 0 0.87 5.83 0.5 1.88 0 0.85 0 1.56 1.11 0 0.7 1.6 0 5.27 4.89 0.0 0.3 2.16 0 3.76 3.45 2.92 3.39 0.4 1.99 0 5.57 2.03 4.05 1.09 1.13 0.53 
39 0.86 0 0 0.28 3.67 0 1.6 0 3.67 0.38 1.04 1.54 0 0.67 0.53 2.96 0.42 0 0 0.57 0 4.61 0 0 1.72 0 1.6 3.39 0.73 0 2.22 0 0.62 1.91 2.63 2.45 3.39 0.9 0.3 0.0 0 0.77 2.96 0 1.41 4.56 1.06 0 3.95 0.47 0.92 1.98 4.05 0.98 0 
40 1.32 1.79 0 0.17 1.98 3.67 0.99 1.88 1.54 0.85 0 1.13 0 4.43 0 0.68 0.27 0 0.82 1.97 3.08 0 1.45 0 2.26 1.17 1.39 0 0 1.25 0 2.45 0.31 2.66 0 1.54 0 1.8 2.16 0 0.0 2.28 0 0.57 0.35 2.63 2.79 2.46 0 2.66 0.99 1.39 0.43 0 0.63 
41 0.6 0.18 0 1.13 2.28 2.65 0 0 0 1.72 0.94 0 1.6 0.89 0 4.71 0.35 0 2.4 0 2.11 0 0 0.43 1.02 0.78 0 0 0 2.53 0 1.02 0 1.11 0.73 2.11 0.7 0.8 0 0.77 2.28 0.0 0 0 1.97 0 0 3.58 2.22 0.82 0.65 0.45 0.77 0 2.35 
42 2.22 0 0.94 2.92 0 3.76 1.6 0 0.83 0 0.95 0 1.64 0 2.46 2.96 0.86 2.09 0 0 0 0 0.18 0.55 2.82 0 0.68 0 0 0.63 0.5 0 0 1.11 1.68 0 0 0 3.76 2.96 0 0 0.0 0 0.57 0 2.77 1.37 3.11 3.04 0 1.72 2.77 0 0 
43 0 0.37 0 3.29 0.55 1.52 0 0 0.77 0 0 1.0 2.28 1.88 2.31 4.33 2.15 0 0 0 4.71 0 0.18 0.17 2.35 0 2.22 0 0 2.22 0 2.27 2.09 0 1.52 3.02 2.4 0 3.45 0 0.57 0 0 0.0 1.13 2.16 0 0 3.01 0 0 1.42 0 0.9 0 
44 0.33 3.29 2.45 0.38 0 1.72 0 3.67 1.33 1.52 1.6 3.58 0.55 4.05 3.86 4.42 0.2 0.2 1.77 5.19 2.19 1.6 1.37 2.07 0.23 0.63 2.53 2.22 4.31 0.63 2.92 1.13 0.31 0.32 1.85 0 0 4.8 2.92 1.41 0.35 1.97 0.57 1.13 0.0 0 0 2.65 1.49 1.65 0 1.52 0.57 0 5.83 
45 0.23 0 1.77 0 0.12 0 1.05 0.33 1.41 4.69 0 3.29 1.54 1.22 2.73 1.22 2.73 0.37 2.96 0.35 0 0.7 0.48 2.4 2.71 0 2.28 0.76 1.88 0.38 0.31 1.92 0 2.26 0.62 0 1.88 1.11 3.39 4.56 2.63 0 0 2.16 0 0.0 1.13 0 0.15 4.81 0 0.86 0.13 1.66 0.33 
46 0 1.37 0 1.17 0.15 0 0.32 0 0 0 0.43 0.38 0 0.22 1.69 1.29 1.85 1.69 0 0.2 1.21 2.73 0 2.59 5.57 0 0.62 0.49 3.8 0 0.28 0.65 1.91 0.47 0.19 0 0 1.72 0.4 1.06 2.79 0 2.77 0 0 1.13 0.0 2.54 1.29 3.67 0.63 2.79 0.47 0.25 0.99 
47 0 2.63 1.05 3.86 0.78 0 2.35 3.29 2.82 0 0.85 0 3.67 0 0 1.41 1.37 1.29 3.51 2.16 0 0.23 1.48 3.86 4.8 0 3.01 1.79 0.59 0.68 0.51 3.88 4.42 0 2.35 0.58 0.56 0 1.99 0 2.46 3.58 1.37 0 2.65 0 2.54 0.0 0 5.57 3.26 2.92 0 0 2.92 
48 1.23 1.02 0.51 1.41 0.86 0.66 1.79 1.79 2.35 1.68 0 0 0 1.17 0.63 0 3.8 0 0.87 1.85 0.32 0.31 2.16 2.28 0.77 4.99 0.98 0.86 0.8 0 0.43 0 3.86 0 1.17 1.13 1.13 1.22 0 3.95 0 2.22 3.11 3.01 1.49 0.15 1.29 0 0.0 2.4 4.52 2.45 0.3 3.39 0 
49 0.47 2.28 1.6 0 2.03 1.8 2.66 3.67 0.72 3.17 0.65 4.71 0.43 0 0.89 4.8 0.55 1.98 0 0.83 0 1.56 0.47 1.27 0.89 3.29 0 2.65 0 3.86 1.29 0.7 0.3 0.27 4.81 0 6.33 6.72 5.57 0.47 2.66 0.82 3.04 0 1.65 4.81 3.67 5.57 2.4 0.0 2.28 2.15 2.59 5.95 0.92 
50 0.48 0.57 0 1.52 0 0 3.55 1.37 0.68 0.18 0.43 0 0 0.85 1.84 5.27 2.53 2.66 0.1 0 1.1 0.85 0 1.09 1.9 0 3.42 0 1.72 2.9 0.68 0.42 0 3.67 2.34 1.56 1.0 0 2.03 0.92 0.99 0.65 0 0 0 0 0.63 3.26 4.52 2.28 0.0 2.07 0 0.67 0 
51 0.43 0.7 0.23 0.62 2.03 0.53 0.76 2.91 3.29 1.23 3.67 4.56 0.8 0.55 1.45 1.41 0.75 0.23 2.45 0.57 0 3.8 1.02 1.29 1.36 2.54 0.22 1.02 2.91 1.6 0.32 0 0.59 0.17 1.98 0 2.34 0.65 4.05 1.98 1.39 0.45 1.72 1.42 1.52 0.86 2.79 2.92 2.45 2.15 2.07 0.0 1.54 1.21 2.34 
52 0.55 2.16 0 4.18 0 0.3 0.35 0.74 0.89 0.58 2.92 1.06 0.38 0.13 0.78 0.63 4.18 1.29 0 0 0 0 0 1.72 5.95 2.77 0.92 0 3.67 1.13 0.99 4.14 0.58 0 0.07 0.2 0.47 1.42 1.09 4.05 0.43 0.77 2.77 0 0.57 0.13 0.47 0 0.3 2.59 0 1.54 0.0 1.79 0.8 
53 2.79 0 0.6 1.41 0.94 0.62 1.91 0.49 0 1.79 1.6 0 1.88 0 0.27 0.55 3.67 2.35 1.8 0.68 4.14 1.76 0.87 3.2 1.96 1.49 1.6 2.16 0.75 0.52 1.29 2.82 1.29 3.76 1.6 0.27 1.84 0 1.13 0.98 0 0 0 0.9 0 1.66 0.25 0 3.39 5.95 0.67 1.21 1.79 0.0 0.78 
54 2.54 0 3.2 5.83 0.37 2.26 0.57 1.79 0.74 0.73 3.39 0 4.18 0.89 1.51 0 0 3.2 3.63 0.31 0.45 0.6 0 0 1.0 0.92 3.29 1.22 0 1.29 1.72 0 1.8 0 0.28 1.41 2.03 2.45 0.53 0 0.63 2.35 0 0 5.83 0.33 0.99 2.92 0 0.92 0 2.34 0.8 0.78 0.0 

;