set O:= 0;
set N:= 1 2 3 4 5 6 7 8 9 10 11 12 13 14 15 16 17 18 19 20 21 22 23 24 25 26 27 28 29 30 31 32 33 34 35 36 37 38 39 40 41 42 43 44 45 46 47 48 49 50 51 52 53 54;
set K:= 1 2 3 4 5 6 7 8;
param V:= 8;
param cp:= 160;
param dm:= 5.0;
param o:=
0 0
1 18
2 26
3 11
4 30
5 21
6 19
7 15
8 16
9 29
10 26
11 37
12 16
13 12
14 31
15 8
16 19
17 20
18 13
19 15
20 22
21 28
22 12
23 6
24 27
25 14
26 18
27 17
28 29
29 13
30 22
31 25
32 28
33 27
34 19
35 10
36 12
37 14
38 24
39 16
40 33
41 15
42 11
43 18
44 17
45 21
46 27
47 19
48 20
49 5
50 22
51 12
52 19
53 22
54 16
;
param c[*,*]
: 0 1 2 3 4 5 6 7 8 9 10 11 12 13 14 15 16 17 18 19 20 21 22 23 24 25 26 27 28 29 30 31 32 33 34 35 36 37 38 39 40 41 42 43 44 45 46 47 48 49 50 51 52 53 54:=
0 0 9 3 4 3 7 2 3 3331 8 23 8 5 4885 7 5995 5 1776 9 6 10 5995 22 9 7 37 1 14 5329 4 4 16 12 3775 4 3997 7328 7106 23 8 12 26 12999 14 6 3 2 6 18 7 9 3 4 4885 24 
1 9 0 6 8305 12 15 12 14 14443 17 21 19 45 15 19 18 5 9 14 16971 20 8 3 17 18 15165 10832 16 6 11 8 22 14 2889 11915 17 12277 13721 36 15 10471 8 5 2166 9388 12 51 10110 19 6499 25 26 12638 22 22 
2 3 6 0 5 4333 6 2 9749 12 9493 11 31 5551 10 29 29 3997 8 12 25 8935 5 5777 11 7328 13 4 7222 11 18 2 17 8 2792 14 10832 8 9 11448 11 5 11 35 8 29 5055 8 19 7 12 11 3 8 16 49 
3 4 8305 5 0 6 12 4 10 7550 8 6217 28 13 10 15 51 4 2665 4467 30 19 11 12 5 4 5 4441 7772 7106 10051 6 14 9 14 26 25 13402 17 9 5 2 13 45 9388 838 7 8 46 13 2 3350 4 7328 16 10214 
4 3 12 4333 6 0 6 5 5416 6 34 12 14 3997 7 39 7 21 7 11448 9 8097 12 10471 8 11 14 2443 3611 7583 3071 3 15526 9 7 2528 6 9 7 11193 8097 19 13360 13 24 8 3 4 11 16 15 10 3553 3 17 9 
5 7 15 6 12 6 0 7259 22 28 54 13402 18 7994 6 17 2 10331 7 18 11 3350 3630 10471 25 30 18 13 4 22 7 3630 21 51 8376 11 12 11 2 13 15 8660 62 14443 28 15 3 7 2 1954 16 15 9 6 17 6701 
6 2 12 2 4 5 7259 0 9 17 28 8935 14 15 12 13360 8 3 4 18 23 12 8 9 4885 7 11 4 10 6 5584 3350 12 6 2234 13 12 9 9214 12 15 7 10 9388 8 5 12 8 6980 5305 4663 7818 1332 8 22 14 
7 3 14 9749 10 5416 22 9 0 2528 6980 26 22 4 9 5 10110 12 8 11 4 14082 53 15887 15887 17 11 2 23 53 11 9027 12 31 45 4 7 14443 12999 12 6 4441 23 20 18 8097 9 3 12638 42 56 20 5107 17 12 6860 
8 3331 14443 12 7550 6 28 17 2528 0 18 10 7 9 5 9 6 8 6 16 10 9 10 31 10436 12 47 12 4 13 5 7944 16 9214 24 10 7 12 10 8 8097 11 23 36 33 12 22 2 8376 6980 11 23 5773 2528 4 9 
9 8 17 9493 8 34 54 28 6980 18 0 5 10 4 12 10051 28 26 4467 6 10331 21 17 16609 12 7 3 5305 11 15 11727 13 4747 1954 34 17 9 20 15356 6143 1117 2513 64 18 19 3350 10331 8 16 24 6980 6 11 11 32 14 
10 23 21 11 6217 12 13402 8935 26 10 5 0 6 3331 14 10 26 10 6 18 10110 32 30 19498 10436 8882 13 5 16 13960 46 45 4 6143 44 12 9 16 60 1554 3071 4 40 41 19 15 13 10 18 14 10 15 6439 45 6138 52 
11 8 19 31 28 14 18 14 22 7 10 6 0 7 14 5 15 15887 7 12844 26 18776 21 21303 41 19 13 5 14 75 16 14443 19 39 16609 9027 5416 22 23 4 28 13 29 29 43 42 12638 10 18 18 72 11 7994 19 3 9 
12 5 45 5551 13 3997 7994 15 4 9 4 3331 7 0 7 24 34 18 3 7259 12 12 35 16 8 6439 6143 3 5773 8 6661 6 7 5 10 16 9 10 10 8 3 1 59 61 13360 5 11 4 8660 8 6 6 6 6 4441 7328 
13 4885 15 10 10 7 6 12 9 5 12 14 14 7 0 7944 3071 9104 7 32 19 12 16 30 11 12 30 5107 2528 48 4 8 18415 13 16 6 7 15 22 25 12 7772 38 23 69 48 19 5 6 21 11 28 8 3 9 2528 
14 7 19 29 15 39 17 13360 5 9 10051 10 5 24 7944 0 11915 66 9 14798 3 19 16971 20220 26 81 13 5 9 71 12 14 12999 45 16248 7222 13 16971 15 7 11 7 29 91 85 46 10471 6499 16 17 21 26 10 14 5 5777 
15 5995 18 29 51 7 2 8 10110 6 28 26 15 34 3071 11915 0 15 10 34 9 2792 7 17 28 32 17 6661 3 10 3 5305 19 13681 20 5584 9388 4 3 12 54 11 18054 69 16609 52 3630 23 4188 4 57 15636 16 9 15 5 
16 5 5 3997 4 21 10331 3 12 8 26 10 15887 18 9104 66 15 0 3109 26 15165 14 8935 10 3 3 31 5 7550 5 9 5329 36 19 7 6439 52 23 25 35 8 4 8 10 6138 4 26 13 12 8376 4 5584 7 7328 56 10 
17 1776 9 8 2665 7 7 4 8 6 4467 6 7 3 7 9 10 3109 0 7259 8 11 8 45 7 5773 6980 2 6 12 7 4 14 4 4 5 4885 11 9 5773 4 1 15 12277 11 4 5 16 15 7 19 5863 2 9 22 30 
18 9 14 12 4467 11448 18 18 11 16 6 18 12844 7259 32 14798 34 26 7259 0 59 19545 15 17 7818 15 3 9 14 52 58 12564 8097 4 17 25 16 71 20 14 7 23 14082 15 15 3909 13402 14 64 18 5 3 29 17 26 16473 
19 6 16971 25 30 9 11 23 4 10 10331 10110 26 12 19 3 9 15165 8 59 0 15 56 20 19 19859 26 9 5416 16 17 12 15 12 29 6 3 14 13 33 12 28 23 21 19 11448 9 5 51 43 20 15 8 5 16 6 
20 10 20 8935 19 8097 3350 12 14082 9 21 32 18776 12 12 19 2792 14 11 19545 15 0 25 16 15636 23 19545 8882 6143 35 10 8 40 16194 23 34 13 4 7 61 16 44 39 18 18054 20 7 17 4 7 16 23 11 7 15887 9 
21 5995 8 5 11 12 3630 8 53 10 17 30 21 35 16 16971 7 8935 8 15 56 25 0 8 13 15 32 29 26 3 4 4 20 13 6701 7539 13721 3 5 14798 13681 10 12 12 10 14 6 32 3 4 14 28 6661 7 32 11 
22 22 3 5777 12 10471 10471 9 15887 31 16609 19498 21303 16 30 20220 17 10 45 17 20 16 8 0 7583 14 18 13 12638 4 21 7583 45 58 7 52 21 13 49 23 21 53 5 8 8 16 21 17 35 8305 11 16 38 13 38 18 
23 9 17 11 5 8 25 4885 15887 10436 12 10436 41 8 11 26 28 3 7 7818 19 15636 13 7583 0 3 20 8 9770 7 11448 7106 11546 15 4 36 17693 16 17 23 10 7 16 20 7 25 8660 9326 11448 41 2220 31 4663 39 18776 16 
24 7 18 7328 4 11 30 7 17 12 7 8882 19 6439 12 81 32 3 5773 15 19859 23 15 14 3 0 7 15 10658 8438 17 9 11 6 6 10 17332 32 33 10214 16 21 12 43 36 4 20 9770 57 14 1554 4188 10 10436 23 15 
25 37 15165 13 5 14 18 11 11 47 3 13 13 6143 30 13 17 31 6980 3 26 19545 32 18 20 7 0 8 15 16 14240 13 10 4 20 11168 22 23 18149 10 4 5305 34 20 18 6 16 11 18 14798 7259 2 30 12564 21 31 
26 1 10832 4 4441 2443 13 4 2 12 5305 5 5 3 5107 5 6661 5 2 9 9 8882 29 13 8 15 8 0 5 6661 20 4441 9 6 10 2 12 11 32 18 19 2443 19 30 12999 5584 3997 4 7106 11 7 7539 3 7 15 5773 
27 14 16 7222 7772 3611 4 10 23 4 11 16 14 5773 2528 9 3 7550 6 14 5416 6143 26 12638 9770 10658 15 5 0 9388 2234 6 17332 13 13 2528 12 6701 5305 12 40 6 18 18 19 20 2166 6 5305 16 19 16 7 1 8305 19 
28 5329 6 11 7106 7583 22 6 53 13 15 13960 75 8 48 71 10 5 12 52 16 35 3 4 7 8438 16 6661 9388 0 21 7 16752 12 5 11 56 5 8 18 15 8 9 8 9 9493 29 10832 8 15 7 49 5107 10471 20 14 
29 4 11 18 10051 3071 7 5584 11 5 11727 46 16 6661 4 12 3 9 7 58 17 10 4 21 11448 17 14240 20 2234 21 0 10 15 22 8 16 8666 5 4 11 12 14 59 17 52 12 1117 4 12 2 46 52 23 3350 14 23 
30 4 8 2 6 3 3630 3350 9027 7944 13 45 14443 6 8 14 5305 5329 4 12564 12 8 4 7583 7106 9 13 4441 6 7 10 0 14 38 5 22 38 21 11 22 40 7 13 22 11 35 4 7 7 8 9 23 5 12 24 20 
31 16 22 17 14 15526 21 12 12 16 4747 4 19 7 18415 12999 19 36 14 8097 15 40 20 45 11546 11 10 9 17332 16752 15 14 0 13 52 16 51 24 21 16 5 5773 44 29 84 10 22 16 70 16 10 14 8 64 10832 18 
32 12 14 8 9 9 51 6 31 9214 1954 6143 39 5 13 45 13681 19 4 4 12 16194 13 58 15 6 4 6 13 12 22 38 13 0 7 17 9 16 18 8 2792 9 13 18 12277 3 13 8655 13123 11448 6 2 5 20 18 51 
33 3775 2889 2792 14 7 8376 2234 45 24 34 44 16609 10 16 16248 20 7 4 17 29 23 6701 7 4 6 20 10 13 5 8 5 52 7 0 10 13 9214 10051 13 17 4663 6499 6499 5 6 35 11 8 6 4 8097 2 10 58 15 
34 4 11915 14 26 2528 11 13 4 10 17 12 9027 16 6 7222 5584 6439 5 25 6 34 7539 52 36 10 11168 2 2528 11 16 22 16 17 10 0 5 10 8 38 31 5 32 62 56 17 7 3 6980 21 8438 10610 19 2 6138 7 
35 3997 17 10832 25 6 12 12 7 7 9 9 5416 9 7 13 9388 52 4885 16 3 13 13721 21 17693 17332 22 12 12 56 8666 38 51 9 13 5 0 58 25 6 7259 22 78 24 17693 9 7 3 16 21 16 22 6 5 5 5416 
36 7328 12277 8 13402 9 11 9 14443 12 20 16 22 10 15 16971 4 23 11 71 14 4 3 13 16 32 23 11 6701 5 5 21 24 16 9214 10 58 0 2 15636 61 10 19 14 56 14 5584 10 1675 3350 13960 21 34 10 34 37 
37 7106 13721 9 17 7 2 9214 12999 10 15356 60 23 10 22 15 3 25 9 20 13 7 5 49 17 33 18149 32 5305 8 4 11 21 18 10051 8 25 2 0 14519 19 20 22 18 18 57 20 31 3 3630 14798 17 11 26 17 7259 
38 23 36 11448 9 11193 13 12 12 8 6143 1554 4 8 25 7 12 35 5773 14 33 61 14798 23 23 10214 10 18 12 18 11 22 16 8 13 38 6 15636 14519 0 6 5107 24 22026 20220 35 12999 11 28 14 9770 37 7106 20 4333 14 
39 8 15 11 5 8097 15 15 6 8097 1117 3071 28 3 12 11 54 8 4 7 12 16 13681 21 10 16 4 19 40 15 12 40 5 2792 17 31 7259 61 19 6 0 3 33 17332 17 17 10051 9 15 11727 9 4188 23 8935 14 11 
40 12 10471 5 2 19 8660 7 4441 11 2513 4 13 1 7772 7 11 4 1 23 28 44 10 53 7 21 5305 2443 6 8 14 7 5773 9 4663 5 22 10 20 5107 3 0 13360 18 25 3 25 4885 36 8 4663 4467 2443 6 6 9 
41 26 8 11 13 13360 62 10 23 23 64 40 29 59 38 29 18054 8 15 14082 23 39 12 5 16 12 34 19 18 9 59 13 44 13 6499 32 78 19 22 24 33 13360 0 1 2 23 14 18 13721 52 9 28 19 33 21 87 
42 12999 5 35 45 13 14443 9388 20 36 18 41 29 61 23 91 69 10 12277 15 21 18 12 8 20 43 20 30 18 8 17 22 29 18 6499 62 24 14 18 22026 17332 18 1 0 2 14 14 16248 25 11915 8666 17 10110 16248 23 21 
43 14 2166 8 9388 24 28 8 18 33 19 19 43 13360 69 85 16609 6138 11 15 19 18054 10 8 7 36 18 12999 19 9 52 11 84 12277 5 56 17693 56 18 20220 17 25 2 2 0 13 12638 15 12 11554 7 13 8305 17 39 25 
44 6 9388 29 838 8 15 5 8097 12 3350 15 42 5 48 46 52 4 4 3909 11448 20 14 16 25 4 6 5584 20 9493 12 35 10 3 6 17 9 14 57 35 17 3 23 14 13 0 9 8 24 13 3630 3 3350 11 10 12844 
45 3 12 5055 7 3 3 12 9 22 10331 13 12638 11 19 10471 3630 26 5 13402 9 7 6 21 8660 20 16 3997 2166 29 1117 4 22 13 35 7 7 5584 20 12999 10051 25 14 14 12638 9 0 17 4 3 8438 13 6 3 39 8 
46 2 51 8 8 4 7 8 3 2 8 10 10 4 5 6499 23 13 16 14 5 17 32 17 9326 9770 11 4 6 10832 4 7 16 8655 11 3 3 10 31 11 9 4885 18 16248 15 8 17 0 7539 23 35 21 4885 7 7 12 
47 6 10110 19 46 11 2 6980 12638 8376 16 18 18 8660 6 16 4188 12 15 64 51 4 3 35 11448 57 18 7106 5305 8 12 7 70 13123 8 6980 16 1675 3 28 15 36 13721 25 12 24 4 7539 0 2 12285 59 6883 6 15 8655 
48 18 19 7 13 16 1954 5305 42 6980 24 14 18 8 21 17 4 8376 7 18 43 7 4 8305 41 14 14798 11 16 15 2 8 16 11448 6 21 21 3350 3630 14 11727 8 52 11915 11554 13 3 23 2 0 22 13402 5773 6 12999 8 
49 7 6499 12 2 15 16 4663 56 11 6980 10 72 6 11 21 57 4 19 5 20 16 14 11 2220 1554 7259 7 19 7 46 9 10 6 4 8438 16 13960 14798 9770 9 4663 9 8666 7 3630 8438 35 12285 22 0 5026 3775 19 16971 14 
50 9 25 11 3350 10 15 7818 20 23 6 15 11 6 28 26 15636 5584 5863 3 15 23 28 16 31 4188 2 7539 16 49 52 23 14 2 8097 10610 22 21 17 37 4188 4467 28 17 13 3 13 21 59 13402 5026 0 25 12 14 15 
51 3 26 3 4 3553 9 1332 5107 5773 11 6439 7994 6 8 10 16 7 2 29 8 11 6661 38 4663 10 30 3 7 5107 23 5 8 5 2 19 6 34 11 7106 23 2443 19 10110 8305 3350 6 4885 6883 5773 3775 25 0 11 9 17 
52 4 12638 8 7328 3 6 8 17 2528 11 45 19 6 3 14 9 7328 9 17 5 7 7 13 39 10436 12564 7 1 10471 3350 12 64 20 10 2 5 10 26 20 8935 6 33 16248 17 11 3 7 6 6 19 12 11 0 6860 9 
53 4885 22 16 16 17 17 22 12 4 32 6138 3 4441 9 5 15 56 22 26 16 15887 32 38 18776 23 21 15 8305 20 14 24 10832 18 58 6138 5 34 17 4333 14 6 21 23 39 10 39 7 15 12999 16971 14 9 6860 0 14 
54 24 22 49 10214 9 6701 14 6860 9 14 52 9 7328 2528 5777 5 10 30 16473 6 9 11 18 16 15 31 5773 19 14 23 20 18 51 15 7 5416 37 7259 14 11 9 87 21 25 12844 8 12 8655 8 14 15 17 9 14 0 

;param cto[*,*]
: 0 1 2 3 4 5 6 7 8 9 10 11 12 13 14 15 16 17 18 19 20 21 22 23 24 25 26 27 28 29 30 31 32 33 34 35 36 37 38 39 40 41 42 43 44 45 46 47 48 49 50 51 52 53 54:=
0 0 46 44 45 39 42 43 44 40 42 42 43 40 42 43 43 41 39 48 42 44 43 43 43 48 44 39 41 42 41 40 44 42 41 40 41 44 44 42 42 40 44 44 43 41 40 44 42 41 43 43 40 40 42 43 
1 46 0 40 42 42 44 41 49 45 44 46 51 43 49 51 45 44 46 44 46 46 46 43 40 42 45 43 44 40 47 42 47 43 39 44 46 44 45 47 45 43 40 40 39 42 43 44 43 42 41 44 41 44 46 46 
2 44 40 0 46 40 41 43 43 42 44 49 46 42 46 45 42 41 41 45 44 44 40 41 42 44 45 45 41 40 41 43 47 47 40 41 43 42 42 45 44 46 42 42 42 42 40 45 41 40 42 44 40 45 44 44 
3 45 42 46 0 42 49 41 47 44 40 43 45 40 45 49 46 39 40 41 45 47 49 47 41 40 45 41 44 44 44 47 44 39 41 43 44 46 47 44 41 40 43 43 42 38 47 43 45 44 44 40 40 44 44 46 
4 39 42 40 42 0 41 40 40 40 43 43 43 41 41 43 41 42 40 45 42 43 42 43 48 45 45 40 40 42 40 43 46 43 45 39 45 42 46 43 43 42 44 48 44 46 39 39 41 40 44 48 41 43 42 42 
5 42 44 41 49 41 0 42 43 42 46 46 46 44 41 44 39 44 47 48 43 40 40 43 46 47 48 43 40 41 39 40 49 46 43 41 43 40 43 50 46 45 46 45 45 46 44 42 39 39 46 51 44 41 44 42 
6 43 41 43 41 40 42 0 42 42 42 44 48 41 43 44 47 40 40 44 44 45 42 42 42 43 44 40 42 41 41 40 49 45 39 41 43 47 44 44 42 41 46 42 46 45 41 41 42 41 42 43 39 42 43 44 
7 44 49 43 47 40 43 42 0 39 42 41 40 40 41 40 43 47 41 49 44 45 44 46 46 46 44 43 41 44 42 42 47 43 43 40 39 45 44 41 46 41 47 47 46 43 41 39 44 43 45 44 42 40 39 41 
8 40 45 42 44 40 42 42 39 0 44 42 45 41 40 40 46 48 42 46 39 47 44 46 46 46 45 40 44 48 45 42 45 44 44 39 39 44 43 46 43 42 47 47 46 44 40 42 43 42 46 45 42 39 44 40 
9 42 44 44 40 43 46 42 42 44 0 40 43 40 49 44 47 42 41 41 44 49 47 46 44 46 40 41 48 46 45 44 41 39 43 43 43 48 48 42 38 39 46 46 45 40 44 47 47 46 42 40 41 44 43 46 
10 42 46 49 43 43 46 44 41 42 40 0 40 40 48 42 46 44 42 44 43 48 47 47 46 45 42 41 44 47 45 45 40 42 45 43 42 52 47 39 40 41 48 48 51 42 48 42 47 46 45 42 43 43 41 44 
11 43 51 46 45 43 46 48 40 45 43 40 0 42 43 40 49 46 43 46 41 47 47 48 48 51 45 46 43 47 45 45 42 44 46 42 40 48 47 39 42 43 49 49 49 45 44 42 51 46 47 49 44 43 39 46 
12 40 43 42 40 41 44 41 40 41 40 40 42 0 47 43 45 41 39 42 43 46 45 45 44 43 42 39 42 48 43 46 42 40 42 41 41 50 49 41 43 39 45 45 44 40 42 45 45 44 42 45 40 42 41 44 
13 42 49 46 45 41 41 43 41 40 49 48 43 47 0 42 40 45 43 48 40 42 43 45 51 51 47 42 39 44 44 45 47 46 44 40 41 42 41 44 45 44 47 47 46 46 40 40 46 41 51 47 44 39 42 39 
14 43 51 45 49 43 44 44 40 40 44 42 40 43 42 0 44 46 43 47 43 46 46 48 48 48 50 46 46 47 47 44 44 45 46 41 39 46 49 41 44 47 49 49 48 45 43 41 49 45 47 46 44 41 39 41 
15 43 45 42 46 41 39 47 43 46 47 46 49 45 40 44 0 45 44 49 46 40 42 44 47 48 52 43 44 43 40 41 49 47 44 41 42 44 39 49 46 45 47 46 46 46 40 42 40 44 47 48 44 41 44 41 
16 41 44 41 39 42 44 40 47 48 42 44 46 41 45 46 45 0 40 42 45 51 44 42 40 44 43 46 44 46 47 42 45 41 39 43 44 45 46 45 42 41 42 42 41 40 43 43 44 43 39 41 39 44 45 50 
17 39 46 41 40 40 47 40 41 42 41 42 43 39 43 43 44 40 0 42 43 46 44 43 43 42 42 43 42 43 42 45 44 44 41 41 42 45 49 42 44 43 44 44 47 40 42 41 44 43 42 42 39 42 42 44 
18 48 44 45 41 45 48 44 49 46 41 44 46 42 48 47 49 42 42 0 47 50 51 50 43 40 44 48 51 46 47 46 43 44 43 46 46 49 49 45 42 42 45 49 44 40 46 46 48 47 45 39 42 46 46 48 
19 42 46 44 45 42 43 44 44 39 44 43 41 43 40 43 46 45 43 47 0 44 45 47 51 48 46 42 40 45 42 43 49 45 45 40 43 48 44 42 44 44 48 52 51 45 42 40 44 43 47 46 44 40 40 39 
20 44 46 44 47 43 40 45 45 47 49 48 47 46 42 46 40 51 46 50 44 0 42 45 48 49 50 45 42 43 41 42 51 48 45 43 48 40 39 48 52 47 47 51 47 48 42 43 44 41 52 50 46 46 46 43 
21 43 46 40 49 42 40 42 44 44 47 47 47 45 43 46 42 44 44 51 45 42 0 41 44 46 48 44 42 43 44 40 49 50 42 43 45 40 41 47 47 45 47 43 47 45 41 43 39 39 45 47 43 46 46 44 
22 43 43 41 47 43 43 42 46 46 46 47 48 45 45 48 44 42 43 50 47 45 41 0 42 44 51 48 44 39 43 42 49 45 41 44 46 43 44 48 46 44 44 40 40 44 43 45 42 42 43 49 42 48 47 50 
23 43 40 42 41 48 46 42 46 46 44 46 48 44 51 48 47 40 43 43 51 48 44 42 0 44 44 44 46 42 45 44 47 43 40 45 47 46 47 47 48 43 40 40 40 42 45 45 45 44 40 43 42 46 47 48 
24 48 42 44 40 45 47 43 46 46 46 45 51 43 51 48 48 44 42 40 48 49 46 44 44 0 42 44 46 45 46 49 45 41 42 49 46 48 48 46 43 42 42 43 42 40 46 46 47 46 39 40 42 46 47 49 
25 44 45 45 45 45 48 44 44 45 40 42 45 42 47 50 52 43 42 44 46 50 48 51 44 42 0 47 46 47 47 50 41 40 44 45 45 49 49 43 44 41 46 47 46 41 46 49 48 47 42 39 43 46 45 48 
26 39 43 45 41 40 43 40 43 40 41 41 46 39 42 46 43 46 43 48 42 45 44 48 44 44 47 0 41 43 42 41 43 41 42 43 40 45 44 41 41 40 45 45 44 41 41 40 44 42 47 43 40 40 41 42 
27 41 44 41 44 40 40 42 41 44 48 44 43 42 39 46 44 44 42 51 40 42 42 44 46 46 46 41 0 42 39 40 46 45 43 39 41 42 41 47 44 47 46 46 45 44 39 39 41 40 46 46 42 42 42 40 
28 42 40 40 44 42 41 41 44 48 46 47 47 48 44 47 43 46 43 46 45 43 43 39 42 45 47 43 42 0 41 40 49 45 40 43 45 45 42 47 46 44 42 41 41 44 41 43 40 40 47 46 42 43 46 49 
29 41 47 41 44 40 39 41 42 45 45 45 45 43 44 47 40 47 42 47 42 41 44 43 45 46 47 42 39 41 0 39 51 45 42 40 42 41 40 49 45 44 45 45 44 45 38 44 40 43 45 46 42 40 43 42 
30 40 42 43 47 43 40 40 42 42 44 45 45 46 45 44 41 42 45 46 43 42 40 42 44 49 50 41 40 40 39 0 51 44 45 40 42 41 41 45 44 43 44 43 43 43 39 41 40 39 44 45 41 41 44 43 
31 44 47 47 44 46 49 49 47 45 41 40 42 42 47 44 49 45 44 43 49 51 49 49 47 45 41 43 46 49 51 51 0 42 46 45 44 50 50 41 41 42 49 49 48 43 47 45 49 52 45 42 48 46 43 51 
32 42 43 47 39 43 46 45 43 44 39 42 44 40 46 45 47 41 44 44 45 48 50 45 43 41 40 41 45 45 45 44 42 0 46 43 48 47 47 47 40 39 48 45 44 39 44 43 46 45 41 39 40 44 44 46 
33 41 39 40 41 45 43 39 43 44 43 45 46 42 44 46 44 39 41 43 45 45 42 41 40 42 44 42 43 40 42 45 46 46 0 42 48 44 44 45 43 42 41 41 44 41 42 43 46 46 41 43 40 47 45 49 
34 40 44 41 43 39 41 41 40 39 43 43 42 41 40 41 41 43 41 46 40 43 43 44 45 49 45 43 39 43 40 40 45 43 42 0 40 43 42 42 43 46 46 46 45 43 40 38 42 41 45 45 42 38 41 41 
35 41 46 43 44 45 43 43 39 39 43 42 40 41 41 39 42 44 42 46 43 48 45 46 47 46 45 40 41 45 42 42 44 48 48 40 0 45 44 45 42 42 47 47 47 48 45 43 44 43 49 45 47 40 39 40 
36 44 44 42 46 42 40 47 45 44 48 52 48 50 42 46 44 45 45 49 48 40 40 43 46 48 49 45 42 45 41 41 50 47 44 43 45 0 39 48 48 50 45 49 45 51 41 44 39 40 47 49 45 43 46 44 
37 44 45 42 47 46 43 44 44 43 48 47 47 49 41 49 39 46 49 49 44 39 41 44 47 48 49 44 41 42 40 41 50 47 44 42 44 39 0 47 47 46 46 46 46 47 41 43 40 40 47 52 45 42 45 42 
38 42 47 45 44 43 50 44 41 46 42 39 39 41 44 41 49 45 42 45 42 48 47 48 47 46 43 41 47 47 49 45 41 47 45 42 45 48 47 0 41 42 49 49 48 43 44 42 47 46 46 44 44 43 40 44 
39 42 45 44 41 43 46 42 46 43 38 40 42 43 45 44 46 42 44 42 44 52 47 46 48 43 44 41 44 46 45 44 41 40 43 43 42 48 47 41 0 43 46 46 46 40 44 43 47 45 43 40 42 44 42 49 
40 40 43 46 40 42 45 41 41 42 39 41 43 39 44 47 45 41 43 42 44 47 45 44 43 42 41 40 47 44 44 43 42 39 42 46 42 50 46 42 43 0 44 45 44 39 43 42 45 48 42 41 40 42 42 45 
41 44 40 42 43 44 46 46 47 47 46 48 49 45 47 49 47 42 44 45 48 47 47 44 40 42 46 45 46 42 45 44 49 48 41 46 47 45 46 49 46 44 0 42 38 44 49 46 45 44 42 45 43 46 52 49 
42 44 40 42 43 48 45 42 47 47 46 48 49 45 47 49 46 42 44 49 52 51 43 40 40 43 47 45 46 41 45 43 49 45 41 46 47 49 46 49 46 45 42 0 42 44 48 46 44 44 42 45 43 46 48 52 
43 43 39 42 42 44 45 46 46 46 45 51 49 44 46 48 46 41 47 44 51 47 47 40 40 42 46 44 45 41 44 43 48 44 44 45 47 45 46 48 46 44 38 42 0 43 44 49 48 44 45 48 42 45 47 48 
44 41 42 42 38 46 46 45 43 44 40 42 45 40 46 45 46 40 40 40 45 48 45 44 42 40 41 41 44 44 45 43 43 39 41 43 48 51 47 43 40 39 44 44 43 0 48 47 46 45 40 43 40 44 48 46 
45 40 43 40 47 39 44 41 41 40 44 48 44 42 40 43 40 43 42 46 42 42 41 43 45 46 46 41 39 41 38 39 47 44 42 40 45 41 41 44 44 43 49 48 44 48 0 40 44 39 45 46 42 39 43 41 
46 44 44 45 43 39 42 41 39 42 47 42 42 45 40 41 42 43 41 46 40 43 43 45 45 46 49 40 39 43 44 41 45 43 43 38 43 44 43 42 43 42 46 46 49 47 40 0 43 42 45 45 42 39 40 41 
47 42 43 41 45 41 39 42 44 43 47 47 51 45 46 49 40 44 44 48 44 44 39 42 45 47 48 44 41 40 40 40 49 46 46 42 44 39 40 47 47 45 45 44 48 46 44 43 0 39 46 47 43 46 49 43 
48 41 42 40 44 40 39 41 43 42 46 46 46 44 41 45 44 43 43 47 43 41 39 42 44 46 47 42 40 40 43 39 52 45 46 41 43 40 40 46 45 48 44 44 44 45 39 42 39 0 45 46 42 41 44 46 
49 43 41 42 44 44 46 42 45 46 42 45 47 42 51 47 47 39 42 45 47 52 45 43 40 39 42 47 46 47 45 44 45 41 41 45 49 47 47 46 43 42 42 42 45 40 45 45 46 45 0 41 41 45 46 48 
50 43 44 44 40 48 51 43 44 45 40 42 49 45 47 46 48 41 42 39 46 50 47 49 43 40 39 43 46 46 46 45 42 39 43 45 45 49 52 44 40 41 45 45 48 43 46 45 47 46 41 0 42 49 45 51 
51 40 41 40 40 41 44 39 42 42 41 43 44 40 44 44 44 39 39 42 44 46 43 42 42 42 43 40 42 42 42 41 48 40 40 42 47 45 45 44 42 40 43 43 42 40 42 42 43 42 41 42 0 42 43 45 
52 40 44 45 44 43 41 42 40 39 44 43 43 42 39 41 41 44 42 46 40 46 46 48 46 46 46 40 42 43 40 41 46 44 47 38 40 43 42 43 44 42 46 46 45 44 39 39 46 41 45 49 42 0 41 40 
53 42 46 44 44 42 44 43 39 44 43 41 39 41 42 39 44 45 42 46 40 46 46 47 47 47 45 41 42 46 43 44 43 44 45 41 39 46 45 40 42 42 52 48 47 48 43 40 49 44 46 45 43 41 0 41 
54 43 46 44 46 42 42 44 41 40 46 44 46 44 39 41 41 50 44 48 39 43 44 50 48 49 48 42 40 49 42 43 51 46 49 41 40 44 42 44 49 45 49 52 48 46 41 41 43 46 48 51 45 40 41 0 

;param d[*,*]
: 0 1 2 3 4 5 6 7 8 9 10 11 12 13 14 15 16 17 18 19 20 21 22 23 24 25 26 27 28 29 30 31 32 33 34 35 36 37 38 39 40 41 42 43 44 45 46 47 48 49 50 51 52 53 54:=
0 0.0 0 0 0 0.12 0 0 0 0.92 0.38 1.02 0 0.2 1.36 0 1.66 0 0.49 0 0 0 1.66 1.85 0 0 2.03 0 0.63 1.48 0 0 0.62 0.86 1.05 0.17 1.11 2.03 1.97 1.02 0.37 0.55 2.22 4.56 1.21 0 0 0 0 0.78 0 0 0 0 1.36 1.06 
1 0 0.0 0.55 2.91 1.02 1.29 0.99 0 5.07 1.45 1.84 0 2.92 0 0 1.56 0 0 0.6 5.95 1.72 0 0 1.13 1.54 5.32 3.8 1.37 0.55 0 0.35 0.9 1.21 1.01 4.18 0.72 4.31 4.81 3.08 0.63 3.67 0.68 0.39 0.76 3.29 0.48 3.29 3.55 1.6 2.28 2.09 1.69 4.43 1.88 1.88 
2 0 0.55 0.0 0 1.52 0 0 3.42 1.02 3.2 0 2.65 1.54 0 2.46 1.6 1.11 0.3 0 2.09 3.01 0.25 2.03 0.42 2.03 0 0 2.53 0.62 0.99 0 0.83 0 0.94 1.17 3.8 0.4 0.43 3.86 0 0 0.98 2.26 0.35 1.6 1.77 0 1.05 0.51 0.43 0 0 0 1.41 3.2 
3 0 2.91 0 0.0 0 0 0 0 2.09 0.55 1.72 2.4 0.59 0 0 2.83 0.15 0.74 1.51 2.53 0.9 0 0 0 0 0 1.23 2.16 1.97 3.39 0 0.53 0.49 0.63 1.13 2.09 4.52 0.82 0 0 0 1.13 2.92 3.29 0.28 0 0 2.53 0.6 0 1.13 0.17 2.03 1.41 2.83 
4 0.12 1.02 1.52 0 0.0 0.3 0.47 1.9 0.23 1.85 0.52 1.21 1.11 0.28 2.54 0.33 0.94 0.25 3.86 0.82 2.73 0.86 3.67 0 0 0.67 0.68 1.27 2.66 1.04 0 5.45 0 0 0.89 0 0.43 0 3.93 2.73 0.82 4.69 0 2.03 0 0.12 0.15 0.78 0.86 0.55 0 0.99 0 1.48 0.37 
5 0 1.29 0 0 0.3 0.0 2.45 1.85 1.54 2.96 4.52 0.75 2.22 0.27 1.45 0 3.48 0 0 0.47 1.13 1.22 3.67 1.72 2.07 0 0.48 0 1.23 0.37 1.22 1.0 2.83 2.82 0.78 0.5 0.62 0 0 0 2.4 4.05 5.07 2.4 0.73 0 0 0 0.66 0.77 0 0 0.3 1.45 2.26 
6 0 0.99 0 0 0.47 2.45 0.0 0.38 1.48 1.54 3.01 0 0.66 0.48 4.69 0 0 0.17 1.25 1.97 0 0.38 0.37 1.36 0 0 0 0.86 0.3 1.88 1.13 0 0 0.75 1.11 1.06 0 3.11 0.57 1.02 0.27 0 3.29 0 0 1.05 0.32 2.35 1.79 1.29 2.63 0.37 0.35 1.91 0.57 
7 0 0 3.42 0 1.9 1.85 0.38 0.0 0.89 2.35 1.69 1.41 0 0.74 0.22 3.55 0 0.3 0 0 4.94 3.48 5.57 5.57 0.72 0 0 1.51 3.48 0.94 3.17 0 1.72 2.92 0.17 0.47 5.07 4.56 0.99 0 1.23 1.96 0.83 0.77 2.73 0.78 0.13 4.43 2.73 3.67 1.37 1.42 1.13 0.75 2.41 
8 0.92 5.07 1.02 2.09 0.23 1.54 1.48 0.89 0.0 1.25 0.42 0 0.33 0.47 0.8 0 0 0 0.78 0.66 0 0 2.65 2.9 0 2.59 0.55 0 0 0 2.79 0.65 3.11 2.03 0.66 0.47 0.58 0.5 0 2.73 0.42 1.99 3.08 2.83 0.57 1.41 0 2.82 2.35 0 1.6 1.6 0.89 0 0.74 
9 0.38 1.45 3.2 0.55 1.85 2.96 1.54 2.35 1.25 0.0 0.25 0.48 0 0 3.39 1.96 1.42 1.51 0.28 3.48 1.0 0.82 5.83 0.57 0 0.17 1.79 0 0.72 3.95 0.62 1.6 0.66 1.85 1.17 0 0.94 5.18 2.07 0.38 0.85 4.14 0.77 1.6 1.13 3.48 0 0 1.68 2.35 0.43 0.78 0 1.79 0 
10 1.02 1.84 0 1.72 0.52 4.52 3.01 1.69 0.42 0.25 0.0 0.25 0.92 0 0.9 1.84 0 0 1.25 3.55 2.27 2.07 6.84 2.9 2.46 0.9 0 1.37 4.71 2.53 2.46 0 2.07 2.4 1.06 0.82 0 3.33 0.43 1.04 0 3.45 3.51 0 1.02 0 0.43 0.85 0 0 1.02 1.79 2.92 2.15 3.39 
11 0 0 2.65 2.4 1.21 0.75 0 1.41 0 0.48 0.25 0.0 0 1.17 0.39 0 5.57 0 4.33 1.69 6.59 0.89 7.48 3.51 0 0.63 0 1.21 4.89 0.65 5.07 1.6 2.16 5.83 3.17 1.9 0.92 1.96 0.31 1.54 0.48 2.5 2.5 3.7 2.34 4.43 0.9 0 0.73 4.71 0 2.22 1.66 0.13 0 
12 0.2 2.92 1.54 0.59 1.11 2.22 0.66 0 0.33 0 0.92 0 0.0 0 1.06 1.49 0.78 0.12 2.45 0.45 0 1.52 0.65 0 1.79 2.07 0.12 1.6 0 1.85 0 0 0.22 0.38 0.7 0.33 0 0 0.32 0 0 3.86 3.95 4.69 0.23 0.42 0 2.4 0 0 0 0.22 0 1.23 2.03 
13 1.36 0 0 0 0.28 0.27 0.48 0.74 0.47 0 0 1.17 0 0.0 2.79 1.04 2.53 0 2.23 1.22 0.82 1.09 2.59 0 0 2.07 1.42 0.89 3.11 0 0 6.46 0 1.41 0.51 0.63 1.02 1.23 2.09 0 2.16 3.26 1.99 4.52 2.65 1.22 0.22 0 1.17 0 1.99 0 0.13 0.38 0.89 
14 0 0 2.46 0 2.54 1.45 4.69 0.22 0.8 3.39 0.9 0.39 1.06 2.79 0.0 4.18 4.33 0 4.99 0 1.68 5.95 7.1 2.27 5.27 0 0 0 4.61 0 0.6 4.56 2.46 5.7 2.53 0.85 5.95 0 0.28 0.53 0 2.5 5.93 5.55 2.53 3.67 2.28 0 1.49 0.89 1.84 0 1.23 0.43 2.03 
15 1.66 1.56 1.6 2.83 0.33 0 0 3.55 0 1.96 1.84 0 1.49 1.04 4.18 0.0 0.7 0 2.39 0 0.94 0 1.45 1.99 2.27 0 1.85 0 0.47 0 1.79 0 4.61 1.41 1.88 3.29 0 0.15 0 2.96 0 6.33 4.52 5.83 2.9 1.22 1.29 1.41 0 3.14 5.27 0.6 0.63 1.29 0 
16 0 0 1.11 0.15 0.94 3.48 0 0 0 1.42 0 5.57 0.78 2.53 4.33 0.7 0.0 0.86 1.42 5.32 0 3.01 0.9 0 0 1.72 0 2.09 0 0 1.48 1.6 1.05 0.31 1.79 3.39 1.64 1.72 1.52 0 0 0.35 0.86 2.15 0 1.13 0.5 0.58 2.82 0.15 1.88 0.31 2.03 3.67 0 
17 0.49 0 0.3 0.74 0.25 0 0.17 0.3 0 1.51 0 0 0.12 0 0 0 0.86 0.0 2.45 0 0 0 2.92 0 1.6 2.35 0 0 0.47 0 0 0.53 0 0 0 1.36 0 0 1.6 0 0 1.33 4.31 0 0 0 0.7 0.55 0 0.82 1.98 0 0.35 0.98 1.33 
18 0 0.6 0 1.51 3.86 0 1.25 0 0.78 0.28 1.25 4.33 2.45 2.23 4.99 2.39 1.42 2.45 0.0 3.26 6.59 0 0 2.63 0.8 0 0 0 2.9 3.2 4.23 2.73 0 1.21 1.72 0.77 3.94 0 0.65 0 1.29 4.94 0 0.62 1.32 4.52 0 3.51 0.87 0 0.23 1.6 0.8 1.8 5.55 
19 0 5.95 2.09 2.53 0.82 0.47 1.97 0 0.66 3.48 3.55 1.69 0.45 1.22 0 0 5.32 0 3.26 0.0 1.33 3.67 0.83 0 6.97 1.84 0.35 1.9 0.68 1.48 0.48 0 0 2.46 0.23 0 0 0.55 2.16 0.57 1.25 0.97 0 0 3.86 0.82 0.47 3.29 2.82 0.83 0 0 0.2 1.04 0.49 
20 0 1.72 3.01 0.9 2.73 1.13 0 4.94 0 1.0 2.27 6.59 0 0.82 1.68 0.94 0 0 6.59 1.33 0.0 1.36 0.67 5.27 1.09 6.59 2.46 2.07 1.91 0.7 0 2.78 5.46 1.64 1.85 0 0 0.37 3.39 0 1.96 3.33 0 6.33 0.94 0 1.21 0 0.32 0 1.1 0 0 5.57 0.45 
21 1.66 0 0.25 0 0.86 1.22 0.38 3.48 0 0.82 2.07 0.89 1.52 1.09 5.95 0 3.01 0 0 3.67 1.36 0.0 0.7 0.6 0 2.23 1.29 1.42 0 0 0 0 0 2.26 2.54 4.81 0.17 0 4.99 4.61 0 0 0.48 0 0.68 0.3 1.79 0.23 0.31 0.67 1.99 1.85 0 2.77 0 
22 1.85 0 2.03 0 3.67 3.67 0.37 5.57 2.65 5.83 6.84 7.48 0.65 2.59 7.1 1.45 0.9 2.92 0 0.83 0.67 0.7 0.0 2.66 0.58 0 0 4.43 0.15 1.79 2.66 3.88 3.76 0.63 3.39 1.84 1.09 3.2 0.95 1.84 3.48 0 0.68 0.68 1.37 1.79 1.49 2.26 2.91 0.47 0 2.45 0 3.2 0 
23 0 1.13 0.42 0 0 1.72 1.36 5.57 2.9 0.57 2.9 3.51 0 0 2.27 1.99 0 0 2.63 0 5.27 0.6 2.66 0.0 0 1.41 0 2.71 0 3.86 1.97 3.2 1.06 0 1.56 6.21 0.77 0.83 0.87 0 0 1.04 1.32 0.62 1.36 2.4 2.59 3.86 2.28 0.62 1.72 1.29 1.72 6.59 0 
24 0 1.54 2.03 0 0 2.07 0 0.72 0 0 2.46 0 1.79 0 5.27 2.27 0 1.6 0.8 6.97 1.09 0 0.58 0 0.0 0 0.57 2.96 2.34 0.8 0 0 0.3 0 0 6.08 2.23 2.31 2.83 1.09 0.94 1.02 2.82 2.35 0 0.73 2.71 3.14 0 0.43 1.41 0.37 2.9 1.96 0 
25 2.03 5.32 0 0 0.67 0 0 0 2.59 0.17 0.9 0.63 2.07 2.07 0 0 1.72 2.35 0 1.84 6.59 2.23 0 1.41 0 0.0 0 0 0 4.8 0 0.7 0.2 1.41 3.76 1.56 1.09 6.12 0.5 0 1.79 2.9 0.83 0.75 0.27 0.78 0 0 4.99 2.45 0 1.66 4.23 1.49 2.15 
26 0 3.8 0 1.23 0.68 0.48 0 0 0.55 1.79 0 0 0.12 1.42 0 1.85 0 0 0 0.35 2.46 1.29 0 0 0.57 0 0.0 0 1.85 0.86 1.23 0 0 0.37 0 0.55 0 1.41 0.78 1.05 0.68 1.6 2.53 4.56 1.88 1.11 0.17 1.97 0.42 0 2.54 0 0.25 0.66 1.6 
27 0.63 1.37 2.53 2.16 1.27 0 0.86 1.51 0 0 1.37 1.21 1.6 0.89 0 0 2.09 0 0 1.9 2.07 1.42 4.43 2.71 2.96 0 0 0.0 3.29 0.75 0.55 6.08 0.63 1.13 0.89 0.99 2.26 1.79 0 2.22 0 0.77 0.73 1.6 1.41 0.76 0.49 1.79 0.86 0.72 0.75 0 0 2.91 1.22 
28 1.48 0.55 0.62 1.97 2.66 1.23 0.3 3.48 0 0.72 4.71 4.89 0 3.11 4.61 0.47 0 0.47 2.9 0.68 1.91 0 0.15 0 2.34 0 1.85 3.29 0.0 1.17 0.47 5.65 0 0.25 0.47 3.67 0 0 0.85 0.73 0 0.38 0.33 0.74 3.2 1.88 3.8 0.59 0.8 0 2.71 1.42 3.67 1.76 0 
29 0 0 0.99 3.39 1.04 0.37 1.88 0.94 0 3.95 2.53 0.65 1.85 0 0 0 0 0 3.2 1.48 0.7 0 1.79 3.86 0.8 4.8 0.86 0.75 1.17 0.0 0.55 0 1.56 0 0.86 3.04 0 0 0 0 0.53 3.86 1.49 3.39 0 0.38 0 0.68 0 2.53 2.9 1.02 1.13 1.21 1.29 
30 0 0.35 0 0 0 1.22 1.13 3.17 2.79 0.62 2.46 5.07 0 0 0.6 1.79 1.48 0 4.23 0.48 0 0 2.66 1.97 0 0 1.23 0.55 0.47 0.55 0.0 0 2.09 0 1.41 2.45 1.17 0.78 1.56 2.22 0 0.53 1.85 0.45 1.91 0.31 0.28 0.51 0.43 0 1.6 0 0.99 2.03 1.72 
31 0.62 0.9 0.83 0.53 5.45 1.0 0 0 0.65 1.6 0 1.6 0 6.46 4.56 0 1.6 0.53 2.73 0 2.78 0 3.88 3.2 0 0.7 0 6.08 5.65 0 0 0.0 0.94 2.9 0.67 3.29 1.15 0 0.7 0 1.6 3.76 2.5 5.46 0.48 1.92 0.65 3.88 0 0 0.98 0 4.14 3.8 0 
32 0.86 1.21 0 0.49 0 2.83 0 1.72 3.11 0.66 2.07 2.16 0.22 0 2.46 4.61 1.05 0 0 0 5.46 0 3.76 1.06 0.3 0.2 0 0.63 0 1.56 2.09 0.94 0.0 0 1.17 0 0 0.89 0 0.94 0.49 0 1.52 4.31 0.2 0.6 2.92 4.42 3.86 0 0 0.25 1.37 1.29 2.83 
33 1.05 1.01 0.94 0.63 0 2.82 0.75 2.92 2.03 1.85 2.4 5.83 0.38 1.41 5.7 1.41 0.31 0 1.21 2.46 1.64 2.26 0.63 0 0 1.41 0.37 1.13 0.25 0 0 2.9 0 0.0 0.43 0 3.11 3.39 0 1.21 1.29 2.28 2.28 0 0 2.26 0.47 0 0 0 2.73 0 0 3.76 0 
34 0.17 4.18 1.17 1.13 0.89 0.78 1.11 0.17 0.66 1.17 1.06 3.17 0.7 0.51 2.53 1.88 1.79 0 1.72 0.23 1.85 2.54 3.39 1.56 0 3.76 0 0.89 0.47 0.86 1.41 0.67 1.17 0.43 0.0 0.43 0.5 0 2.45 1.72 0 2.71 4.05 3.67 1.17 0.62 0.19 2.35 1.17 2.34 3.58 0.82 0.07 2.15 0.28 
35 1.11 0.72 3.8 2.09 0 0.5 1.06 0.47 0.47 0 0.82 1.9 0.33 0.63 0.85 3.29 3.39 1.36 0.77 0 0 4.81 1.84 6.21 6.08 1.56 0.55 0.99 3.67 3.04 2.45 3.29 0 0 0.43 0.0 3.76 2.16 0 2.45 0.98 5.08 2.07 6.21 0 0 0 1.37 1.79 0 1.56 0 0.47 0.43 1.9 
36 2.03 4.31 0.4 4.52 0.43 0.62 0 5.07 0.58 0.94 0 0.92 0 1.02 5.95 0 1.64 0 3.94 0 0 0.17 1.09 0.77 2.23 1.09 0 2.26 0 0 1.17 1.15 0 3.11 0.5 3.76 0.0 0.12 5.27 3.39 0 1.64 0 3.67 0 1.88 0 0.56 1.13 4.71 1.0 1.49 0.47 2.9 2.03 
37 1.97 4.81 0.43 0.82 0 0 3.11 4.56 0.5 5.18 3.33 1.96 0 1.23 0 0.15 1.72 0 0 0.55 0.37 0 3.2 0.83 2.31 6.12 1.41 1.79 0 0 0.78 0 0.89 3.39 0 2.16 0.12 0.0 4.89 0.9 0.77 1.88 0.75 0.73 3.14 1.11 1.72 0 1.22 4.99 0 0 1.42 0.7 2.45 
38 1.02 3.08 3.86 0 3.93 0 0.57 0.99 0 2.07 0.43 0.31 0.32 2.09 0.28 0 1.52 1.6 0.65 2.16 3.39 4.99 0.95 0.87 2.83 0.5 0.78 0 0.85 0 1.56 0.7 0 0 2.45 0 5.27 4.89 0.0 0.3 1.42 1.0 7.73 7.1 1.91 4.56 0.94 1.99 0 2.71 2.03 1.97 1.72 1.52 1.25 
39 0.37 0.63 0 0 2.73 0 1.02 0 2.73 0.38 1.04 1.54 0 0 0.53 2.96 0 0 0 0.57 0 4.61 1.84 0 1.09 0 1.05 2.22 0.73 0 2.22 0 0.94 1.21 1.72 2.45 3.39 0.9 0.3 0.0 0 2.83 6.08 0.72 0.92 3.39 0.45 0 3.95 0 1.41 1.29 3.01 0.98 0 
40 0.55 3.67 0 0 0.82 2.4 0.27 1.23 0.42 0.85 0 0.48 0 2.16 0 0 0 0 1.29 1.25 1.96 0 3.48 0 0.94 1.79 0.68 0 0 0.53 0 1.6 0.49 1.29 0 0.98 0 0.77 1.42 0 0.0 4.69 1.52 2.09 0.15 1.09 1.36 1.56 0 1.29 1.51 0.68 0 0 0 
41 2.22 0.68 0.98 1.13 4.69 4.05 0 1.96 1.99 4.14 3.45 2.5 3.86 3.26 2.5 6.33 0.35 1.33 4.94 0.97 3.33 0 0 1.04 1.02 2.9 1.6 0.77 0.38 3.86 0.53 3.76 0 2.28 2.71 5.08 1.64 1.88 1.0 2.83 4.69 0.0 0 0.16 1.97 0 0.77 4.81 3.39 0.82 2.4 1.66 2.83 0 5.65 
42 4.56 0.39 2.26 2.92 0 5.07 3.29 0.83 3.08 0.77 3.51 2.5 3.95 1.99 5.93 4.52 0.86 4.31 0 0 0 0.48 0.68 1.32 2.82 0.83 2.53 0.73 0.33 1.49 1.85 2.5 1.52 2.28 4.05 2.07 0 0.75 7.73 6.08 1.52 0 0.0 0 0.57 0 5.7 2.16 4.18 3.04 0.7 3.55 5.7 0.97 0 
43 1.21 0.76 0.35 3.29 2.03 2.4 0 0.77 2.83 1.6 0 3.7 4.69 4.52 5.55 5.83 2.15 0 0.62 0 6.33 0 0.68 0.62 2.35 0.75 4.56 1.6 0.74 3.39 0.45 5.46 4.31 0 3.67 6.21 3.67 0.73 7.1 0.72 2.09 0.16 0 0.0 1.13 4.43 0 0 4.05 0 0 2.91 0.7 3.33 2.15 
44 0 3.29 1.6 0.28 0 0.73 0 2.73 0.57 1.13 1.02 2.34 0.23 2.65 2.53 2.9 0 0 1.32 3.86 0.94 0.68 1.37 1.36 0 0.27 1.88 1.41 3.2 0 1.91 0.48 0.2 0 1.17 0 0 3.14 1.91 0.92 0.15 1.97 0.57 1.13 0.0 0 0 1.68 0.63 1.22 0 1.13 0 0 4.33 
45 0 0.48 1.77 0 0.12 0 1.05 0.78 1.41 3.48 0 4.43 0.42 1.22 3.67 1.22 1.13 0 4.52 0.82 0 0.3 1.79 2.4 0.73 0.78 1.11 0.76 1.88 0.38 0.31 1.92 0.6 2.26 0.62 0 1.88 1.11 4.56 3.39 1.09 0 0 4.43 0 0.0 1.13 0 0.15 2.34 0 0 0.13 2.54 0.33 
46 0 3.29 0 0 0.15 0 0.32 0.13 0 0 0.43 0.9 0 0.22 2.28 1.29 0.5 0.7 0 0.47 1.21 1.79 1.49 2.59 2.71 0 0.17 0.49 3.8 0 0.28 0.65 2.92 0.47 0.19 0 0 1.72 0.94 0.45 1.36 0.77 5.7 0 0 1.13 0.0 2.54 1.29 1.52 1.49 1.36 0.47 0.59 0.99 
47 0 3.55 1.05 2.53 0.78 0 2.35 4.43 2.82 0 0.85 0 2.4 0 0 1.41 0.58 0.55 3.51 3.29 0 0.23 2.26 3.86 3.14 0 1.97 1.79 0.59 0.68 0.51 3.88 4.42 0 2.35 1.37 0.56 0 1.99 0 1.56 4.81 2.16 0 1.68 0 2.54 0.0 0 4.14 3.26 1.91 0 0 2.92 
48 0.78 1.6 0.51 0.6 0.86 0.66 1.79 2.73 2.35 1.68 0 0.73 0 1.17 1.49 0 2.82 0 0.87 2.82 0.32 0.31 2.91 2.28 0 4.99 0.42 0.86 0.8 0 0.43 0 3.86 0 1.17 1.79 1.13 1.22 0 3.95 0 3.39 4.18 4.05 0.63 0.15 1.29 0 0.0 1.52 4.52 1.6 0.3 4.56 0 
49 0 2.28 0.43 0 0.55 0.77 1.29 3.67 0 2.35 0 4.71 0 0 0.89 3.14 0.15 0.82 0 0.83 0 0.67 0.47 0.62 0.43 2.45 0 0.72 0 2.53 0 0 0 0 2.34 0 4.71 4.99 2.71 0 1.29 0.82 3.04 0 1.22 2.34 1.52 4.14 1.52 0.0 1.69 1.05 0.7 5.95 0 
50 0 2.09 0 1.13 0 0 2.63 1.37 1.6 0.43 1.02 0 0 1.99 1.84 5.27 1.88 1.98 0.23 0 1.1 1.99 0 1.72 1.41 0 2.54 0.75 2.71 2.9 1.6 0.98 0 2.73 3.58 1.56 1.0 0 2.03 1.41 1.51 2.4 0.7 0 0 0 1.49 3.26 4.52 1.69 0.0 1.36 0 0.67 0 
51 0 1.69 0 0.17 0.99 0 0.37 1.42 1.6 0.78 1.79 2.22 0.22 0 0 0.6 0.31 0 1.6 0 0 1.85 2.45 1.29 0.37 1.66 0 0 1.42 1.02 0 0 0.25 0 0.82 0 1.49 0 1.97 1.29 0.68 1.66 3.55 2.91 1.13 0 1.36 1.91 1.6 1.05 1.36 0.0 0.42 0 0.63 
52 0 4.43 0 2.03 0 0.3 0.35 1.13 0.89 0 2.92 1.66 0 0.13 1.23 0.63 2.03 0.35 0.8 0.2 0 0 0 1.72 2.9 4.23 0.25 0 3.67 1.13 0.99 4.14 1.37 0 0.07 0.47 0.47 1.42 1.72 3.01 0 2.83 5.7 0.7 0 0.13 0.47 0 0.3 0.7 0 0.42 0.0 2.41 0.8 
53 1.36 1.88 1.41 1.41 1.48 1.45 1.91 0.75 0 1.79 2.15 0.13 1.23 0.38 0.43 1.29 3.67 0.98 1.8 1.04 5.57 2.77 3.2 6.59 1.96 1.49 0.66 2.91 1.76 1.21 2.03 3.8 1.29 3.76 2.15 0.43 2.9 0.7 1.52 0.98 0 0 0.97 3.33 0 2.54 0.59 0 4.56 5.95 0.67 0 2.41 0.0 1.23 
54 1.06 1.88 3.2 2.83 0.37 2.26 0.57 2.41 0.74 0 3.39 0 2.03 0.89 2.03 0 0 1.33 5.55 0.49 0.45 0 0 0 0 2.15 1.6 1.22 0 1.29 1.72 0 2.83 0 0.28 1.9 2.03 2.45 1.25 0 0 5.65 0 2.15 4.33 0.33 0.99 2.92 0 0 0 0.63 0.8 1.23 0.0 

;