set O:= 0;
set N:= 1 2 3 4 5 6 7 8 9 10 11 12 13 14 15 16 17 18 19 20 21 22 23 24 25 26 27 28 29 30 31 32 33 34 35 36 37 38 39 40 41 42 43 44 45 46 47 48 49 50 51 52 53 54 55 56 57 58 59;
set K:= 1 2 3 4 5 6 7 8 9 10;
param V:= 10;
param cp:= 120;
param dm:= 2.0;
param o:=
0 0
1 18
2 26
3 11
4 30
5 21
6 19
7 15
8 16
9 29
10 26
11 37
12 16
13 12
14 31
15 8
16 19
17 20
18 13
19 15
20 22
21 28
22 12
23 6
24 27
25 14
26 18
27 17
28 29
29 13
30 22
31 25
32 28
33 27
34 19
35 10
36 12
37 14
38 24
39 16
40 33
41 15
42 11
43 18
44 17
45 21
46 27
47 19
48 20
49 5
50 22
51 12
52 19
53 22
54 16
55 7
56 26
57 14
58 21
59 24
;
param c[*,*]
: 0 1 2 3 4 5 6 7 8 9 10 11 12 13 14 15 16 17 18 19 20 21 22 23 24 25 26 27 28 29 30 31 32 33 34 35 36 37 38 39 40 41 42 43 44 45 46 47 48 49 50 51 52 53 54 55 56 57 58 59:=
0 0 6 5 5 5 9 3 5 5416 10 38 13 9 7944 12 7539 7 2889 8 9 13 7539 13 9 9 29 2 23 8666 7 6 27 12 3775 7 6499 9214 8935 38 10 20 16 7994 9 6 6 4 8 29 9 7 5 6 7944 39 12 9 40 7 13 
1 6 0 4 6422 7 12 7 9 14443 17 21 12 28 15 12 14 4 5 9 10436 15 6 2 11 14 9326 6661 16 4 7 5 22 11 1776 11915 11 9493 10610 36 15 6439 5 3 1332 7259 7 51 7818 12 5026 15 16 12638 13 22 11 4 19 30 18 
2 5 4 0 7 3350 6 3 7539 12 12277 14 24 9027 10 22 29 5026 13 10 19 8935 5 3553 11 9214 10 7 7222 11 18 2 23 8 2220 14 8376 8 9 14804 14 9 7 21 5 29 3909 8 19 7 15 9 6 8 13 49 14 6661 10471 25 7259 
3 5 6422 7 0 8 12 6 8 12277 10 10110 22 17 17 12 51 5 3350 3553 23 19 11 9 6 5 4 5584 12638 8935 10051 8 23 9 18 42 19 13402 17 15 7 3 10 35 7259 838 9 14 46 13 3 2665 6 11915 13 16609 24 28 21 17 28 
4 5 7 3350 8 0 6 5 4188 6 43 12 11 6499 7 30 7 27 11 9104 7 8097 12 6439 8 13 11 3972 3611 5863 3071 3 15526 9 4 2528 5 9 7 11193 10471 30 8216 8 15 8 2 4 11 16 18 8 5777 3 13 9 12 9 15 36 8655 
5 9 12 6 12 6 0 7259 17 28 69 17332 14 10051 6 13 2 10331 9 18 9 3350 3630 8097 25 30 18 16 4 22 7 3630 27 51 8376 11 9 11 2 17 19 10889 48 11168 22 15 3 7 2 1954 16 15 11 6 13 6701 37 13681 3350 61 4 
6 3 7 3 6 5 7259 0 9 17 36 11554 14 25 12 13360 8 4 7 14 23 12 8 5 4885 8 8 6 10 8 7222 4333 15 6 1776 13 12 9 9214 15 19 12 6 5773 5 5 12 8 6980 6860 5863 6217 2166 8 22 14 12 6217 23 12 12 
7 5 9 7539 8 4188 17 9 0 2528 9027 26 13 6 9 3 7818 9 13 9 3 10889 41 9770 9770 13 9 3 23 41 8 6980 12 31 28 4 4 11168 10051 12 8 7222 14 12 11 8097 7 3 9772 32 44 16 8305 17 7 6860 20 11 9749 6 13 
8 5416 14443 12 12277 6 28 17 2528 0 23 10 7 14 5 9 6 13 10 13 10 9 10 31 16971 19 37 20 4 13 7 7944 16 11915 24 10 7 12 10 8 10471 18 23 36 33 15 22 2 8376 9027 17 18 9388 2528 4 9 14 18776 14 8 11 
9 10 17 12277 10 43 69 36 9027 23 0 7 13 5 16 12999 36 33 5777 8 13360 27 22 16609 15 9 5 6860 14 19 15165 17 6138 2528 43 22 12 25 19859 7944 1444 3250 64 18 19 4333 13360 11 20 31 9027 8 14 14 42 18 9 18 23 6 21665 
10 38 21 14 10110 12 17332 11554 26 10 7 0 6 5416 14 10 34 16 10 23 10110 42 38 19498 16971 14443 17 8 16 18054 59 58 6 7944 56 12 9 21 78 2528 3972 7 40 41 19 19 13 10 23 18 16 19 10471 45 6138 52 14 19137 16609 2 28 
11 13 12 24 22 11 14 14 13 7 13 6 0 11 14 3 11 12285 12 10214 16 14519 16 13101 25 15 11 8 14 58 12 11168 19 39 10214 9027 3331 17 17 4 36 21 18 18 27 42 9772 10 14 14 56 9 12999 19 2 9 40 56 14082 7 17 
12 9 28 9027 17 6499 10051 25 6 14 5 5416 11 0 11 39 42 22 5 5773 19 15 44 10 8 8097 4885 5 9388 13 10832 9 11 5 10 26 14 13 12 14 4 2 36 37 8216 5 18 6 10889 13 8 4 9 9 7222 11915 6883 11 55 4 55 
13 7944 15 10 17 7 6 12 9 5 16 14 14 11 0 7944 3071 14804 12 25 19 12 16 30 18 20 24 8305 2528 48 5 8 18415 17 16 6 7 15 22 25 16 12638 38 23 69 62 19 5 6 27 18 23 13 3 9 2528 13767 20220 3 13 9214 
14 12 12 22 12 30 13 13360 3 9 12999 10 3 39 7944 0 9214 51 14 11769 2 15 13123 12435 16 63 10 8 9 55 9 11 12999 45 9992 7222 8 13123 12 7 14 12 18 56 52 46 8097 6499 12 13 16 21 17 14 3 5777 15 18 43 7944 17 
15 7539 14 29 51 7 2 8 7818 6 36 34 11 42 3071 9214 0 15 12 34 7 2792 7 13 28 32 17 8376 3 10 3 5305 24 13681 20 5584 7259 4 3 16 69 14 13960 54 12844 52 3630 23 4188 4 57 15636 20 9 12 5 19 17 1117 15 6 
16 7 4 5026 5 27 10331 4 9 13 33 16 12285 22 14804 51 15 0 3909 20 11727 14 8935 8 4 4 25 6 12277 7 9 6701 59 19 9 10471 40 23 25 56 10 5 7 8 4747 4 32 22 12 8376 5 4441 9 11915 44 17 16 5 64 43 13 
17 2889 5 13 3350 11 9 7 13 10 5777 10 12 5 12 14 12 3909 0 5773 13 14 10 28 7 7259 5551 3 10 20 12 7 23 4 4 8 7944 14 11 9388 6 2 9 7550 7 4 9 26 18 11 23 4663 3 15 36 49 15 7328 14 12 13 
18 8 9 10 3553 9104 18 14 9 13 8 23 10214 5773 25 11769 34 20 5773 0 47 19545 15 10 6217 12 2 7 11 42 46 9992 10471 3 14 20 13 71 20 18 8 19 8660 9 9 3109 10658 11 64 14 4 3 23 13 20 13101 4 7 13989 22 18 
19 9 10436 19 23 7 9 23 3 10 13360 10110 16 19 19 2 7 11727 13 47 0 12 44 12 12 15356 21 15 5416 13 13 9 15 12 18 6 2 11 10 33 15 46 14 13 12 11448 7 5 39 34 16 12 14 5 10 6 25 13323 8 9027 16 
20 13 15 8935 19 8097 3350 12 10889 9 27 42 14519 15 12 15 2792 14 14 19545 12 0 25 12 15636 23 19545 11168 6143 35 10 8 51 16194 23 34 10 4 7 79 21 56 30 14 13960 20 7 17 4 7 16 23 14 7 12285 9 44 19 15 21 5 
21 7539 6 5 11 12 3630 8 41 10 22 38 16 44 16 13123 7 8935 10 15 44 25 0 6 13 15 32 37 26 3 4 4 26 13 6701 7539 10610 3 5 19137 17693 12 9 9 8 14 6 32 3 4 14 28 8376 7 25 11 18 10889 7 68 3 
22 13 2 3553 9 6439 8097 5 9770 31 16609 19498 13101 10 30 12435 13 8 28 10 12 12 6 0 4663 11 11 8 12638 2 13 4663 45 45 4 52 13 10 38 23 21 33 3 5 5 12 13 17 27 5107 9 10 23 13 23 18 16 5107 15 22 28 
23 9 11 11 6 8 25 4885 9770 16971 15 16971 25 8 18 16 28 4 7 6217 12 15636 13 4663 0 4 16 8 15887 7 9104 7106 18776 15 4 58 10880 16 17 38 13 7 10 12 4 25 8660 15165 11448 33 2792 25 4663 64 11546 26 9 1 22 15526 25 
24 9 14 9214 5 13 30 8 13 19 9 14443 15 8097 20 63 32 4 7259 12 15356 23 15 11 4 0 6 19 17332 10610 17 11 18 6 8 16 13402 32 33 16609 20 27 9 34 28 4 25 15887 57 14 1954 3331 12 16971 17 24 7 5 43 17 16 
25 29 9326 10 4 11 18 8 9 37 5 17 11 4885 24 10 17 25 5551 2 21 19545 32 11 16 6 0 7 12 13 11324 10 13 3 16 8882 18 23 18149 14 5 4219 21 12 11 4 13 9 18 11769 5773 2 24 9992 17 24 8 36 13 33 24 
26 2 6661 7 5584 3972 16 6 3 20 6860 8 8 5 8305 8 8376 6 3 7 15 11168 37 8 8 19 7 0 8 10832 32 7222 14 6 10 4 20 13 40 29 25 3972 11 18 7994 5584 6499 7 8935 18 8 5995 5 11 25 9388 11 8882 10832 5055 13 
27 23 16 7222 12638 3611 4 10 23 4 14 16 14 9388 2528 9 3 12277 10 11 5416 6143 26 12638 15887 17332 12 8 0 9388 2889 6 17332 17 13 2528 12 6701 5305 12 52 10 18 18 19 26 2166 6 5305 20 31 12 12 1 8305 19 25 18 5 22 10 
28 8666 4 11 8935 5863 22 8 41 13 19 18054 58 13 48 55 10 7 20 42 13 35 3 2 7 10610 13 10832 9388 0 21 7 21665 12 4 11 44 5 8 23 20 14 6 5 5 9493 22 10832 8 15 9 39 8305 10471 16 14 15 6661 11193 20 6 
29 7 7 18 10051 3071 7 7222 8 7 15165 59 12 10832 5 9 3 9 12 46 13 10 4 13 9104 17 11324 32 2889 21 0 10 19 22 6 20 6701 5 4 14 16 23 36 11 32 12 1117 6 12 2 46 42 38 4333 11 30 13323 10 5 16 6 
30 6 5 2 8 3 3630 4333 6980 7944 17 58 11168 9 8 11 5305 6701 7 9992 9 8 4 4663 7106 11 10 7222 6 7 10 0 18 38 4 22 29 21 11 29 52 11 8 13 7 35 3 7 7 8 12 18 8 12 18 20 15 33 32 49 6422 
31 27 22 23 23 15526 27 15 12 16 6138 6 19 11 18415 12999 24 59 23 10471 15 51 26 45 18776 18 13 14 17332 21665 19 18 0 17 68 16 51 31 27 26 6 9388 44 29 84 13 22 16 91 21 17 18 13 64 10832 18 7583 81 43 7 53 
32 12 11 8 9 9 51 6 31 11915 2528 7944 39 5 17 45 13681 19 4 3 12 16194 13 45 15 6 3 6 17 12 22 38 17 0 7 22 9 16 18 10 3611 9 10 14 9493 3 13 11193 13123 11448 6 2 5 25 18 66 9 9 18 14 20 
33 3775 1776 2220 18 4 8376 1776 28 24 43 56 10214 10 16 9992 20 9 4 14 18 23 6701 4 4 8 16 10 13 4 6 4 68 7 0 10 8 9214 10051 17 22 4663 3997 3997 3 6 21 11 8 5 5 6439 2 10 36 15 11 4441 56 15 9493 
34 7 11915 14 42 2528 11 13 4 10 22 12 9027 26 6 7222 5584 10471 8 20 6 34 7539 52 58 16 8882 4 2528 11 20 22 16 22 10 0 5 10 8 38 40 8 32 62 56 22 7 3 6980 27 13721 8438 30 2 6138 7 22 21 9 10 11 
35 6499 11 8376 19 5 9 12 4 7 12 9 3331 14 7 8 7259 40 7944 13 2 10 10610 13 10880 13402 18 20 12 44 6701 29 51 9 8 5 0 45 20 6 9388 36 48 15 10880 9 6 3 12 16 12 18 10 5 3 5416 44 14 18 7 51 
36 9214 9493 8 13402 9 11 9 11168 12 25 21 17 13 15 13123 4 23 14 71 11 4 3 10 16 32 23 13 6701 5 5 21 31 16 9214 10 45 0 2 20220 79 13 15 11 44 14 5584 10 1675 3350 13960 21 42 10 26 37 21 14 22 18415 2 
37 8935 10610 9 17 7 2 9214 10051 10 19859 78 17 12 22 12 3 25 11 20 10 7 5 38 17 33 18149 40 5305 8 4 11 27 18 10051 8 20 2 0 18776 24 26 17 14 14 57 20 31 3 3630 14798 17 14 26 13 7259 26 60 7 22 8 
38 38 36 14804 15 11193 17 15 12 8 7944 2528 4 14 25 7 16 56 9388 18 33 79 19137 23 38 16609 14 29 12 23 14 29 26 10 17 38 6 20220 18776 0 8 8305 24 22026 20220 45 12999 11 37 18 15887 48 11554 20 4333 14 15 23 15165 4 25 
39 10 15 14 7 10471 19 19 8 10471 1444 3972 36 4 16 14 69 10 6 8 15 21 17693 21 13 20 5 25 52 20 16 52 6 3611 22 40 9388 79 24 8 0 4 33 17332 17 22 12999 12 20 15165 11 5416 30 11554 18 15 8 19 17332 7 85 
40 20 6439 9 3 30 10889 12 7222 18 3250 7 21 2 12638 12 14 5 2 19 46 56 12 33 7 27 4219 3972 10 14 23 11 9388 9 4663 8 36 13 26 8305 4 0 8216 11 15 3 40 7944 45 12 5863 3553 3972 10 10 15 7 7550 30 10 13960 
41 16 5 7 10 8216 48 6 14 23 64 40 18 36 38 18 13960 7 9 8660 14 30 9 3 10 9 21 11 18 6 36 8 44 10 3997 32 48 15 17 24 33 8216 0 1 1 18 9 18 10610 32 7 17 12 33 13 87 24 2 24 18 12 
42 7994 3 21 35 8 11168 5773 12 36 18 41 18 37 23 56 54 8 7550 9 13 14 9 5 12 34 12 18 18 5 11 13 29 14 3997 62 15 11 14 22026 17332 11 1 0 1 11 8 16248 20 7328 6701 10 6217 16248 14 21 25 4 18415 18776 13 
43 9 1332 5 7259 15 22 5 11 33 19 19 27 8216 69 52 12844 4747 7 9 12 13960 8 5 4 28 11 7994 19 5 32 7 84 9493 3 56 10880 44 14 20220 17 15 1 1 0 10 7772 15 9 7106 5 8 5107 17 24 25 11324 5 20 16971 10 
44 6 7259 29 838 8 15 5 8097 15 4333 19 42 5 62 46 52 4 4 3109 11448 20 14 12 25 4 4 5584 26 9493 12 35 13 3 6 22 9 14 57 45 22 3 18 11 10 0 9 11 24 13 3630 2 3350 14 10 16609 21 9 69 7944 58 
45 6 7 3909 9 2 3 12 7 22 13360 13 9772 18 19 8097 3630 32 9 10658 7 7 6 13 8660 25 13 6499 2166 22 1117 3 22 13 21 7 6 5584 20 12999 12999 40 9 8 7772 9 0 17 4 3 10610 11 10 3 30 8 12435 20 22 11193 7259 
46 4 51 8 14 4 7 8 3 2 11 10 10 6 5 6499 23 22 26 11 5 17 32 17 15165 15887 9 7 6 10832 6 7 16 11193 11 3 3 10 31 11 12 7944 18 16248 15 11 17 0 7539 30 56 17 7944 7 7 12 44 35 7222 7583 11 
47 8 7818 19 46 11 2 6980 9772 8376 20 23 14 10889 6 12 4188 12 18 64 39 4 3 27 11448 57 18 8935 5305 8 12 7 91 13123 8 6980 12 1675 3 37 20 45 10610 20 9 24 4 7539 0 2 12285 59 8655 6 12 8655 38 13 5305 16609 3 
48 29 12 7 13 16 1954 6860 32 9027 31 18 14 13 27 13 4 8376 11 14 34 7 4 5107 33 14 11769 18 20 15 2 8 21 11448 5 27 16 3350 3630 18 15165 12 32 7328 7106 13 3 30 2 0 22 10658 9388 8 10051 10 15 12 8 56 6 
49 9 5026 15 3 18 16 5863 44 17 9027 16 56 8 18 16 57 5 23 4 16 16 14 9 2792 1954 5773 8 31 9 46 12 17 6 5 13721 12 13960 14798 15887 11 5863 7 6701 5 3630 10610 56 12285 22 0 3997 4747 30 13123 22 7106 4 78 12638 28 
50 7 15 9 2665 8 15 6217 16 18 8 19 9 4 23 21 15636 4441 4663 3 12 23 28 10 25 3331 2 5995 12 39 42 18 18 2 6439 8438 18 21 17 48 5416 3553 17 10 8 2 11 17 59 10658 3997 0 20 9 11 12 3 28 13 9027 69 
51 5 16 6 6 5777 11 2166 8305 9388 14 10471 12999 9 13 17 20 9 3 23 14 14 8376 23 4663 12 24 5 12 8305 38 8 13 5 2 30 10 42 14 11554 30 3972 12 6217 5107 3350 10 7944 8655 9388 4747 20 0 18 14 27 16 6 13 9 45 
52 6 12638 8 11915 3 6 8 17 2528 14 45 19 9 3 14 9 11915 15 13 5 7 7 13 64 16971 9992 11 1 10471 4333 12 64 25 10 2 5 10 26 20 11554 10 33 16248 17 14 3 7 6 8 30 9 18 0 6860 9 15 20 5416 9388 11 
53 7944 13 13 13 13 13 22 7 4 42 6138 2 7222 9 3 12 44 36 20 10 12285 25 23 11546 17 17 25 8305 16 11 18 10832 18 36 6138 3 26 13 4333 18 10 13 14 24 10 30 7 12 10051 13123 11 14 6860 0 14 13 16 11193 5 30 
54 39 22 49 16609 9 6701 14 6860 9 18 52 9 11915 2528 5777 5 17 49 13101 6 9 11 18 26 24 24 9388 19 14 30 20 18 66 15 7 5416 37 7259 14 15 15 87 21 25 16609 8 12 8655 10 22 12 27 9 14 0 14 23 10 48 11 
55 12 11 14 24 12 37 12 20 14 9 14 40 6883 13767 15 19 16 15 4 25 44 18 16 9 7 8 11 25 15 13323 15 7583 9 11 22 44 21 26 15 8 7 24 25 11324 21 12435 44 38 15 7106 3 16 15 13 14 0 10 15321 11193 24 
56 9 4 6661 28 9 13681 6217 11 18776 18 19137 56 11 20220 18 17 5 7328 7 13323 19 10889 5107 1 5 36 8882 18 6661 10 33 81 9 4441 21 14 14 60 23 19 7550 2 4 5 9 20 35 13 12 4 28 6 20 16 23 10 0 43 17332 27 
57 40 19 10471 21 15 3350 23 9749 14 23 16609 14082 55 3 43 1117 64 14 13989 8 15 7 15 22 43 13 10832 5 11193 5 32 43 18 56 9 18 22 7 15165 17332 30 24 18415 20 69 22 7222 5305 8 78 13 13 5416 11193 10 15321 43 0 16 9 
58 7 30 25 17 36 61 12 6 8 6 2 7 4 13 7944 15 43 12 22 9027 21 68 22 15526 17 33 5055 22 20 16 49 7 14 15 10 7 18415 22 4 7 10 18 18776 16971 7944 11193 7583 16609 56 12638 9027 9 9388 5 48 11193 17332 16 0 20 
59 13 18 7259 28 8655 4 12 13 11 21665 28 17 55 9214 17 6 13 13 18 16 5 3 28 25 16 24 13 10 6 6 6422 53 20 9493 11 51 2 8 25 85 13960 12 13 10 58 7259 11 3 6 28 69 45 11 30 11 24 27 9 20 0 

;param cto[*,*]
: 0 1 2 3 4 5 6 7 8 9 10 11 12 13 14 15 16 17 18 19 20 21 22 23 24 25 26 27 28 29 30 31 32 33 34 35 36 37 38 39 40 41 42 43 44 45 46 47 48 49 50 51 52 53 54 55 56 57 58 59:=
0 0 46 44 45 39 42 43 44 40 42 42 43 40 42 43 43 41 39 48 42 44 43 43 43 48 44 39 41 42 41 40 44 42 41 40 41 44 44 42 42 40 44 44 43 41 40 44 42 41 43 43 40 40 42 43 45 44 43 45 44 
1 46 0 40 42 42 44 41 49 45 44 46 51 43 49 51 45 44 46 44 46 46 46 43 40 42 45 43 44 40 47 42 47 43 39 44 46 44 45 47 45 43 40 40 39 42 43 44 43 42 41 44 41 44 46 46 50 41 46 45 44 
2 44 40 0 46 40 41 43 43 42 44 49 46 42 46 45 42 41 41 45 44 44 40 41 42 44 45 45 41 40 41 43 47 47 40 41 43 42 42 45 44 46 42 42 42 42 40 45 41 40 42 44 40 45 44 44 47 43 43 44 42 
3 45 42 46 0 42 49 41 47 44 40 43 45 40 45 49 46 39 40 41 45 47 49 47 41 40 45 41 44 44 44 47 44 39 41 43 44 46 47 44 41 40 43 43 42 38 47 43 45 44 44 40 40 44 44 46 43 42 46 42 47 
4 39 42 40 42 0 41 40 40 40 43 43 43 41 41 43 41 42 40 45 42 43 42 43 48 45 45 40 40 42 40 43 46 43 45 39 45 42 46 43 43 42 44 48 44 46 39 39 41 40 44 48 41 43 42 42 47 49 42 42 43 
5 42 44 41 49 41 0 42 43 42 46 46 46 44 41 44 39 44 47 48 43 40 40 43 46 47 48 43 40 41 39 40 49 46 43 41 43 40 43 50 46 45 46 45 45 46 44 42 39 39 46 51 44 41 44 42 50 47 40 45 44 
6 43 41 43 41 40 42 0 42 42 42 44 48 41 43 44 47 40 40 44 44 45 42 42 42 43 44 40 42 41 41 40 49 45 39 41 43 47 44 44 42 41 46 42 46 45 41 41 42 41 42 43 39 42 43 44 45 43 44 42 44 
7 44 49 43 47 40 43 42 0 39 42 41 40 40 41 40 43 47 41 49 44 45 44 46 46 46 44 43 41 44 42 42 47 43 43 40 39 45 44 41 46 41 47 47 46 43 41 39 44 43 45 44 42 40 39 41 46 51 43 40 50 
8 40 45 42 44 40 42 42 39 0 44 42 45 41 40 40 46 48 42 46 39 47 44 46 46 46 45 40 44 48 45 42 45 44 44 39 39 44 43 46 43 42 47 47 46 44 40 42 43 42 46 45 42 39 44 40 47 47 41 42 49 
9 42 44 44 40 43 46 42 42 44 0 40 43 40 49 44 47 42 41 41 44 49 47 46 44 46 40 41 48 46 45 44 41 39 43 43 43 48 48 42 38 39 46 46 45 40 44 47 47 46 42 40 41 44 43 46 41 45 47 40 49 
10 42 46 49 43 43 46 44 41 42 40 0 40 40 48 42 46 44 42 44 43 48 47 47 46 45 42 41 44 47 45 45 40 42 45 43 42 52 47 39 40 41 48 48 51 42 48 42 47 46 45 42 43 43 41 44 43 47 46 43 49 
11 43 51 46 45 43 46 48 40 45 43 40 0 42 43 40 49 46 43 46 41 47 47 48 48 51 45 46 43 47 45 45 42 44 46 42 40 48 47 39 42 43 49 49 49 45 44 42 51 46 47 49 44 43 39 46 46 49 45 40 53 
12 40 43 42 40 41 44 41 40 41 40 40 42 0 47 43 45 41 39 42 43 46 45 45 44 43 42 39 42 48 43 46 42 40 42 41 41 50 49 41 43 39 45 45 44 40 42 45 45 44 42 45 40 42 41 44 43 45 45 43 47 
13 42 49 46 45 41 41 43 41 40 49 48 43 47 0 42 40 45 43 48 40 42 43 45 51 51 47 42 39 44 44 45 47 46 44 40 41 42 41 44 45 44 47 47 46 46 40 40 46 41 51 47 44 39 42 39 49 48 39 44 44 
14 43 51 45 49 43 44 44 40 40 44 42 40 43 42 0 44 46 43 47 43 46 46 48 48 48 50 46 46 47 47 44 44 45 46 41 39 46 49 41 44 47 49 49 48 45 43 41 49 45 47 46 44 41 39 41 47 49 43 42 47 
15 43 45 42 46 41 39 47 43 46 47 46 49 45 40 44 0 45 44 49 46 40 42 44 47 48 52 43 44 43 40 41 49 47 44 41 42 44 39 49 46 45 47 46 46 46 40 42 40 44 47 48 44 41 44 41 54 48 38 49 46 
16 41 44 41 39 42 44 40 47 48 42 44 46 41 45 46 45 0 40 42 45 51 44 42 40 44 43 46 44 46 47 42 45 41 39 43 44 45 46 45 42 41 42 42 41 40 43 43 44 43 39 41 39 44 45 50 44 45 46 43 46 
17 39 46 41 40 40 47 40 41 42 41 42 43 39 43 43 44 40 0 42 43 46 44 43 43 42 42 43 42 43 42 45 44 44 41 41 42 45 49 42 44 43 44 44 47 40 42 41 44 43 42 42 39 42 42 44 44 44 44 41 46 
18 48 44 45 41 45 48 44 49 46 41 44 46 42 48 47 49 42 42 0 47 50 51 50 43 40 44 48 51 46 47 46 43 44 43 46 46 49 49 45 42 42 45 49 44 40 46 46 48 47 45 39 42 46 46 48 40 47 49 43 53 
19 42 46 44 45 42 43 44 44 39 44 43 41 43 40 43 46 45 43 47 0 44 45 47 51 48 46 42 40 45 42 43 49 45 45 40 43 48 44 42 44 44 48 52 51 45 42 40 44 43 47 46 44 40 40 39 48 49 45 42 46 
20 44 46 44 47 43 40 45 45 47 49 48 47 46 42 46 40 51 46 50 44 0 42 45 48 49 50 45 42 43 41 42 51 48 45 43 48 40 39 48 52 47 47 51 47 48 42 43 44 41 52 50 46 46 46 43 52 49 40 47 45 
21 43 46 40 49 42 40 42 44 44 47 47 47 45 43 46 42 44 44 51 45 42 0 41 44 46 48 44 42 43 44 40 49 50 42 43 45 40 41 47 47 45 47 43 47 45 41 43 39 39 45 47 43 46 46 44 53 45 46 46 43 
22 43 43 41 47 43 43 42 46 46 46 47 48 45 45 48 44 42 43 50 47 45 41 0 42 44 51 48 44 39 43 42 49 45 41 44 46 43 44 48 46 44 44 40 40 44 43 45 42 42 43 49 42 48 47 50 48 42 49 47 42 
23 43 40 42 41 48 46 42 46 46 44 46 48 44 51 48 47 40 43 43 51 48 44 42 0 44 44 44 46 42 45 44 47 43 40 45 47 46 47 47 48 43 40 40 40 42 45 45 45 44 40 43 42 46 47 48 49 42 47 46 46 
24 48 42 44 40 45 47 43 46 46 46 45 51 43 51 48 48 44 42 40 48 49 46 44 44 0 42 44 46 45 46 49 45 41 42 49 46 48 48 46 43 42 42 43 42 40 46 46 47 46 39 40 42 46 47 49 43 45 49 44 52 
25 44 45 45 45 45 48 44 44 45 40 42 45 42 47 50 52 43 42 44 46 50 48 51 44 42 0 47 46 47 47 50 41 40 44 45 45 49 49 43 44 41 46 47 46 41 46 49 48 47 42 39 43 46 45 48 39 45 52 42 50 
26 39 43 45 41 40 43 40 43 40 41 41 46 39 42 46 43 46 43 48 42 45 44 48 44 44 47 0 41 43 42 41 43 41 42 43 40 45 44 41 41 40 45 45 44 41 41 40 44 42 47 43 40 40 41 42 45 45 43 40 45 
27 41 44 41 44 40 40 42 41 44 48 44 43 42 39 46 44 44 42 51 40 42 42 44 46 46 46 41 0 42 39 40 46 45 43 39 41 42 41 47 44 47 46 46 45 44 39 39 41 40 46 46 42 42 42 40 48 50 40 43 43 
28 42 40 40 44 42 41 41 44 48 46 47 47 48 44 47 43 46 43 46 45 43 43 39 42 45 47 43 42 0 41 40 49 45 40 43 45 45 42 47 46 44 42 41 41 44 41 43 40 40 47 46 42 43 46 49 48 43 43 46 41 
29 41 47 41 44 40 39 41 42 45 45 45 45 43 44 47 40 47 42 47 42 41 44 43 45 46 47 42 39 41 0 39 51 45 42 40 42 41 40 49 45 44 45 45 44 45 38 44 40 43 45 46 42 40 43 42 49 50 44 44 46 
30 40 42 43 47 43 40 40 42 42 44 45 45 46 45 44 41 42 45 46 43 42 40 42 44 49 50 41 40 40 39 0 51 44 45 40 42 41 41 45 44 43 44 43 43 43 39 41 40 39 44 45 41 41 44 43 48 44 42 44 42 
31 44 47 47 44 46 49 49 47 45 41 40 42 42 47 44 49 45 44 43 49 51 49 49 47 45 41 43 46 49 51 51 0 42 46 45 44 50 50 41 41 42 49 49 48 43 47 45 49 52 45 42 48 46 43 51 42 48 48 41 51 
32 42 43 47 39 43 46 45 43 44 39 42 44 40 46 45 47 41 44 44 45 48 50 45 43 41 40 41 45 45 45 44 42 0 46 43 48 47 47 47 40 39 48 45 44 39 44 43 46 45 41 39 40 44 44 46 41 47 51 41 48 
33 41 39 40 41 45 43 39 43 44 43 45 46 42 44 46 44 39 41 43 45 45 42 41 40 42 44 42 43 40 42 45 46 46 0 42 48 44 44 45 43 42 41 41 44 41 42 43 46 46 41 43 40 47 45 49 46 41 45 44 44 
34 40 44 41 43 39 41 41 40 39 43 43 42 41 40 41 41 43 41 46 40 43 43 44 45 49 45 43 39 43 40 40 45 43 42 0 40 43 42 42 43 46 46 46 45 43 40 38 42 41 45 45 42 38 41 41 47 46 41 42 44 
35 41 46 43 44 45 43 43 39 39 43 42 40 41 41 39 42 44 42 46 43 48 45 46 47 46 45 40 41 45 42 42 44 48 48 40 0 45 44 45 42 42 47 47 47 48 45 43 44 43 49 45 47 40 39 40 47 48 42 41 46 
36 44 44 42 46 42 40 47 45 44 48 52 48 50 42 46 44 45 45 49 48 40 40 43 46 48 49 45 42 45 41 41 50 47 44 43 45 0 39 48 48 50 45 49 45 51 41 44 39 40 47 49 45 43 46 44 55 51 41 47 43 
37 44 45 42 47 46 43 44 44 43 48 47 47 49 41 49 39 46 49 49 44 39 41 44 47 48 49 44 41 42 40 41 50 47 44 42 44 39 0 47 47 46 46 46 46 47 41 43 40 40 47 52 45 42 45 42 51 47 40 47 40 
38 42 47 45 44 43 50 44 41 46 42 39 39 41 44 41 49 45 42 45 42 48 47 48 47 46 43 41 47 47 49 45 41 47 45 42 45 48 47 0 41 42 49 49 48 43 44 42 47 46 46 44 44 43 40 44 44 48 45 39 49 
39 42 45 44 41 43 46 42 46 43 38 40 42 43 45 44 46 42 44 42 44 52 47 46 48 43 44 41 44 46 45 44 41 40 43 43 42 48 47 41 0 43 46 46 46 40 44 43 47 45 43 40 42 44 42 49 46 45 46 40 48 
40 40 43 46 40 42 45 41 41 42 39 41 43 39 44 47 45 41 43 42 44 47 45 44 43 42 41 40 47 44 44 43 42 39 42 46 42 50 46 42 43 0 44 45 44 39 43 42 45 48 42 41 40 42 42 45 43 44 45 40 47 
41 44 40 42 43 44 46 46 47 47 46 48 49 45 47 49 47 42 44 45 48 47 47 44 40 42 46 45 46 42 45 44 49 48 41 46 47 45 46 49 46 44 0 42 38 44 49 46 45 44 42 45 43 46 52 49 47 40 47 51 45 
42 44 40 42 43 48 45 42 47 47 46 48 49 45 47 49 46 42 44 49 52 51 43 40 40 43 47 45 46 41 45 43 49 45 41 46 47 49 46 49 46 45 42 0 42 44 48 46 44 44 42 45 43 46 48 52 48 40 47 47 44 
43 43 39 42 42 44 45 46 46 46 45 51 49 44 46 48 46 41 47 44 51 47 47 40 40 42 46 44 45 41 44 43 48 44 44 45 47 45 46 48 46 44 38 42 0 43 44 49 48 44 45 48 42 45 47 48 47 40 47 46 48 
44 41 42 42 38 46 46 45 43 44 40 42 45 40 46 45 46 40 40 40 45 48 45 44 42 40 41 41 44 44 45 43 43 39 41 43 48 51 47 43 40 39 44 44 43 0 48 47 46 45 40 43 40 44 48 46 42 43 46 42 47 
45 40 43 40 47 39 44 41 41 40 44 48 44 42 40 43 40 43 42 46 42 42 41 43 45 46 46 41 39 41 38 39 47 44 42 40 45 41 41 44 44 43 49 48 44 48 0 40 44 39 45 46 42 39 43 41 48 46 40 43 42 
46 44 44 45 43 39 42 41 39 42 47 42 42 45 40 41 42 43 41 46 40 43 43 45 45 46 49 40 39 43 44 41 45 43 43 38 43 44 43 42 43 42 46 46 49 47 40 0 43 42 45 45 42 39 40 41 47 46 41 42 48 
47 42 43 41 45 41 39 42 44 43 47 47 51 45 46 49 40 44 44 48 44 44 39 42 45 47 48 44 41 40 40 40 49 46 46 42 44 39 40 47 47 45 45 44 48 46 44 43 0 39 46 47 43 46 49 43 50 50 41 46 44 
48 41 42 40 44 40 39 41 43 42 46 46 46 44 41 45 44 43 43 47 43 41 39 42 44 46 47 42 40 40 43 39 52 45 46 41 43 40 40 46 45 48 44 44 44 45 39 42 39 0 45 46 42 41 44 46 49 45 41 45 41 
49 43 41 42 44 44 46 42 45 46 42 45 47 42 51 47 47 39 42 45 47 52 45 43 40 39 42 47 46 47 45 44 45 41 41 45 49 47 47 46 43 42 42 42 45 40 45 45 46 45 0 41 41 45 46 48 44 44 47 44 47 
50 43 44 44 40 48 51 43 44 45 40 42 49 45 47 46 48 41 42 39 46 50 47 49 43 40 39 43 46 46 46 45 42 39 43 45 45 49 52 44 40 41 45 45 48 43 46 45 47 46 41 0 42 49 45 51 44 44 52 42 49 
51 40 41 40 40 41 44 39 42 42 41 43 44 40 44 44 44 39 39 42 44 46 43 42 42 42 43 40 42 42 42 41 48 40 40 42 47 45 45 44 42 40 43 43 42 40 42 42 43 42 41 42 0 42 43 45 44 42 48 42 45 
52 40 44 45 44 43 41 42 40 39 44 43 43 42 39 41 41 44 42 46 40 46 46 48 46 46 46 40 42 43 40 41 46 44 47 38 40 43 42 43 44 42 46 46 45 44 39 39 46 41 45 49 42 0 41 40 47 47 40 42 44 
53 42 46 44 44 42 44 43 39 44 43 41 39 41 42 39 44 45 42 46 40 46 46 47 47 47 45 41 42 46 43 44 43 44 45 41 39 46 45 40 42 42 52 48 47 48 43 40 49 44 46 45 43 41 0 41 46 48 43 44 47 
54 43 46 44 46 42 42 44 41 40 46 44 46 44 39 41 41 50 44 48 39 43 44 50 48 49 48 42 40 49 42 43 51 46 49 41 40 44 42 44 49 45 49 52 48 46 41 41 43 46 48 51 45 40 41 0 53 53 40 44 49 
55 45 50 47 43 47 50 45 46 47 41 43 46 43 49 47 54 44 44 40 48 52 53 48 49 43 39 45 48 48 49 48 42 41 46 47 47 55 51 44 46 43 47 48 47 42 48 47 50 49 44 44 44 47 46 53 0 50 50 43 52 
56 44 41 43 42 49 47 43 51 47 45 47 49 45 48 49 48 45 44 47 49 49 45 42 42 45 45 45 50 43 50 44 48 47 41 46 48 51 47 48 45 44 40 40 40 43 46 46 50 45 44 44 42 47 48 53 50 0 48 46 46 
57 43 46 43 46 42 40 44 43 41 47 46 45 45 39 43 38 46 44 49 45 40 46 49 47 49 52 43 40 43 44 42 48 51 45 41 42 41 40 45 46 45 47 47 47 46 40 41 41 41 47 52 48 40 43 40 50 48 0 45 43 
58 45 45 44 42 42 45 42 40 42 40 43 40 43 44 42 49 43 41 43 42 47 46 47 46 44 42 40 43 46 44 44 41 41 44 42 41 47 47 39 40 40 51 47 46 42 43 42 46 45 44 42 42 42 44 44 43 46 45 0 52 
59 44 44 42 47 43 44 44 50 49 49 49 53 47 44 47 46 46 46 53 46 45 43 42 46 52 50 45 43 41 46 42 51 48 44 44 46 43 40 49 48 47 45 44 48 47 42 48 44 41 47 49 45 44 47 49 52 46 43 52 0 

;param d[*,*]
: 0 1 2 3 4 5 6 7 8 9 10 11 12 13 14 15 16 17 18 19 20 21 22 23 24 25 26 27 28 29 30 31 32 33 34 35 36 37 38 39 40 41 42 43 44 45 46 47 48 49 50 51 52 53 54 55 56 57 58 59:=
0 0.0 0 0 0 0.43 0.42 0 0 1.9 0.9 2.45 1.13 0.74 2.79 1.06 2.54 0.32 1.01 0 0.38 0.6 2.54 0.5 0 0 1.29 0.1 1.51 3.04 0.3 0.55 2.28 0.86 1.05 0.62 2.28 3.11 3.01 2.45 0.86 1.32 0.6 2.22 0 0 0.23 0 0 1.88 0 0 0.43 0.55 2.79 2.54 0 0 2.63 0 0.62 
1 0 0.0 0 2.16 0 0.55 0.27 0 5.07 1.45 1.84 0 1.21 0 0 0.67 0 0 0 2.9 0.73 0 0 0.47 0.98 2.59 1.85 1.37 0 0 0 0.9 0.52 0.49 4.18 0 3.2 3.58 3.08 0.63 1.79 0.18 0 0.37 2.45 0 3.29 2.63 0.43 1.69 0.57 0.7 4.43 0 1.88 0 0 1.68 2.59 1.29 
2 0 0 0.0 0 1.13 0 0 2.54 1.02 4.31 0 1.68 3.17 0 1.56 1.6 1.69 1.11 0 1.33 3.01 0.25 0.99 0.42 3.11 0 0 2.53 0.62 0.99 0 1.96 0 0.62 1.17 2.82 0.4 0.43 5.19 0.57 0 0 0.94 0 1.6 1.32 0 1.05 0.51 1.02 0 0.23 0 0.6 3.2 0 1.85 3.67 2.09 2.45 
3 0 2.16 0 0.0 0 0 0.27 0 4.31 0.86 3.55 1.52 0.92 0.7 0 2.83 0.35 1.13 0.99 1.6 0.9 0 0 0 0.23 0 1.88 4.43 3.01 3.39 0 1.97 0.49 0.99 2.73 1.33 4.52 0.82 1.29 0.28 0 0.48 1.91 2.45 0.28 0 1.17 2.53 0.6 0 0.74 0.39 4.18 0.6 5.83 1.06 1.54 1.84 1.48 1.96 
4 0.43 0 1.13 0 0.0 0.3 0.47 1.41 0.23 2.82 0.52 0.52 2.28 0.28 1.66 0.33 1.48 0.92 2.53 0.35 2.73 0.86 1.79 0 0.63 0 1.39 1.27 1.98 1.04 0 5.45 0 0 0.89 0 0.43 0 3.93 3.67 1.98 2.28 0 0.55 0 0 0.15 0.78 0.86 1.29 0 2.03 0 0.94 0.37 0 0 1.29 2.35 2.92 
5 0.42 0.55 0 0 0.3 0.0 2.45 1.17 1.54 4.52 6.08 0 3.39 0.27 0.62 0 3.48 0 0 0 1.13 1.22 2.73 1.72 2.07 0 1.13 0 1.23 0.37 1.22 2.35 2.83 2.82 0.78 0 0.62 0 0 0.78 3.67 2.65 3.76 1.52 0.73 0 0 0 0.66 0.77 0 0.53 0.3 0.62 2.26 2.62 4.61 1.13 3.95 0 
6 0 0.27 0 0.27 0.47 2.45 0.0 0.38 1.48 2.35 4.05 0 1.6 0.48 4.69 0 0.2 0.62 0.53 1.97 0 0.38 0 1.36 0 0 0.55 0.86 0.7 2.53 1.52 0 0 0.49 1.11 1.06 0 3.11 1.33 1.6 0.99 0 1.6 0 0 1.05 0.32 2.35 2.41 1.98 1.72 0.76 0.35 1.91 0.57 0 1.72 1.97 1.02 0.57 
7 0 0 2.54 0 1.41 1.17 0.38 0.0 0.89 3.17 1.69 0.59 0.25 0.74 0 2.63 0 1.11 0 0 3.67 2.28 2.71 2.71 0 0 0 1.51 2.28 0.4 2.35 0 1.72 1.21 0.17 0.2 3.76 3.39 0.99 0 2.53 0 0 0 2.73 0.33 0.13 3.29 1.79 2.4 0.58 2.91 1.13 0.31 2.41 0.73 0 3.42 0.23 0 
8 1.9 5.07 1.02 4.31 0.23 1.54 1.48 0.89 0.0 1.97 0.42 0 1.23 0.47 0.8 0 0 0.86 0 0.66 0 0 2.65 5.95 0.8 1.64 1.32 0 0 0 2.79 0.65 4.18 2.03 0.66 0.47 0.58 0.5 0 3.67 1.54 1.99 3.08 2.83 1.33 1.41 0 2.82 3.17 0.72 0.68 3.29 0.89 0 0.74 0 6.59 1.23 0.35 0 
9 0.9 1.45 4.31 0.86 2.82 4.52 2.35 3.17 1.97 0.0 0.59 1.13 0.2 0 4.56 3.08 2.16 2.03 0.66 4.69 2.35 1.92 5.83 1.33 0 0.39 2.41 0 1.68 5.32 1.45 2.15 0.89 2.82 1.85 0.5 2.19 6.97 2.79 0.51 1.14 4.14 0.77 1.6 1.52 4.69 0 0.83 2.65 3.17 0.68 1.23 0.58 2.73 0.73 0.74 1.52 1.96 0.55 7.6 
10 2.45 1.84 0 3.55 0.52 6.08 4.05 1.69 0.42 0.59 0.0 0.25 1.9 0 0.9 2.9 1.37 0.9 1.97 3.55 3.57 3.26 6.84 5.95 5.07 1.42 0.33 1.37 6.33 3.86 3.76 0.51 2.79 3.67 1.06 0.82 0 5.08 0.89 1.39 0.3 3.45 3.51 0 1.6 0 0.43 1.99 0.75 0.65 1.6 3.67 2.92 2.15 3.39 1.17 6.72 5.83 0 2.42 
11 1.13 0 1.68 1.52 0.52 0 0 0.59 0 1.13 0.25 0.0 0.94 1.17 0 0 4.14 0.5 2.83 0.7 4.89 0 3.63 0.95 0 0 0 1.21 3.2 0 3.76 1.6 2.16 2.83 3.17 0.92 0 0.83 0.31 2.35 1.79 0 0 1.0 2.34 3.29 0.9 0 0 3.08 0 4.56 1.66 0 0 1.76 2.46 4.94 0.59 0 
12 0.74 1.21 3.17 0.92 2.28 3.39 1.6 0.25 1.23 0.2 1.9 0.94 0.0 0 2.54 2.34 1.23 0.43 1.6 1.66 0 2.4 0 0 2.73 1.36 0.43 3.29 0 3.8 0 0.98 0.22 0.38 1.69 1.23 0 0 1.17 0 0.08 1.6 1.64 2.28 0.23 1.54 0 3.67 0.53 0 0 0.8 0.38 2.53 4.18 1.91 0 3.58 0 3.02 
13 2.79 0 0 0.7 0.28 0.27 0.48 0.74 0.47 0 0 1.17 0 0.0 2.79 1.04 5.19 0.5 0.95 1.22 0.82 1.09 2.59 0 0 0.89 2.91 0.89 3.11 0 0 6.46 0.72 1.41 0.51 0.63 1.02 1.23 2.09 0.67 4.43 3.26 1.99 4.52 4.05 1.22 0.22 0 1.79 0 0.85 0.55 0.13 0.38 0.89 3.82 7.1 0.13 0.55 3.11 
14 1.06 0 1.56 0 1.66 0.62 4.69 0 0.8 4.56 0.9 0 2.54 2.79 0.0 3.11 2.83 1.21 3.26 0 0.72 4.42 3.45 0 3.45 0 0 0 3.02 0 0 4.56 2.46 2.77 2.53 0.35 4.42 0 0.28 1.25 0 0 2.46 2.31 2.53 2.73 2.28 0 0.63 0 0.78 1.45 1.23 0.12 2.03 0 0 2.82 2.79 0 
15 2.54 0.67 1.6 2.83 0.33 0 0 2.63 0 3.08 2.9 0 2.34 1.04 3.11 0.0 0.7 0.58 2.39 0 0.94 0 0.62 1.99 2.27 0 2.82 0 0.47 0 1.79 1.0 4.61 1.41 1.88 2.45 0 0.15 0 4.52 0.68 4.71 2.96 4.33 2.9 1.22 1.29 1.41 0 3.14 5.27 1.41 0.63 0.55 0 0 0 0.38 0 0 
16 0.32 0 1.69 0.35 1.48 3.48 0.2 0 0 2.16 1.37 4.14 1.23 5.19 2.83 0.7 0.0 1.32 0.9 3.95 0 3.01 0.38 0 0 1.09 0 4.31 0 0 2.26 3.86 1.05 0.49 3.67 2.22 1.64 1.72 3.67 0.42 0 0 0.37 1.6 0 1.79 1.85 0.58 2.82 0.35 1.23 0.49 4.18 2.4 0 0.58 0 4.14 2.82 0 
17 1.01 0 1.11 1.13 0.92 0 0.62 1.11 0.86 2.03 0.9 0.5 0.43 0.5 1.21 0.58 1.32 0.0 1.6 1.13 0 0 1.21 0 2.45 1.54 0 0.4 1.72 1.02 0 1.97 0 0 0.66 2.79 0.65 0 3.29 0 0 0 2.09 0 0 0.37 1.69 1.29 0.45 1.29 1.29 0.23 1.29 2.35 3.2 0.57 2.03 0.6 1.05 0 
18 0 0 0 0.99 2.53 0 0.53 0 0 0.66 1.97 2.83 1.6 0.95 3.26 2.39 0.9 1.6 0.0 2.07 6.59 0 0 1.72 0.51 0 0 0 1.84 2.03 2.77 3.67 0 0.52 0.73 0 3.94 0 1.52 0.35 0.82 2.4 0 0 0.86 2.96 0 3.51 0 0 0.1 1.02 0 0.77 3.63 0 0 3.88 1.91 0 
19 0.38 2.9 1.33 1.6 0.35 0 1.97 0 0.66 4.69 3.55 0.7 1.66 1.22 0 0 3.95 1.13 2.07 0.0 0.57 2.4 0 0 5.18 0.78 1.29 1.9 0 0.94 0 0 0 0.67 0.23 0 0 0 2.16 1.33 3.01 0 0 0 3.86 0.35 0.47 2.16 1.85 0 0 0.57 0.2 0.43 0.49 0.94 3.7 0 3.17 0.75 
20 0.6 0.73 3.01 0.9 2.73 1.13 0 3.67 0 2.35 3.57 4.89 0 0.82 0.72 0.94 0 0 6.59 0.57 0.0 1.36 0 5.27 1.09 6.59 3.76 2.07 1.91 0.7 0 4.37 5.46 1.64 1.85 0 0 0.37 5.18 0 3.08 2.11 0 4.71 0.94 0 1.21 0 0.32 0 1.1 0 0 4.14 0.45 3.09 0 0.8 0.87 0 
21 2.54 0 0.25 0 0.86 1.22 0.38 2.28 0 1.92 3.26 0 2.4 1.09 4.42 0 3.01 0 0 2.4 1.36 0.0 0.3 0.6 0 2.23 2.03 1.42 0 0 0 1.07 0 2.26 2.54 3.58 0.17 0 6.72 6.21 0 0 0 0 0.68 0.3 1.79 0.23 0.31 0.67 1.99 2.82 0 1.76 0 0 3.67 0 4.42 0 
22 0.5 0 0.99 0 1.79 2.73 0 2.71 2.65 5.83 6.84 3.63 0 2.59 3.45 0.62 0.38 1.21 0 0 0 0.3 0.0 1.29 0 0 0 4.43 0 0.48 1.29 3.88 2.46 0 3.39 0 0.47 2.09 0.95 1.84 1.45 0 0.18 0.18 0.58 0.48 1.49 1.48 1.42 0 0 1.02 0 0.87 0 0 1.42 0 1.92 1.54 
23 0 0.47 0.42 0 0 1.72 1.36 2.71 5.95 1.33 5.95 0.95 0 0 0 1.99 0 0 1.72 0 5.27 0.6 1.29 0.0 0 0.6 0 5.57 0 2.53 1.97 6.59 1.06 0 3.76 3.02 0.77 0.83 3.2 0 0 0.43 0.55 0.17 1.36 2.4 5.32 3.86 1.45 0.94 1.09 1.29 4.14 3.2 2.23 0 0 0.9 5.45 1.76 
24 0 0.98 3.11 0.23 0.63 2.07 0 0 0.8 0 5.07 0 2.73 0 3.45 2.27 0 2.45 0.51 5.18 1.09 0 0 0 0.0 0 1.33 6.08 3.58 0.8 0 1.56 0.3 0.38 0 4.52 2.23 2.31 5.83 1.72 1.48 0.43 1.85 1.54 0 1.72 5.57 3.14 0 0.66 0.92 0.86 5.95 0.83 1.0 0 0 3.7 1.45 0 
25 1.29 2.59 0 0 0 0 0 0 1.64 0.39 1.42 0 1.36 0.89 0 0 1.09 1.54 0 0.78 6.59 2.23 0 0.6 0 0.0 0 0 0 3.14 0 1.11 0 0.6 2.46 0.67 1.09 6.12 1.17 0 1.17 0.78 0 0 0 0 0 0 3.26 1.6 0 1.06 2.77 0.63 0.92 0.35 1.56 0 2.16 1.14 
26 0.1 1.85 0 1.88 1.39 1.13 0.55 0 1.32 2.41 0.33 0 0.43 2.91 0 2.82 0 0 0 1.29 3.76 2.03 0 0 1.33 0 0.0 0.7 3.8 2.07 2.53 1.21 0 0.37 0 1.32 0.63 2.22 1.88 1.6 1.39 0 0.68 2.22 1.88 2.28 0.62 3.01 1.54 0 1.66 0.22 0.92 1.6 3.29 0 2.46 3.8 1.77 0 
27 1.51 1.37 2.53 4.43 1.27 0 0.86 1.51 0 0 1.37 1.21 3.29 0.89 0 0 4.31 0.4 0 1.9 2.07 1.42 4.43 5.57 6.08 0 0.7 0.0 3.29 1.01 0.55 6.08 1.49 1.13 0.89 0.99 2.26 1.79 0 3.39 0 0.77 0.73 1.6 2.22 0.76 0.49 1.79 1.32 2.65 0 1.02 0 2.91 1.22 0.95 0 0.2 1.85 0.5 
28 3.04 0 0.62 3.01 1.98 1.23 0.7 2.28 0 1.68 6.33 3.2 0 3.11 3.02 0.47 0 1.72 1.84 0 1.91 0 0 0 3.58 0 3.8 3.29 0.0 1.17 0.47 7.6 0 0 0.47 2.4 0 0 1.99 1.72 0.57 0 0 0 3.2 1.23 3.8 0.59 0.8 0 1.72 2.91 3.67 0.75 0 0 1.85 3.93 1.72 0 
29 0.3 0 0.99 3.39 1.04 0.37 2.53 0.4 0 5.32 3.86 0 3.8 0 0 0 0 1.02 2.03 0.94 0.7 0 0.48 2.53 0.8 3.14 2.07 1.01 1.17 0.0 0.55 0 1.56 0 1.32 2.26 0 0 0 0.67 1.97 1.6 0 1.41 0 0.38 0 0.68 0 2.53 1.84 2.45 1.52 0.52 1.98 3.7 0 0 1.41 0 
30 0.55 0 0 0 0 1.22 1.52 2.35 2.79 1.45 3.76 3.76 0 0 0 1.79 2.26 0 2.77 0 0 0 1.29 1.97 0 0 2.53 0.55 0.47 0.55 0.0 0 2.09 0 1.41 1.6 1.17 0.78 2.46 3.39 0.45 0 0.5 0 1.91 0.13 0.28 0.51 0.43 0.55 0.68 0.32 0.99 1.29 1.72 0 1.45 2.07 3.2 2.16 
31 2.28 0.9 1.96 1.97 5.45 2.35 0 0 0.65 2.15 0.51 1.6 0.98 6.46 4.56 1.0 3.86 1.97 3.67 0 4.37 1.07 3.88 6.59 1.56 1.11 1.21 6.08 7.6 0 0 0.0 1.48 4.42 0.67 3.29 2.7 1.12 1.69 0.27 3.29 3.76 2.5 5.46 1.13 1.92 0.65 5.93 0 0.7 1.54 0 4.14 3.8 0 2.66 5.27 3.63 0.3 4.56 
32 0.86 0.52 0 0.49 0 2.83 0 1.72 4.18 0.89 2.79 2.16 0.22 0.72 2.46 4.61 1.05 0 0 0 5.46 0 2.46 1.06 0.3 0 0 1.49 0 1.56 2.09 1.48 0.0 0 1.85 0 0 0.89 0 1.27 0.49 0 0.65 3.2 0.2 0.6 3.93 4.42 3.86 0 0 0.25 2.16 1.29 4.33 0.33 0 0 1.17 0.94 
33 1.05 0.49 0.62 0.99 0 2.82 0.49 1.21 2.03 2.82 3.67 2.83 0.38 1.41 2.77 1.41 0.49 0 0.52 0.67 1.64 2.26 0 0 0.38 0.6 0.37 1.13 0 0 0 4.42 0 0.0 0.43 0 3.11 3.39 0.7 1.91 1.29 1.11 1.11 0 0 0.94 0.47 0 0 0 1.79 0 0 1.56 0 0 1.23 3.67 1.33 3.2 
34 0.62 4.18 1.17 2.73 0.89 0.78 1.11 0.17 0.66 1.85 1.06 3.17 1.69 0.51 2.53 1.88 3.67 0.66 0.73 0.23 1.85 2.54 3.39 3.76 0 2.46 0 0.89 0.47 1.32 1.41 0.67 1.85 0.43 0.0 0.43 0.5 0 2.45 2.63 0 2.71 4.05 3.67 1.85 0.62 0.19 2.35 1.79 4.81 2.34 1.98 0.07 2.15 0.28 0.83 1.8 0.74 0.86 0 
35 2.28 0 2.82 1.33 0 0 1.06 0.2 0.47 0.5 0.82 0.92 1.23 0.63 0.35 2.45 2.22 2.79 0 0 0 3.58 0 3.02 4.52 0.67 1.32 0.99 2.4 2.26 1.6 3.29 0 0 0.43 0.0 2.46 1.37 0 3.29 2.35 2.11 0 3.02 0 0 0 0.58 1.13 0 0.67 0 0.47 0.12 1.9 1.92 0 1.54 0.3 2.83 
36 3.11 3.2 0.4 4.52 0.43 0.62 0 3.76 0.58 2.19 0 0 0 1.02 4.42 0 1.64 0.65 3.94 0 0 0.17 0.47 0.77 2.23 1.09 0.63 2.26 0 0 1.17 2.7 0 3.11 0.5 2.46 0.0 0.12 7.1 5.18 0 0.7 0 2.4 0 1.88 0 0.56 1.13 4.71 1.0 2.34 0.47 1.84 2.03 0 0 1.23 6.46 0 
37 3.01 3.58 0.43 0.82 0 0 3.11 3.39 0.5 6.97 5.08 0.83 0 1.23 0 0.15 1.72 0 0 0 0.37 0 2.09 0.83 2.31 6.12 2.22 1.79 0 0 0.78 1.12 0.89 3.39 0 1.37 0.12 0.0 6.59 2.11 1.8 0.8 0 0 3.14 1.11 1.72 0 1.22 4.99 0 0.65 1.42 0 2.45 1.24 3.33 0.51 1.92 0.55 
38 2.45 3.08 5.19 1.29 3.93 0 1.33 0.99 0 2.79 0.89 0.31 1.17 2.09 0.28 0 3.67 3.29 1.52 2.16 5.18 6.72 0.95 3.2 5.83 1.17 1.88 0 1.99 0 2.46 1.69 0 0.7 2.45 0 7.1 6.59 0.0 0.7 2.91 1.0 7.73 7.1 2.92 4.56 0.94 3.14 0.75 5.57 3.11 4.05 1.72 1.52 1.25 0.62 0.95 5.32 0.15 1.04 
39 0.86 0.63 0.57 0.28 3.67 0.78 1.6 0 3.67 0.51 1.39 2.35 0 0.67 1.25 4.52 0.42 0 0.35 1.33 0 6.21 1.84 0 1.72 0 1.6 3.39 1.72 0.67 3.39 0.27 1.27 1.91 2.63 3.29 5.18 2.11 0.7 0.0 0 2.83 6.08 0.72 1.41 4.56 1.06 0.82 5.32 0.47 1.9 1.98 4.05 1.54 0 0 1.64 6.08 0.62 5.55 
40 1.32 1.79 0 0 1.98 3.67 0.99 2.53 1.54 1.14 0.3 1.79 0.08 4.43 0 0.68 0 0 0.82 3.01 3.08 0 1.45 0 1.48 1.17 1.39 0 0.57 1.97 0.45 3.29 0.49 1.29 0 2.35 0 1.8 2.91 0 0.0 2.28 0 0.57 0.15 2.63 2.79 2.46 0 1.98 0.99 1.39 0.43 0.42 0.63 0 2.09 2.53 0.86 4.71 
41 0.6 0.18 0 0.48 2.28 2.65 0 0 1.99 4.14 3.45 0 1.6 3.26 0 4.71 0 0 2.4 0 2.11 0 0 0.43 0.43 0.78 0 0.77 0 1.6 0 3.76 0 1.11 2.71 2.11 0.7 0.8 1.0 2.83 2.28 0.0 0 0 1.25 0 0.77 3.58 1.41 0.35 0.65 0.45 2.83 0 5.65 0.89 0 2.07 0 0 
42 2.22 0 0.94 1.91 0 3.76 1.6 0 3.08 0.77 3.51 0 1.64 1.99 2.46 2.96 0.37 2.09 0 0 0 0 0.18 0.55 1.85 0 0.68 0.73 0 0 0.5 2.5 0.65 1.11 4.05 0 0 0 7.73 6.08 0 0 0.0 0 0 0 5.7 1.37 2.03 2.26 0 1.72 5.7 0 0 0.94 0 6.46 6.59 0.6 
43 0 0.37 0 2.45 0.55 1.52 0 0 2.83 1.6 0 1.0 2.28 4.52 2.31 4.33 1.6 0 0 0 4.71 0 0.18 0.17 1.54 0 2.22 1.6 0 1.41 0 5.46 3.2 0 3.67 3.02 2.4 0 7.1 0.72 0.57 0 0 0.0 0.48 2.16 0 0 1.97 0 0 1.42 0.7 0.9 2.15 3.14 0.18 0.82 5.95 0 
44 0 2.45 1.6 0.28 0 0.73 0 2.73 1.33 1.52 1.6 2.34 0.23 4.05 2.53 2.9 0 0 0.86 3.86 0.94 0.68 0.58 1.36 0 0 1.88 2.22 3.2 0 1.91 1.13 0.2 0 1.85 0 0 3.14 2.92 1.41 0.15 1.25 0 0.48 0.0 0 0 1.68 0.63 1.22 0 1.13 0.57 0 5.83 0.94 0.45 4.52 2.79 3.2 
45 0.23 0 1.32 0 0 0 1.05 0.33 1.41 4.69 0 3.29 1.54 1.22 2.73 1.22 1.79 0.37 2.96 0.35 0 0.3 0.48 2.4 1.72 0 2.28 0.76 1.23 0.38 0.13 1.92 0.6 0.94 0.62 0 1.88 1.11 4.56 4.56 2.63 0 0 2.16 0 0.0 1.13 0 0.15 3.58 0 0.86 0.13 1.66 0.33 3.45 0.73 1.41 3.93 2.45 
46 0 3.29 0 1.17 0.15 0 0.32 0.13 0 0 0.43 0.9 0 0.22 2.28 1.29 1.85 1.69 0 0.47 1.21 1.79 1.49 5.32 5.57 0 0.62 0.49 3.8 0 0.28 0.65 3.93 0.47 0.19 0 0 1.72 0.94 1.06 2.79 0.77 5.7 0 0 1.13 0.0 2.54 1.98 3.67 0.63 2.79 0.47 0.59 0.99 1.92 2.96 2.53 2.66 0 
47 0 2.63 1.05 2.53 0.78 0 2.35 3.29 2.82 0.83 1.99 0 3.67 0 0 1.41 0.58 1.29 3.51 2.16 0 0.23 1.48 3.86 3.14 0 3.01 1.79 0.59 0.68 0.51 5.93 4.42 0 2.35 0.58 0.56 0 3.14 0.82 2.46 3.58 1.37 0 1.68 0 2.54 0.0 0 4.14 3.26 2.92 0 0 2.92 2.66 0 1.79 5.83 0 
48 1.88 0.43 0.51 0.6 0.86 0.66 2.41 1.79 3.17 2.65 0.75 0 0.53 1.79 0.63 0 2.82 0.45 0 1.85 0.32 0.31 1.42 1.45 0 3.26 1.54 1.32 0.8 0 0.43 0 3.86 0 1.79 1.13 1.13 1.22 0.75 5.32 0 1.41 2.03 1.97 0.63 0.15 1.98 0 0.0 1.52 2.96 3.29 0.7 3.39 0 0 0 0.7 3.67 0.28 
49 0 1.69 1.02 0 1.29 0.77 1.98 2.4 0.72 3.17 0.65 3.08 0 0 0 3.14 0.35 1.29 0 0 0 0.67 0 0.94 0.66 1.6 0 2.65 0 2.53 0.55 0.7 0 0 4.81 0 4.71 4.99 5.57 0.47 1.98 0.35 2.26 0 1.22 3.58 3.67 4.14 1.52 0.0 1.11 1.6 2.59 4.42 0.92 1.97 0 5.08 4.43 1.96 
50 0 0.57 0 0.74 0 0 1.72 0.58 0.68 0.68 1.6 0 0 0.85 0.78 5.27 1.23 1.29 0.1 0 1.1 1.99 0 1.09 0.92 0 1.66 0 1.72 1.84 0.68 1.54 0 1.79 2.34 0.67 1.0 0 3.11 1.9 0.99 0.65 0 0 0 0 0.63 3.26 2.96 1.11 0.0 0.86 0 0 0 0 1.25 0 3.17 3.82 
51 0.43 0.7 0.23 0.39 2.03 0.53 0.76 2.91 3.29 1.23 3.67 4.56 0.8 0.55 1.45 1.41 0.49 0.23 1.02 0.57 0 2.82 1.02 1.29 0.86 1.06 0.22 1.02 2.91 2.45 0.32 0 0.25 0 1.98 0 2.34 0.65 4.05 1.98 1.39 0.45 1.72 1.42 1.13 0.86 2.79 2.92 3.29 1.6 0.86 0.0 1.54 1.21 2.34 0.6 0 0 0.38 2.46 
52 0.55 4.43 0 4.18 0 0.3 0.35 1.13 0.89 0.58 2.92 1.66 0.38 0.13 1.23 0.63 4.18 1.29 0 0.2 0 0 0 4.14 5.95 2.77 0.92 0 3.67 1.52 0.99 4.14 2.16 0 0.07 0.47 0.47 1.42 1.72 4.05 0.43 2.83 5.7 0.7 0.57 0.13 0.47 0 0.7 2.59 0 1.54 0.0 2.41 0.8 0 0.82 1.9 3.29 0 
53 2.79 0 0.6 0.6 0.94 0.62 1.91 0.31 0 2.73 2.15 0 2.53 0.38 0.12 0.55 2.4 2.35 0.77 0.43 4.14 1.76 0.87 3.2 0.83 0.63 1.6 2.91 0.75 0.52 1.29 3.8 1.29 1.56 2.15 0.12 1.84 0 1.52 1.54 0.42 0 0 0.9 0 1.66 0.59 0 3.39 4.42 0 1.21 2.41 0.0 1.23 0 0 3.93 0 2.07 
54 2.54 1.88 3.2 5.83 0.37 2.26 0.57 2.41 0.74 0.73 3.39 0 4.18 0.89 2.03 0 0 3.2 3.63 0.49 0.45 0 0 2.23 1.0 0.92 3.29 1.22 0 1.98 1.72 0 4.33 0 0.28 1.9 2.03 2.45 1.25 0 0.63 5.65 0 2.15 5.83 0.33 0.99 2.92 0 0.92 0 2.34 0.8 1.23 0.0 0 0 0.86 3.11 0 
55 0 0 0 1.06 0 2.62 0 0.73 0 0.74 1.17 1.76 1.91 3.82 0 0 0.58 0.57 0 0.94 3.09 0 0 0 0 0.35 0 0.95 0 3.7 0 2.66 0.33 0 0.83 1.92 0 1.24 0.62 0 0 0.89 0.94 3.14 0.94 3.45 1.92 2.66 0 1.97 0 0.6 0 0 0 0.0 0 4.25 3.93 0 
56 0 0 1.85 1.54 0 4.61 1.72 0 6.59 1.52 6.72 2.46 0 7.1 0 0 0 2.03 0 3.7 0 3.67 1.42 0 0 1.56 2.46 0 1.85 0 1.45 5.27 0 1.23 1.8 0 0 3.33 0.95 1.64 2.09 0 0 0.18 0.45 0.73 2.96 0 0 0 1.25 0 0.82 0 0 0 0.0 3.63 6.08 1.88 
57 2.63 1.68 3.67 1.84 1.29 1.13 1.97 3.42 1.23 1.96 5.83 4.94 3.58 0.13 2.82 0.38 4.14 0.6 3.88 0 0.8 0 0 0.9 3.7 0 3.8 0.2 3.93 0 2.07 3.63 0 3.67 0.74 1.54 1.23 0.51 5.32 6.08 2.53 2.07 6.46 0.82 4.52 1.41 2.53 1.79 0.7 5.08 0 0 1.9 3.93 0.86 4.25 3.63 0.0 0.68 0.45 
58 0 2.59 2.09 1.48 2.35 3.95 1.02 0.23 0.35 0.55 0 0.59 0 0.55 2.79 0 2.82 1.05 1.91 3.17 0.87 4.42 1.92 5.45 1.45 2.16 1.77 1.85 1.72 1.41 3.2 0.3 1.17 1.33 0.86 0.3 6.46 1.92 0.15 0.62 0.86 0 6.59 5.95 2.79 3.93 2.66 5.83 3.67 4.43 3.17 0.38 3.29 0 3.11 3.93 6.08 0.68 0.0 0 
59 0.62 1.29 2.45 1.96 2.92 0 0.57 0 0 7.6 2.42 0 3.02 3.11 0 0 0 0 0 0.75 0 0 1.54 1.76 0 1.14 0 0.5 0 0 2.16 4.56 0.94 3.2 0 2.83 0 0.55 1.04 5.55 4.71 0 0.6 0 3.2 2.45 0 0 0.28 1.96 3.82 2.46 0 2.07 0 0 1.88 0.45 0 0.0 

;