set O:= 0;
set N:= 1 2 3 4 5 6 7 8 9 10 11 12 13 14 15 16 17 18 19 20 21 22 23 24 25 26 27 28 29 30 31 32 33 34 35 36 37 38 39 40 41 42 43 44 45 46 47 48 49 50 51 52 53 54 55 56 57 58 59;
set K:= 1 2 3 4 5 6 7 8 9 10;
param V:= 10;
param cp:= 120;
param dm:= 5.0;
param o:=
0 0
1 18
2 26
3 11
4 30
5 21
6 19
7 15
8 16
9 29
10 26
11 37
12 16
13 12
14 31
15 8
16 19
17 20
18 13
19 15
20 22
21 28
22 12
23 6
24 27
25 14
26 18
27 17
28 29
29 13
30 22
31 25
32 28
33 27
34 19
35 10
36 12
37 14
38 24
39 16
40 33
41 15
42 11
43 18
44 17
45 21
46 27
47 19
48 20
49 5
50 22
51 12
52 19
53 22
54 16
55 7
56 26
57 14
58 21
59 24
;
param c[*,*]
: 0 1 2 3 4 5 6 7 8 9 10 11 12 13 14 15 16 17 18 19 20 21 22 23 24 25 26 27 28 29 30 31 32 33 34 35 36 37 38 39 40 41 42 43 44 45 46 47 48 49 50 51 52 53 54 55 56 57 58 59:=
0 0 7 3 7 3 7 2 4 4188 10 23 8 9 4885 9 5995 5 2889 12 7 10 5995 17 11 7 48 2 14 5329 4 4 16 16 3775 6 5026 7328 7106 23 10 20 20 10051 11 8 3 3 6 18 7 12 5 4 6143 24 19 11 25 4 10 
1 7 0 5 8305 9 9 9 11 11168 17 16 15 45 12 15 14 4 9 14 13123 12 5 3 13 14 15165 10832 12 5 8 7 17 14 2234 9214 13 7550 8438 28 15 10471 6 3 1675 9388 9 39 6217 12 5026 25 26 9772 17 17 18 5 15 23 15 
2 3 5 0 9 2665 5 2 7539 9 12277 9 19 9027 6 22 23 3997 13 16 19 7106 4 4467 14 7328 17 7 4441 9 14 2 14 11 2220 11 8376 7 7 9104 14 9 9 27 7 38 3109 6 15 6 12 14 6 5 13 30 23 8376 6439 15 5773 
3 7 8305 9 0 10 9 7 8 9493 10 10110 28 22 17 12 66 6 4333 5777 23 15 9 12 8 6 7 7222 12638 11554 12999 10 23 12 23 32 19 10658 14 15 7 4 13 45 9388 1083 12 10 36 10 4 4333 7 11915 13 16609 39 36 21 17 22 
4 3 9 2665 10 0 5 3 4188 4 43 8 9 6499 4 30 6 21 11 14804 7 6439 10 8097 9 11 18 3972 2220 4663 2443 2 9548 12 4 1954 5 7 6 6883 10471 30 10331 10 18 10 2 3 9 12 15 13 5777 2 13 5 20 11 9 22 6883 
5 7 9 5 9 5 0 5773 17 28 43 10658 11 7994 4 13 2 8216 7 23 9 2665 2887 6439 20 24 23 13 3 18 5 2887 17 41 6661 11 9 9 2 10 12 8660 38 8882 17 12 2 7 2 1554 13 19 9 5 13 5329 48 10880 2665 37 4 
6 2 9 2 7 3 5773 0 7 13 36 7106 8 25 7 10331 7 3 7 23 18 9 6 7 6143 7 14 6 6 5 4441 2665 9 8 1776 10 9 7 7328 9 19 12 8 7259 6 6 8 6 5551 4219 4663 10110 2166 5 17 8 19 7818 14 7 9 
7 4 11 7539 8 4188 17 7 0 1954 6980 20 17 5 7 4 7818 9 10 15 3 10889 41 12285 12285 13 14 3 18 41 8 6980 9 31 35 3 6 11168 10051 9 6 5584 17 16 14 8097 7 2 9772 32 44 25 6422 13 9 5305 32 14 7539 4 13 
8 4188 11168 9 9493 4 28 13 1954 0 18 8 6 11 4 7 6 10 8 21 8 9 10 24 13123 15 61 16 3 10 5 6143 12 9214 18 8 6 12 10 6 8097 14 18 28 26 12 17 1 8376 6980 13 30 7259 1954 3 7 23 14519 11 7 11 
9 10 17 12277 10 43 43 36 6980 18 0 7 13 5 16 10051 36 33 5777 8 10331 17 14 16609 15 9 5 6860 14 19 15165 17 6138 2528 43 17 9 16 12213 7944 1444 3250 64 18 19 4333 13360 8 12 19 9027 8 14 14 32 18 9 18 23 6 13323 
10 23 16 9 10110 8 10658 7106 20 8 7 0 6 5416 14 8 34 16 10 23 7818 26 24 15077 13123 14443 17 8 16 11102 59 36 6 7944 35 9 7 13 48 2528 3972 7 31 32 15 19 13 8 14 11 16 19 10471 45 4747 52 14 14798 16609 2 17 
11 8 15 19 28 9 11 8 17 6 13 6 0 11 14 3 15 15887 12 16609 20 11546 13 16473 32 19 17 8 14 46 16 8882 19 51 10214 6980 4188 14 14 4 36 21 22 22 34 55 12638 8 11 11 72 15 12999 19 2 9 65 70 14082 7 14 
12 9 45 9027 22 6499 7994 25 5 11 5 5416 11 0 11 30 55 29 5 9388 15 12 35 16 13 10471 7944 5 9388 13 10832 9 11 6 17 20 11 10 10 14 4 2 59 61 13360 6 18 5 8660 8 10 7 9 9 5584 11915 11193 17 55 4 44 
13 4885 12 6 17 4 4 7 7 4 16 14 14 11 0 6143 2443 11448 12 41 15 9 12 23 14 15 38 8305 1554 29 3 5 18415 17 10 5 6 12 18 25 16 12638 30 18 54 62 12 4 5 17 14 37 13 2 7 1554 22387 15636 2 13 7328 
14 9 15 22 12 30 13 10331 4 7 10051 8 3 30 6143 0 9214 51 11 19137 3 15 13123 15636 20 63 16 6 7 55 9 11 10051 45 12564 5584 10 13123 12 5 11 9 22 70 66 46 8097 5026 12 13 16 34 13 11 4 4467 24 22 34 6143 17 
15 5995 14 23 66 6 2 7 7818 6 36 34 15 55 2443 9214 0 15 16 44 7 2220 5 13 28 32 22 10832 3 8 2 4219 24 17693 16 5584 7259 4 2 16 69 19 13960 54 12844 68 2887 23 3331 3 57 20220 26 7 12 4 25 17 888 15 5 
16 5 4 3997 6 21 8216 3 9 10 33 16 15887 29 11448 51 15 0 5055 33 11727 11 7106 8 4 4 40 8 9493 5 9 5329 59 25 7 8097 40 19 20 56 10 6 7 8 4747 5 32 17 10 6661 5 7222 12 9214 44 13 25 5 49 43 11 
17 2889 9 13 4333 11 7 7 10 8 5777 10 12 5 12 11 16 5055 0 9388 10 11 8 45 11 9388 9027 3 10 20 12 7 23 5 6 6 6143 11 9 9388 6 2 15 12277 11 5 9 20 15 7 30 7583 3 15 28 49 25 11915 14 12 11 
18 12 14 16 5777 14804 23 23 15 21 8 23 16609 9388 41 19137 44 33 9388 0 77 25275 20 17 10110 19 4 12 18 68 75 16248 10471 5 22 32 21 92 26 18 8 30 14082 15 15 5055 17332 18 82 23 6 4 38 22 33 21303 6 11 22748 22 24 
19 7 13123 19 23 7 9 18 3 8 10331 7818 20 15 15 3 7 11727 10 77 0 12 44 16 15 15356 34 12 4188 13 13 9 11 12 22 4 2 11 10 26 12 36 18 16 15 11448 7 4 39 34 16 19 11 4 12 4 40 16752 6 6980 16 
20 10 12 7106 15 6439 2665 9 10889 9 17 26 11546 12 9 15 2220 11 11 25275 12 0 20 10 12435 18 25275 8882 4885 28 8 6 32 12879 19 34 10 3 5 49 13 44 24 11 11102 16 5 17 4 5 13 30 11 6 12285 7 57 15 12 13 4 
21 5995 5 4 9 10 2887 6 41 10 14 24 13 35 12 13123 5 7106 8 20 44 20 0 5 10 12 41 29 20 2 3 3 16 10 5329 7539 10610 3 4 11769 10880 10 7 7 6 11 5 32 3 4 11 37 6661 6 25 9 24 8660 6 42 2 
22 17 3 4467 12 8097 6439 7 12285 24 16609 15077 16473 16 23 15636 13 8 45 17 16 10 5 0 5863 11 18 13 9772 3 16 5863 35 58 6 40 16 8 30 18 21 53 4 6 6 16 16 13 21 5107 9 16 38 10 29 14 27 6422 11 17 22 
23 11 13 14 8 9 20 6143 12285 13123 15 13123 32 13 14 20 28 4 11 10110 15 12435 10 5863 0 4 26 14 12285 9 11448 8935 14519 19 5 45 13681 13 14 29 13 12 12 16 6 32 10889 11727 9104 33 2792 40 7583 49 14519 20 15 1 17 12006 20 
24 7 14 7328 6 11 24 7 13 15 9 14443 19 10471 15 63 32 4 9388 19 15356 18 12 11 4 0 9 25 13402 8438 17 9 18 8 6 12 13402 25 26 16609 20 35 9 34 28 6 25 12285 45 11 1954 5416 16 13123 17 19 12 5 34 17 13 
25 48 15165 17 7 18 23 14 14 61 5 17 17 7944 38 16 22 40 9027 4 34 25275 41 18 26 9 0 11 19 20 18415 17 13 5 26 14443 29 29 23470 14 5 6860 34 20 18 7 21 14 24 19137 9388 3 39 16248 27 40 13 58 22 33 31 
26 2 10832 7 7222 3972 13 6 3 16 6860 8 8 5 8305 6 10832 8 3 12 12 8882 29 13 14 25 11 0 8 10832 32 7222 14 8 16 3 16 11 32 29 25 3972 19 30 12999 7222 6499 6 7106 11 11 9749 5 11 19 9388 18 14443 10832 5055 10 
27 14 12 4441 12638 2220 3 6 18 3 14 16 14 9388 1554 7 3 9493 10 18 4188 4885 20 9772 12285 13402 19 8 0 5773 1776 4 17332 17 8 1954 9 5329 4219 12 52 10 14 14 14 26 1332 4 4219 12 24 20 12 1 6422 12 41 14 3 22 8 
28 5329 5 9 11554 4663 18 5 41 10 19 11102 46 13 29 55 8 5 20 68 13 28 2 3 9 8438 20 10832 5773 0 17 5 13323 16 4 9 44 4 6 14 20 14 7 6 7 12277 18 8376 7 12 7 64 8305 6439 16 9 24 8376 6883 12 5 
29 4 8 14 12999 2443 5 4441 8 5 15165 59 16 10832 3 9 2 9 12 75 13 8 3 16 11448 17 18415 32 1776 17 0 8 19 29 6 16 6701 4 3 14 16 23 46 13 40 15 888 4 10 1 46 68 38 2665 11 19 21665 13 3 16 5 
30 4 7 2 10 2 2887 2665 6980 6143 17 36 8882 9 5 11 4219 5329 7 16248 9 6 3 5863 8935 9 17 7222 4 5 8 0 11 49 4 17 29 17 9 18 52 11 10 17 8 45 2 5 6 6 9 30 8 7 18 12 25 41 20 30 5107 
31 16 17 14 23 9548 17 9 9 12 6138 6 19 11 18415 10051 24 59 23 10471 11 32 16 35 14519 18 13 14 17332 13323 19 11 0 17 42 12 39 19 17 26 6 9388 34 22 65 13 22 12 56 13 17 18 13 64 8376 18 7583 63 43 7 33 
32 16 14 11 12 12 41 8 31 9214 2528 7944 51 6 17 45 17693 25 5 5 12 12879 10 58 19 8 5 8 17 16 29 49 17 0 9 17 9 13 15 10 3611 12 13 18 12277 4 16 8655 10436 9104 7 3 7 25 18 66 14 12 18 14 16 
33 3775 2234 2220 23 4 6661 1776 35 18 43 35 10214 17 10 12564 16 7 6 22 22 19 5329 6 5 6 26 16 8 4 6 4 42 9 0 8 10 7328 7994 10 22 7583 5026 5026 4 8 21 9 6 5 4 10471 4 6 45 9 18 5584 35 9 7550 
34 6 9214 11 32 1954 11 10 3 8 17 9 6980 20 5 5584 5584 8097 6 32 4 34 7539 40 45 12 14443 3 1954 9 16 17 12 17 8 0 4 10 8 29 31 6 25 48 44 17 6 2 6980 21 10610 13721 23 1 4747 5 36 16 7 8 11 
35 5026 13 8376 19 5 9 9 6 6 9 7 4188 11 6 10 7259 40 6143 21 2 10 10610 16 13681 13402 29 16 9 44 6701 29 39 9 10 4 0 45 20 5 7259 28 60 18 13681 9 6 2 12 16 12 29 8 4 4 4188 71 17 14 6 51 
36 7328 7550 7 10658 7 9 7 11168 12 16 13 14 10 12 13123 4 19 11 92 11 3 3 8 13 25 29 11 5329 4 4 17 19 13 7328 10 45 0 2 12435 49 10 12 9 35 11 4441 10 1332 2665 11102 27 34 8 26 29 27 11 18 11324 2 
37 7106 8438 7 14 6 2 7328 10051 10 12213 48 14 10 18 12 2 20 9 26 10 5 4 30 14 26 23470 32 4219 6 3 9 17 15 7994 8 20 2 0 11546 15 20 13 11 11 45 16 31 2 2887 11769 22 11 20 13 5773 33 48 6 14 6 
38 23 28 9104 15 6883 10 9 9 6 7944 2528 4 14 25 5 16 56 9388 18 26 49 11769 18 29 16609 14 29 12 14 14 18 26 10 10 29 5 12435 11546 0 8 8305 19 17032 15636 45 12999 8 23 11 15887 48 11554 20 3350 14 15 18 15165 4 15 
39 10 15 14 7 10471 12 19 6 8097 1444 3972 36 4 16 11 69 10 6 8 12 13 10880 21 13 20 5 25 52 20 16 52 6 3611 22 31 7259 49 15 8 0 4 33 17332 17 22 12999 9 12 9326 11 5416 30 11554 14 15 8 19 17332 7 52 
40 20 10471 9 4 30 8660 12 5584 14 3250 7 21 2 12638 9 19 6 2 30 36 44 10 53 12 35 6860 3972 10 14 23 11 9388 12 7583 6 28 10 20 8305 4 0 13360 18 25 4 40 6143 36 8 7583 5777 3972 10 8 15 11 12277 30 10 11102 
41 20 6 9 13 10331 38 8 17 18 64 31 22 59 30 22 13960 7 15 14082 18 24 7 4 12 9 34 19 14 7 46 10 34 13 5026 25 60 12 13 19 33 13360 0 1 1 23 11 14 8438 32 7 28 19 26 16 67 38 3 18 14 10 
42 10051 3 27 45 10 8882 7259 16 28 18 32 22 61 18 70 54 8 12277 15 16 11 7 6 16 34 20 30 14 6 13 17 22 18 5026 48 18 9 11 17032 17332 18 1 0 1 14 11 12564 16 7328 6701 17 10110 12564 18 16 40 5 14240 14519 10 
43 11 1675 7 9388 18 17 6 14 26 19 15 34 13360 54 66 12844 4747 11 15 15 11102 6 6 6 28 18 12999 14 7 40 8 65 12277 4 44 13681 35 11 15636 17 25 1 1 0 13 9772 11 8 7106 5 13 8305 13 30 19 18415 6 15 13123 8 
44 8 9388 38 1083 10 12 6 8097 12 4333 19 55 6 62 46 68 5 5 5055 11448 16 11 16 32 6 7 7222 26 12277 15 45 13 4 8 17 9 11 45 45 22 4 23 14 13 0 12 8 19 11 4694 4 4333 14 10 16609 35 12 69 7944 46 
45 3 9 3109 12 2 2 8 7 17 13360 13 12638 18 12 8097 2887 32 9 17332 7 5 5 16 10889 25 21 6499 1332 18 888 2 22 16 21 6 6 4441 16 12999 12999 40 11 11 9772 12 0 13 3 2 10610 17 10 2 30 5 20220 25 13 11193 5773 
46 3 39 6 10 3 7 6 2 1 8 8 8 5 4 5026 23 17 20 18 4 17 32 13 11727 12285 14 6 4 8376 4 5 12 8655 9 2 2 10 31 8 9 6143 14 12564 11 8 13 0 7539 23 44 27 6143 6 5 9 71 27 5584 5863 11 
47 6 6217 15 36 9 2 5551 9772 8376 12 14 11 8660 5 12 3331 10 15 82 39 4 3 21 9104 45 24 7106 4219 7 10 6 56 10436 6 6980 12 1332 2 23 12 36 8438 16 8 19 3 7539 0 1 9770 77 6883 5 12 6883 49 10 4219 10214 2 
48 18 12 6 10 12 1554 4219 32 6980 19 11 11 8 17 13 3 6661 7 23 34 5 4 5107 33 11 19137 11 12 12 1 6 13 9104 5 21 16 2665 2887 11 9326 8 32 7328 7106 11 2 23 1 0 17 17332 5773 5 10051 6 25 12 5 35 5 
49 7 5026 12 4 15 13 4663 44 13 9027 16 72 10 14 16 57 5 30 6 16 13 11 9 2792 1954 9388 11 24 7 46 9 17 7 4 10610 12 11102 11769 15887 11 7583 7 6701 5 4694 10610 44 9770 17 0 6499 6138 23 13123 17 11554 4 60 12638 22 
50 12 25 14 4333 13 19 10110 25 30 8 19 15 7 37 34 20220 7222 7583 4 19 30 37 16 40 5416 3 9749 20 64 68 30 18 3 10471 13721 29 27 22 48 5416 5777 28 17 13 4 17 27 77 17332 6499 0 32 15 18 19 5 46 21 9027 90 
51 5 26 6 7 5777 9 2166 6422 7259 14 10471 12999 9 13 13 26 12 3 38 11 11 6661 38 7583 16 39 5 12 8305 38 8 13 7 4 23 8 34 11 11554 30 3972 19 10110 8305 4333 10 6143 6883 5773 6138 32 0 18 11 27 26 10 13 9 36 
52 4 9772 5 11915 2 5 5 13 1954 14 45 19 9 2 11 7 9214 15 22 4 6 6 10 49 13123 16248 11 1 6439 2665 7 64 25 6 1 4 8 20 20 11554 10 26 12564 13 14 2 6 5 5 23 15 18 0 5305 6 24 15 3331 9388 8 
53 6143 17 13 13 13 13 17 9 3 32 4747 2 5584 7 4 12 44 28 33 12 12285 25 29 14519 17 27 19 6422 16 11 18 8376 18 45 4747 4 26 13 3350 14 8 16 18 30 10 30 5 12 10051 13123 18 11 5305 0 11 21 20 8655 4 30 
54 24 17 30 16609 5 5329 8 5305 7 18 52 9 11915 1554 4467 4 13 49 21303 4 7 9 14 20 19 40 9388 12 9 19 12 18 66 9 5 4188 29 5773 14 15 15 67 16 19 16609 5 9 6883 6 17 19 27 6 11 0 23 18 6 48 9 
55 19 18 23 39 20 48 19 32 23 9 14 65 11193 22387 24 25 25 25 6 40 57 24 27 15 12 13 18 41 24 21665 25 7583 14 18 36 71 27 33 15 8 11 38 40 18415 35 20220 71 49 25 11554 5 26 24 21 23 0 16 24914 11193 31 
56 11 5 8376 36 11 10880 7818 14 14519 18 14798 70 17 15636 22 17 5 11915 11 16752 15 8660 6422 1 5 58 14443 14 8376 13 41 63 12 5584 16 17 11 48 18 19 12277 3 5 6 12 25 27 10 12 4 46 10 15 20 18 16 0 33 13402 21 
57 25 15 6439 21 9 2665 14 7539 11 23 16609 14082 55 2 34 888 49 14 22748 6 12 6 11 17 34 22 10832 3 6883 3 20 43 18 35 7 14 18 6 15165 17332 30 18 14240 15 69 13 5584 4219 5 60 21 13 3331 8655 6 24914 33 0 16 7 
58 4 23 15 17 22 37 7 4 7 6 2 7 4 13 6143 15 43 12 22 6980 13 42 17 12006 17 33 5055 22 12 16 30 7 14 9 8 6 11324 14 4 7 10 14 14519 13123 7944 11193 5863 10214 35 12638 9027 9 9388 4 48 11193 13402 16 0 12 
59 10 15 5773 22 6883 4 9 13 11 13323 17 14 44 7328 17 5 11 11 24 16 4 2 22 20 13 31 10 8 5 5 5107 33 16 7550 11 51 2 6 15 52 11102 10 10 8 46 5773 11 2 5 22 90 36 8 30 9 31 21 7 12 0 

;param cto[*,*]
: 0 1 2 3 4 5 6 7 8 9 10 11 12 13 14 15 16 17 18 19 20 21 22 23 24 25 26 27 28 29 30 31 32 33 34 35 36 37 38 39 40 41 42 43 44 45 46 47 48 49 50 51 52 53 54 55 56 57 58 59:=
0 0 46 44 45 39 42 43 44 40 42 42 43 40 42 43 43 41 39 48 42 44 43 43 43 48 44 39 41 42 41 40 44 42 41 40 41 44 44 42 42 40 44 44 43 41 40 44 42 41 43 43 40 40 42 43 45 44 43 45 44 
1 46 0 40 42 42 44 41 49 45 44 46 51 43 49 51 45 44 46 44 46 46 46 43 40 42 45 43 44 40 47 42 47 43 39 44 46 44 45 47 45 43 40 40 39 42 43 44 43 42 41 44 41 44 46 46 50 41 46 45 44 
2 44 40 0 46 40 41 43 43 42 44 49 46 42 46 45 42 41 41 45 44 44 40 41 42 44 45 45 41 40 41 43 47 47 40 41 43 42 42 45 44 46 42 42 42 42 40 45 41 40 42 44 40 45 44 44 47 43 43 44 42 
3 45 42 46 0 42 49 41 47 44 40 43 45 40 45 49 46 39 40 41 45 47 49 47 41 40 45 41 44 44 44 47 44 39 41 43 44 46 47 44 41 40 43 43 42 38 47 43 45 44 44 40 40 44 44 46 43 42 46 42 47 
4 39 42 40 42 0 41 40 40 40 43 43 43 41 41 43 41 42 40 45 42 43 42 43 48 45 45 40 40 42 40 43 46 43 45 39 45 42 46 43 43 42 44 48 44 46 39 39 41 40 44 48 41 43 42 42 47 49 42 42 43 
5 42 44 41 49 41 0 42 43 42 46 46 46 44 41 44 39 44 47 48 43 40 40 43 46 47 48 43 40 41 39 40 49 46 43 41 43 40 43 50 46 45 46 45 45 46 44 42 39 39 46 51 44 41 44 42 50 47 40 45 44 
6 43 41 43 41 40 42 0 42 42 42 44 48 41 43 44 47 40 40 44 44 45 42 42 42 43 44 40 42 41 41 40 49 45 39 41 43 47 44 44 42 41 46 42 46 45 41 41 42 41 42 43 39 42 43 44 45 43 44 42 44 
7 44 49 43 47 40 43 42 0 39 42 41 40 40 41 40 43 47 41 49 44 45 44 46 46 46 44 43 41 44 42 42 47 43 43 40 39 45 44 41 46 41 47 47 46 43 41 39 44 43 45 44 42 40 39 41 46 51 43 40 50 
8 40 45 42 44 40 42 42 39 0 44 42 45 41 40 40 46 48 42 46 39 47 44 46 46 46 45 40 44 48 45 42 45 44 44 39 39 44 43 46 43 42 47 47 46 44 40 42 43 42 46 45 42 39 44 40 47 47 41 42 49 
9 42 44 44 40 43 46 42 42 44 0 40 43 40 49 44 47 42 41 41 44 49 47 46 44 46 40 41 48 46 45 44 41 39 43 43 43 48 48 42 38 39 46 46 45 40 44 47 47 46 42 40 41 44 43 46 41 45 47 40 49 
10 42 46 49 43 43 46 44 41 42 40 0 40 40 48 42 46 44 42 44 43 48 47 47 46 45 42 41 44 47 45 45 40 42 45 43 42 52 47 39 40 41 48 48 51 42 48 42 47 46 45 42 43 43 41 44 43 47 46 43 49 
11 43 51 46 45 43 46 48 40 45 43 40 0 42 43 40 49 46 43 46 41 47 47 48 48 51 45 46 43 47 45 45 42 44 46 42 40 48 47 39 42 43 49 49 49 45 44 42 51 46 47 49 44 43 39 46 46 49 45 40 53 
12 40 43 42 40 41 44 41 40 41 40 40 42 0 47 43 45 41 39 42 43 46 45 45 44 43 42 39 42 48 43 46 42 40 42 41 41 50 49 41 43 39 45 45 44 40 42 45 45 44 42 45 40 42 41 44 43 45 45 43 47 
13 42 49 46 45 41 41 43 41 40 49 48 43 47 0 42 40 45 43 48 40 42 43 45 51 51 47 42 39 44 44 45 47 46 44 40 41 42 41 44 45 44 47 47 46 46 40 40 46 41 51 47 44 39 42 39 49 48 39 44 44 
14 43 51 45 49 43 44 44 40 40 44 42 40 43 42 0 44 46 43 47 43 46 46 48 48 48 50 46 46 47 47 44 44 45 46 41 39 46 49 41 44 47 49 49 48 45 43 41 49 45 47 46 44 41 39 41 47 49 43 42 47 
15 43 45 42 46 41 39 47 43 46 47 46 49 45 40 44 0 45 44 49 46 40 42 44 47 48 52 43 44 43 40 41 49 47 44 41 42 44 39 49 46 45 47 46 46 46 40 42 40 44 47 48 44 41 44 41 54 48 38 49 46 
16 41 44 41 39 42 44 40 47 48 42 44 46 41 45 46 45 0 40 42 45 51 44 42 40 44 43 46 44 46 47 42 45 41 39 43 44 45 46 45 42 41 42 42 41 40 43 43 44 43 39 41 39 44 45 50 44 45 46 43 46 
17 39 46 41 40 40 47 40 41 42 41 42 43 39 43 43 44 40 0 42 43 46 44 43 43 42 42 43 42 43 42 45 44 44 41 41 42 45 49 42 44 43 44 44 47 40 42 41 44 43 42 42 39 42 42 44 44 44 44 41 46 
18 48 44 45 41 45 48 44 49 46 41 44 46 42 48 47 49 42 42 0 47 50 51 50 43 40 44 48 51 46 47 46 43 44 43 46 46 49 49 45 42 42 45 49 44 40 46 46 48 47 45 39 42 46 46 48 40 47 49 43 53 
19 42 46 44 45 42 43 44 44 39 44 43 41 43 40 43 46 45 43 47 0 44 45 47 51 48 46 42 40 45 42 43 49 45 45 40 43 48 44 42 44 44 48 52 51 45 42 40 44 43 47 46 44 40 40 39 48 49 45 42 46 
20 44 46 44 47 43 40 45 45 47 49 48 47 46 42 46 40 51 46 50 44 0 42 45 48 49 50 45 42 43 41 42 51 48 45 43 48 40 39 48 52 47 47 51 47 48 42 43 44 41 52 50 46 46 46 43 52 49 40 47 45 
21 43 46 40 49 42 40 42 44 44 47 47 47 45 43 46 42 44 44 51 45 42 0 41 44 46 48 44 42 43 44 40 49 50 42 43 45 40 41 47 47 45 47 43 47 45 41 43 39 39 45 47 43 46 46 44 53 45 46 46 43 
22 43 43 41 47 43 43 42 46 46 46 47 48 45 45 48 44 42 43 50 47 45 41 0 42 44 51 48 44 39 43 42 49 45 41 44 46 43 44 48 46 44 44 40 40 44 43 45 42 42 43 49 42 48 47 50 48 42 49 47 42 
23 43 40 42 41 48 46 42 46 46 44 46 48 44 51 48 47 40 43 43 51 48 44 42 0 44 44 44 46 42 45 44 47 43 40 45 47 46 47 47 48 43 40 40 40 42 45 45 45 44 40 43 42 46 47 48 49 42 47 46 46 
24 48 42 44 40 45 47 43 46 46 46 45 51 43 51 48 48 44 42 40 48 49 46 44 44 0 42 44 46 45 46 49 45 41 42 49 46 48 48 46 43 42 42 43 42 40 46 46 47 46 39 40 42 46 47 49 43 45 49 44 52 
25 44 45 45 45 45 48 44 44 45 40 42 45 42 47 50 52 43 42 44 46 50 48 51 44 42 0 47 46 47 47 50 41 40 44 45 45 49 49 43 44 41 46 47 46 41 46 49 48 47 42 39 43 46 45 48 39 45 52 42 50 
26 39 43 45 41 40 43 40 43 40 41 41 46 39 42 46 43 46 43 48 42 45 44 48 44 44 47 0 41 43 42 41 43 41 42 43 40 45 44 41 41 40 45 45 44 41 41 40 44 42 47 43 40 40 41 42 45 45 43 40 45 
27 41 44 41 44 40 40 42 41 44 48 44 43 42 39 46 44 44 42 51 40 42 42 44 46 46 46 41 0 42 39 40 46 45 43 39 41 42 41 47 44 47 46 46 45 44 39 39 41 40 46 46 42 42 42 40 48 50 40 43 43 
28 42 40 40 44 42 41 41 44 48 46 47 47 48 44 47 43 46 43 46 45 43 43 39 42 45 47 43 42 0 41 40 49 45 40 43 45 45 42 47 46 44 42 41 41 44 41 43 40 40 47 46 42 43 46 49 48 43 43 46 41 
29 41 47 41 44 40 39 41 42 45 45 45 45 43 44 47 40 47 42 47 42 41 44 43 45 46 47 42 39 41 0 39 51 45 42 40 42 41 40 49 45 44 45 45 44 45 38 44 40 43 45 46 42 40 43 42 49 50 44 44 46 
30 40 42 43 47 43 40 40 42 42 44 45 45 46 45 44 41 42 45 46 43 42 40 42 44 49 50 41 40 40 39 0 51 44 45 40 42 41 41 45 44 43 44 43 43 43 39 41 40 39 44 45 41 41 44 43 48 44 42 44 42 
31 44 47 47 44 46 49 49 47 45 41 40 42 42 47 44 49 45 44 43 49 51 49 49 47 45 41 43 46 49 51 51 0 42 46 45 44 50 50 41 41 42 49 49 48 43 47 45 49 52 45 42 48 46 43 51 42 48 48 41 51 
32 42 43 47 39 43 46 45 43 44 39 42 44 40 46 45 47 41 44 44 45 48 50 45 43 41 40 41 45 45 45 44 42 0 46 43 48 47 47 47 40 39 48 45 44 39 44 43 46 45 41 39 40 44 44 46 41 47 51 41 48 
33 41 39 40 41 45 43 39 43 44 43 45 46 42 44 46 44 39 41 43 45 45 42 41 40 42 44 42 43 40 42 45 46 46 0 42 48 44 44 45 43 42 41 41 44 41 42 43 46 46 41 43 40 47 45 49 46 41 45 44 44 
34 40 44 41 43 39 41 41 40 39 43 43 42 41 40 41 41 43 41 46 40 43 43 44 45 49 45 43 39 43 40 40 45 43 42 0 40 43 42 42 43 46 46 46 45 43 40 38 42 41 45 45 42 38 41 41 47 46 41 42 44 
35 41 46 43 44 45 43 43 39 39 43 42 40 41 41 39 42 44 42 46 43 48 45 46 47 46 45 40 41 45 42 42 44 48 48 40 0 45 44 45 42 42 47 47 47 48 45 43 44 43 49 45 47 40 39 40 47 48 42 41 46 
36 44 44 42 46 42 40 47 45 44 48 52 48 50 42 46 44 45 45 49 48 40 40 43 46 48 49 45 42 45 41 41 50 47 44 43 45 0 39 48 48 50 45 49 45 51 41 44 39 40 47 49 45 43 46 44 55 51 41 47 43 
37 44 45 42 47 46 43 44 44 43 48 47 47 49 41 49 39 46 49 49 44 39 41 44 47 48 49 44 41 42 40 41 50 47 44 42 44 39 0 47 47 46 46 46 46 47 41 43 40 40 47 52 45 42 45 42 51 47 40 47 40 
38 42 47 45 44 43 50 44 41 46 42 39 39 41 44 41 49 45 42 45 42 48 47 48 47 46 43 41 47 47 49 45 41 47 45 42 45 48 47 0 41 42 49 49 48 43 44 42 47 46 46 44 44 43 40 44 44 48 45 39 49 
39 42 45 44 41 43 46 42 46 43 38 40 42 43 45 44 46 42 44 42 44 52 47 46 48 43 44 41 44 46 45 44 41 40 43 43 42 48 47 41 0 43 46 46 46 40 44 43 47 45 43 40 42 44 42 49 46 45 46 40 48 
40 40 43 46 40 42 45 41 41 42 39 41 43 39 44 47 45 41 43 42 44 47 45 44 43 42 41 40 47 44 44 43 42 39 42 46 42 50 46 42 43 0 44 45 44 39 43 42 45 48 42 41 40 42 42 45 43 44 45 40 47 
41 44 40 42 43 44 46 46 47 47 46 48 49 45 47 49 47 42 44 45 48 47 47 44 40 42 46 45 46 42 45 44 49 48 41 46 47 45 46 49 46 44 0 42 38 44 49 46 45 44 42 45 43 46 52 49 47 40 47 51 45 
42 44 40 42 43 48 45 42 47 47 46 48 49 45 47 49 46 42 44 49 52 51 43 40 40 43 47 45 46 41 45 43 49 45 41 46 47 49 46 49 46 45 42 0 42 44 48 46 44 44 42 45 43 46 48 52 48 40 47 47 44 
43 43 39 42 42 44 45 46 46 46 45 51 49 44 46 48 46 41 47 44 51 47 47 40 40 42 46 44 45 41 44 43 48 44 44 45 47 45 46 48 46 44 38 42 0 43 44 49 48 44 45 48 42 45 47 48 47 40 47 46 48 
44 41 42 42 38 46 46 45 43 44 40 42 45 40 46 45 46 40 40 40 45 48 45 44 42 40 41 41 44 44 45 43 43 39 41 43 48 51 47 43 40 39 44 44 43 0 48 47 46 45 40 43 40 44 48 46 42 43 46 42 47 
45 40 43 40 47 39 44 41 41 40 44 48 44 42 40 43 40 43 42 46 42 42 41 43 45 46 46 41 39 41 38 39 47 44 42 40 45 41 41 44 44 43 49 48 44 48 0 40 44 39 45 46 42 39 43 41 48 46 40 43 42 
46 44 44 45 43 39 42 41 39 42 47 42 42 45 40 41 42 43 41 46 40 43 43 45 45 46 49 40 39 43 44 41 45 43 43 38 43 44 43 42 43 42 46 46 49 47 40 0 43 42 45 45 42 39 40 41 47 46 41 42 48 
47 42 43 41 45 41 39 42 44 43 47 47 51 45 46 49 40 44 44 48 44 44 39 42 45 47 48 44 41 40 40 40 49 46 46 42 44 39 40 47 47 45 45 44 48 46 44 43 0 39 46 47 43 46 49 43 50 50 41 46 44 
48 41 42 40 44 40 39 41 43 42 46 46 46 44 41 45 44 43 43 47 43 41 39 42 44 46 47 42 40 40 43 39 52 45 46 41 43 40 40 46 45 48 44 44 44 45 39 42 39 0 45 46 42 41 44 46 49 45 41 45 41 
49 43 41 42 44 44 46 42 45 46 42 45 47 42 51 47 47 39 42 45 47 52 45 43 40 39 42 47 46 47 45 44 45 41 41 45 49 47 47 46 43 42 42 42 45 40 45 45 46 45 0 41 41 45 46 48 44 44 47 44 47 
50 43 44 44 40 48 51 43 44 45 40 42 49 45 47 46 48 41 42 39 46 50 47 49 43 40 39 43 46 46 46 45 42 39 43 45 45 49 52 44 40 41 45 45 48 43 46 45 47 46 41 0 42 49 45 51 44 44 52 42 49 
51 40 41 40 40 41 44 39 42 42 41 43 44 40 44 44 44 39 39 42 44 46 43 42 42 42 43 40 42 42 42 41 48 40 40 42 47 45 45 44 42 40 43 43 42 40 42 42 43 42 41 42 0 42 43 45 44 42 48 42 45 
52 40 44 45 44 43 41 42 40 39 44 43 43 42 39 41 41 44 42 46 40 46 46 48 46 46 46 40 42 43 40 41 46 44 47 38 40 43 42 43 44 42 46 46 45 44 39 39 46 41 45 49 42 0 41 40 47 47 40 42 44 
53 42 46 44 44 42 44 43 39 44 43 41 39 41 42 39 44 45 42 46 40 46 46 47 47 47 45 41 42 46 43 44 43 44 45 41 39 46 45 40 42 42 52 48 47 48 43 40 49 44 46 45 43 41 0 41 46 48 43 44 47 
54 43 46 44 46 42 42 44 41 40 46 44 46 44 39 41 41 50 44 48 39 43 44 50 48 49 48 42 40 49 42 43 51 46 49 41 40 44 42 44 49 45 49 52 48 46 41 41 43 46 48 51 45 40 41 0 53 53 40 44 49 
55 45 50 47 43 47 50 45 46 47 41 43 46 43 49 47 54 44 44 40 48 52 53 48 49 43 39 45 48 48 49 48 42 41 46 47 47 55 51 44 46 43 47 48 47 42 48 47 50 49 44 44 44 47 46 53 0 50 50 43 52 
56 44 41 43 42 49 47 43 51 47 45 47 49 45 48 49 48 45 44 47 49 49 45 42 42 45 45 45 50 43 50 44 48 47 41 46 48 51 47 48 45 44 40 40 40 43 46 46 50 45 44 44 42 47 48 53 50 0 48 46 46 
57 43 46 43 46 42 40 44 43 41 47 46 45 45 39 43 38 46 44 49 45 40 46 49 47 49 52 43 40 43 44 42 48 51 45 41 42 41 40 45 46 45 47 47 47 46 40 41 41 41 47 52 48 40 43 40 50 48 0 45 43 
58 45 45 44 42 42 45 42 40 42 40 43 40 43 44 42 49 43 41 43 42 47 46 47 46 44 42 40 43 46 44 44 41 41 44 42 41 47 47 39 40 40 51 47 46 42 43 42 46 45 44 42 42 42 44 44 43 46 45 0 52 
59 44 44 42 47 43 44 44 50 49 49 49 53 47 44 47 46 46 46 53 46 45 43 42 46 52 50 45 43 41 46 42 51 48 44 44 46 43 40 49 48 47 45 44 48 47 42 48 44 41 47 49 45 44 47 49 52 46 43 52 0 

;param d[*,*]
: 0 1 2 3 4 5 6 7 8 9 10 11 12 13 14 15 16 17 18 19 20 21 22 23 24 25 26 27 28 29 30 31 32 33 34 35 36 37 38 39 40 41 42 43 44 45 46 47 48 49 50 51 52 53 54 55 56 57 58 59:=
0 0.0 0 0 0 0.12 0 0 0 1.41 0.9 1.02 0 0.74 1.36 0.45 1.66 0 1.01 0 0 0 1.66 1.17 0.52 0 3.11 0.1 0.63 1.48 0 0 0.62 1.36 1.05 0.39 1.69 2.03 1.97 1.02 0.86 1.32 1.41 3.39 0.52 0.33 0 0 0 0.78 0 0.48 0.43 0 2.07 1.06 1.64 0 1.09 0 0 
1 0 0.0 0.23 2.91 0.43 0 0.63 0 3.76 1.45 0.78 0 2.92 0 0 0.67 0 0 0.6 4.42 0 0 0 0.74 0.98 5.32 3.8 0.58 0.23 0 0 0 1.21 0.75 3.11 0 2.09 2.34 1.96 0.63 3.67 0.43 0.17 0.56 3.29 0 2.16 1.72 0.43 1.69 2.09 1.69 3.29 0.8 0.8 0 0 0.72 1.64 0.55 
2 0 0.23 0.0 0 0.74 0 0 2.54 0.43 4.31 0 0.72 3.17 0 1.56 1.02 1.11 1.11 0.67 1.33 1.97 0 1.51 0.98 2.03 0.7 0 1.23 0.39 0.63 0 0 0 0.62 0.74 2.82 0 0 2.53 0.57 0 0.42 1.48 0 2.45 0.86 0 0.66 0.22 0.43 0.6 0.23 0 0.6 1.33 1.99 2.82 1.79 0.57 1.6 
3 0 2.91 0 0.0 0.43 0 0.63 0 3.2 0.86 3.55 2.4 1.41 0.7 0 4.33 0.55 1.52 2.03 1.6 0 0 0 0.32 0.55 0 2.53 4.43 4.05 4.56 0 1.97 0.75 1.51 1.79 1.33 2.96 0 1.29 0.28 0.17 1.13 2.92 3.29 0.38 0 0.5 1.6 0 0 1.52 0.62 4.18 0.6 5.83 2.54 2.35 1.84 1.48 0.83 
4 0.12 0.43 0.74 0.43 0.0 0 0 1.41 0 2.82 0 0 2.28 0 1.66 0 0.94 0.92 5.19 0.35 1.79 0.37 2.73 0 0 1.56 1.39 0.62 1.29 0.68 0 2.65 0.48 0 0.66 0 0 0 1.91 3.67 1.98 3.48 0 1.29 0 0 0 0.33 0.55 0.55 0 2.03 0 0.94 0 0.82 0 0.35 0.98 1.91 
5 0 0 0 0 0 0.0 1.6 1.17 1.54 1.88 2.96 0 2.22 0 0.62 0 2.28 0 0.97 0 0.74 0.8 1.79 0.73 0.89 0.97 0.48 0 0.78 0.23 0.8 0 1.8 1.85 0.78 0 0.39 0 0 0 2.4 1.68 2.46 0.65 0 0 0 0 0.43 0 0 0 0 0.62 1.48 4.13 3.02 0.74 1.64 0 
6 0 0.63 0 0.63 0 1.6 0.0 0 0.94 2.35 1.97 0 1.6 0 3.48 0 0 0.62 1.97 1.25 0 0 0 2.07 0 0.57 0.55 0 0 1.23 0.74 0 0 0.49 0.7 0.45 0 2.03 0 1.6 0.99 0 2.45 0 0 0.28 0 1.54 1.17 1.29 3.55 0.76 0 1.21 0 1.64 2.63 0.53 0 0 
7 0 0 2.54 0 1.41 1.17 0 0.0 0.66 2.35 1.11 0.92 0 0.32 0 2.63 0 0.7 0 0 3.67 2.28 4.14 4.14 0 0.58 0 0.99 2.28 0.4 2.35 0 1.72 1.91 0 0.31 3.76 3.39 0.63 0 1.88 0.83 0 0 2.73 0.33 0 3.29 1.79 2.4 2.16 2.16 0.74 0.49 1.79 2.71 0 2.54 0 0 
8 1.41 3.76 0.43 3.2 0 1.54 0.94 0.66 0.0 1.25 0 0 0.78 0.2 0.51 0 0 0.37 1.84 0.43 0 0 1.68 4.42 0 3.95 0.86 0 0 0 2.07 0 3.11 1.29 0.43 0.31 0.58 0.5 0 2.73 0.98 0.85 1.96 1.8 0.57 0.92 0 2.82 2.35 0 2.53 2.45 0.66 0 0.47 1.99 4.89 0.78 0 0 
9 0.9 1.45 4.31 0.86 2.82 1.88 2.35 2.35 1.25 0.0 0.59 1.13 0.2 0 3.39 3.08 2.16 2.03 0.66 3.48 0 0 5.83 1.33 0 0.39 2.41 0 1.68 5.32 1.45 2.15 0.89 2.82 1.17 0 0 3.39 2.79 0.51 1.14 4.14 0.77 1.6 1.52 4.69 0 0 0.72 3.17 0.68 1.23 0.58 1.79 0.73 0.74 1.52 1.96 0.55 3.7 
10 1.02 0.78 0 3.55 0 2.96 1.97 1.11 0 0.59 0.0 0.25 1.9 0 0.38 2.9 1.37 0.9 1.97 2.63 0.97 0.89 5.08 4.42 5.07 1.42 0.33 1.37 3.08 3.86 1.56 0.51 2.79 1.52 0.45 0.35 0 2.11 0.89 1.39 0.3 2.19 2.23 0 1.6 0 0 0 0 0.65 1.6 3.67 2.92 1.6 3.39 1.17 4.99 5.83 0 0 
11 0 0 0.72 2.4 0 0 0 0.92 0 1.13 0.25 0.0 0.94 1.17 0.17 0 5.57 0.5 5.83 1.11 3.2 0 5.55 2.23 0 1.49 0 1.21 2.03 0.65 2.46 1.6 3.29 2.83 2.35 1.41 0 0 0.31 2.35 1.79 1.07 1.07 2.35 3.58 4.43 0.38 0 0 4.71 0 4.56 1.66 0 0 4.23 3.88 4.94 0.59 0 
12 0.74 2.92 3.17 1.41 2.28 2.22 1.6 0 0.78 0.2 1.9 0.94 0.0 0 1.66 3.58 1.88 0.43 3.29 1.06 0 1.52 0.65 0.55 3.67 2.79 0.43 3.29 0 3.8 0 0.98 0.51 1.42 1.11 0.78 0 0 1.17 0 0.08 3.86 3.95 4.69 0.55 1.54 0 2.4 0 0.43 0 0.8 0.38 1.88 4.18 3.93 1.49 3.58 0 1.92 
13 1.36 0 0 0.7 0 0 0 0.32 0.2 0 0 1.17 0 0.0 2.07 0.68 3.86 0.5 3.51 0.8 0.35 0.47 1.64 0 0 3.26 2.91 0.43 1.29 0 0 6.46 0.72 0 0.22 0.27 0.43 0.78 2.09 0.67 4.43 2.07 0.85 2.96 4.05 0.51 0 0 0.74 0 3.14 0.55 0 0 0.43 7.86 5.27 0 0.55 2.03 
14 0.45 0 1.56 0 1.66 0.62 3.48 0 0.51 3.39 0.38 0.17 1.66 2.07 0.0 3.11 2.83 0.52 6.72 0 0.72 4.42 5.27 0.97 3.45 0 0 0 3.02 0 0 3.39 2.46 4.23 1.88 0.55 4.42 0 0 0.53 0 1.07 3.88 3.63 2.53 2.73 1.69 0 0.63 0 2.9 0.62 0.78 0.27 1.51 2.07 1.07 1.85 2.07 0 
15 1.66 0.67 1.02 4.33 0 0 0 2.63 0 3.08 2.9 0 3.58 0.68 3.11 0.0 0.7 1.37 3.76 0 0.62 0 0.62 1.99 2.27 0 3.8 0 0 0 1.17 1.0 6.21 0.6 1.88 2.45 0 0 0 4.52 1.6 4.71 2.96 4.33 4.42 0.8 1.29 0.92 0 3.14 7.1 2.22 0.27 0.55 0 0 0 0.25 0 0 
16 0 0 1.11 0.55 0.94 2.28 0 0 0 2.16 1.37 5.57 1.88 3.86 2.83 0.7 0.0 1.77 2.16 3.95 0 1.97 0.38 0 0 2.63 0 3.2 0 0 1.48 3.86 1.6 0.31 2.73 2.22 0.7 0.73 3.67 0.42 0.27 0 0.37 1.6 0.2 1.79 1.17 0 1.85 0.35 2.53 0.75 3.11 2.4 0 2.16 0 2.71 2.82 0 
17 1.01 0 1.11 1.52 0.92 0 0.62 0.7 0.37 2.03 0.9 0.5 0.43 0.5 0.52 1.37 1.77 0.0 3.29 0.48 0 0 2.92 0.45 3.29 3.17 0 0.4 1.72 1.02 0 1.97 0 0.27 0.28 2.07 0 0 3.29 0 0 1.33 4.31 0 0.2 0.37 1.11 0.55 0 1.98 2.66 0.23 1.29 1.54 3.2 2.09 4.18 0.6 1.05 0 
18 0 0.6 0.67 2.03 5.19 0.97 1.97 0 1.84 0.66 1.97 5.83 3.29 3.51 6.72 3.76 2.16 3.29 0.0 4.99 8.87 0 0 3.55 1.22 0 0 0 4.42 4.89 5.7 3.67 0 1.91 2.71 1.8 6.02 1.09 1.52 0.35 1.98 4.94 0 0.62 1.77 6.08 0.73 5.36 2.03 0 0.37 2.45 1.88 2.83 7.48 0.55 0 7.98 1.91 0 
19 0 4.42 1.33 1.6 0.35 0 1.25 0 0.43 3.48 2.63 1.11 1.06 0.8 0 0 3.95 0.48 4.99 0.0 0.57 2.4 0 0 5.18 2.9 0.82 1.41 0 0.94 0 0 0 1.56 0 0 0 0 1.42 0.57 1.97 0 0 0 3.86 0.35 0.2 2.16 1.85 0 0.78 0 0 0.68 0.31 3.45 5.65 0 2.35 0.75 
20 0 0 1.97 0 1.79 0.74 0 3.67 0 0 0.97 3.2 0 0.35 0.72 0.62 0 0 8.87 0.57 0.0 0.86 0 3.45 0 8.87 2.46 1.36 1.21 0.3 0 1.19 3.57 0.7 1.85 0 0 0.23 2.15 0 1.96 0.9 0 3.08 0 0 1.21 0 0 0 2.58 0 0 4.14 0 4.87 0 0.51 0 0 
21 1.66 0 0 0 0.37 0.8 0 2.28 0 0 0.89 0 1.52 0.47 4.42 0 1.97 0 0 2.4 0.86 0.0 0 0 0 3.51 1.29 0.9 0 0 0 0 0 1.48 2.54 3.58 0 0 3.26 3.02 0 0 0 0 0 0 1.79 0.1 0.13 0 3.14 1.85 0 1.76 0 0 2.4 0 1.84 0 
22 1.17 0 1.51 0 2.73 1.79 0 4.14 1.68 5.83 5.08 5.55 0.65 1.64 5.27 0.62 0.38 2.92 0 0 0 0 0.0 1.98 0 0 0 3.29 0 1.13 1.98 2.46 3.76 0.27 2.22 0.78 0 1.33 0 1.84 3.48 0 0.43 0.43 1.37 1.13 0.63 0.94 1.42 0 0 2.45 0 2.03 0 2.31 2.16 0 0.82 0.98 
23 0.52 0.74 0.98 0.32 0 0.73 2.07 4.14 4.42 1.33 4.42 2.23 0.55 0 0.97 1.99 0 0.45 3.55 0 3.45 0 1.98 0.0 0 2.22 0.57 4.14 0.43 3.86 3.01 4.89 1.66 0 2.46 4.61 0 0 2.03 0 0.48 0.68 0.86 0.39 2.07 3.67 3.95 2.53 1.45 0.94 2.63 2.66 2.71 4.89 0.95 0 0 0 4.05 0.75 
24 0 0.98 2.03 0.55 0 0.89 0 0 0 0 5.07 0 3.67 0 3.45 2.27 0 3.29 1.22 5.18 0 0 0 0 0.0 0.38 2.09 4.52 2.34 0.8 0 1.56 0.7 0 0 4.52 0.95 0.99 5.83 1.72 2.26 0.43 1.85 1.54 0.23 1.72 4.14 1.99 0 0.66 1.9 1.36 4.42 0.83 0 1.06 0 2.35 1.45 0 
25 3.11 5.32 0.7 0 1.56 0.97 0.57 0.58 3.95 0.39 1.42 1.49 2.79 3.26 0 0 2.63 3.17 0 2.9 8.87 3.51 0 2.22 0.38 0.0 0 0.8 0.85 6.46 0 1.11 0.47 2.22 5.07 2.46 2.54 8.24 1.17 0 2.41 2.9 0.83 0.75 0.63 1.84 0 0.99 6.72 3.29 0.13 2.54 5.7 2.34 3.39 0.85 3.76 0 2.16 2.66 
26 0.1 3.8 0 2.53 1.39 0.48 0.55 0 0.86 2.41 0.33 0 0.43 2.91 0 3.8 0 0 0 0.82 2.46 1.29 0 0.57 2.09 0 0.0 0.7 3.8 2.07 2.53 1.21 0.33 1.36 0 0.86 0 1.41 1.88 1.6 1.39 1.6 2.53 4.56 2.53 2.28 0.39 1.97 0.42 0 3.42 0.22 0.92 1.05 3.29 1.52 5.07 3.8 1.77 0 
27 0.63 0.58 1.23 4.43 0.62 0 0 0.99 0 0 1.37 1.21 3.29 0.43 0 0 3.2 0.4 0 1.41 1.36 0.9 3.29 4.14 4.52 0.8 0.7 0.0 1.6 0.49 0 6.08 1.49 0 0.66 0.63 1.48 1.17 0 3.39 0 0 0 0.68 2.22 0.37 0.31 1.17 0.55 1.68 1.76 1.02 0 2.16 0.51 3.51 0 0 1.85 0 
28 1.48 0.23 0.39 4.05 1.29 0.78 0 2.28 0 1.68 3.08 2.03 0 1.29 3.02 0 0 1.72 4.42 0 1.21 0 0 0.43 2.34 0.85 3.8 1.6 0.0 0.74 0.2 3.7 0.65 0 0 2.4 0 0 0 1.72 0.57 0 0 0.32 4.31 0.78 2.82 0.25 0.51 0 4.14 2.91 1.79 0.75 0 0.99 2.82 1.91 0 0 
29 0 0 0.63 4.56 0.68 0.23 1.23 0.4 0 5.32 3.86 0.65 3.8 0 0 0 0 1.02 4.89 0.94 0.3 0 1.13 3.86 0.8 6.46 2.07 0.49 0.74 0.0 0.35 0 2.46 0 0.86 2.26 0 0 0 0.67 1.97 2.53 0.63 2.22 0.63 0.25 0 0.43 0 2.53 4.42 2.45 0.74 0.52 0.82 7.6 0 0 1.41 0 
30 0 0 0 0 0 0.8 0.74 2.35 2.07 1.45 1.56 2.46 0 0 0 1.17 1.48 0 5.7 0 0 0 1.98 3.01 0 0 2.53 0 0.2 0.35 0.0 0 3.2 0 0.92 1.6 0.74 0.33 0.67 3.39 0.45 0 1.17 0 2.92 0 0 0.22 0.27 0 2.53 0.32 0.27 1.29 0.47 2.15 2.28 0.86 1.33 1.42 
31 0.62 0 0 1.97 2.65 0 0 0 0 2.15 0.51 1.6 0.98 6.46 3.39 1.0 3.86 1.97 3.67 0 1.19 0 2.46 4.89 1.56 1.11 1.21 6.08 3.7 0 0 0.0 1.48 1.84 0 2.16 0 0 1.69 0.27 3.29 2.39 1.07 3.57 1.13 1.92 0 2.46 0 0.7 1.54 0 4.14 2.82 0 2.66 3.45 3.63 0.3 1.24 
32 1.36 1.21 0 0.75 0.48 1.8 0 1.72 3.11 0.89 2.79 3.29 0.51 0.72 2.46 6.21 1.6 0 0 0 3.57 0 3.76 1.66 0.7 0.47 0.33 1.49 0.65 2.46 3.2 1.48 0.0 0 1.17 0 0 0 0 1.27 0.75 0 1.52 4.31 0.31 1.41 2.92 2.9 2.53 0.3 0.12 0.59 2.16 1.29 4.33 1.23 0 0 1.17 0 
33 1.05 0.75 0.62 1.51 0 1.85 0.49 1.91 1.29 2.82 1.52 2.83 1.42 0 4.23 0.6 0.31 0.27 1.91 1.56 0.7 1.48 0.27 0 0 2.22 1.36 0 0 0 0 1.84 0 0.0 0 0 2.03 2.22 0 1.91 2.66 1.69 1.69 0 0.32 0.94 0 0 0 0 3.67 0.17 0 2.46 0 0.73 1.88 1.52 0 2.09 
34 0.39 3.11 0.74 1.79 0.66 0.78 0.7 0 0.43 1.17 0.45 2.35 1.11 0.22 1.88 1.88 2.73 0.28 2.71 0 1.85 2.54 2.22 2.46 0 5.07 0 0.66 0 0.86 0.92 0 1.17 0 0.0 0.18 0.5 0 1.6 1.72 0 1.72 2.65 2.4 1.17 0.39 0.12 2.35 1.17 3.58 4.81 1.29 0 1.6 0 3.08 0.77 0.32 0.37 0 
35 1.69 0 2.82 1.33 0 0 0.45 0.31 0.31 0 0.35 1.41 0.78 0.27 0.55 2.45 2.22 2.07 1.8 0 0 3.58 0.78 4.61 4.52 2.46 0.86 0.63 2.4 2.26 1.6 2.16 0 0 0.18 0.0 2.46 1.37 0 2.45 1.54 3.33 0.89 4.61 0 0 0 0.58 1.13 0 2.46 0 0.2 0.27 1.41 4.61 0 0.98 0 2.83 
36 2.03 2.09 0 2.96 0 0.39 0 3.76 0.58 0 0 0 0 0.43 4.42 0 0.7 0 6.02 0 0 0 0 0 0.95 2.54 0 1.48 0 0 0.74 0 0 2.03 0.5 2.46 0.0 0 3.45 2.15 0 0 0 1.52 0 1.23 0 0.37 0.74 3.08 2.35 1.49 0 1.84 1.29 0 0 0.78 3.14 0 
37 1.97 2.34 0 0 0 0 2.03 3.39 0.5 3.39 2.11 0 0 0.78 0 0 0.73 0 1.09 0 0.23 0 1.33 0 0.99 8.24 1.41 1.17 0 0 0.33 0 0 2.22 0 1.37 0 0.0 3.2 0 0.77 0 0 0 1.99 0.7 1.72 0 0.8 3.26 0 0 0.9 0 1.6 2.89 2.11 0.22 0 0.23 
38 1.02 1.96 2.53 1.29 1.91 0 0 0.63 0 2.79 0.89 0.31 1.17 2.09 0 0 3.67 3.29 1.52 1.42 2.15 3.26 0 2.03 5.83 1.17 1.88 0 0 0 0.67 1.69 0 0 1.6 0 3.45 3.2 0.0 0.7 2.91 0 5.74 5.27 2.92 4.56 0.4 0.85 0 5.57 3.11 4.05 1.72 1.13 1.25 0.62 0 5.32 0.15 0 
39 0.86 0.63 0.57 0.28 3.67 0 1.6 0 2.73 0.51 1.39 2.35 0 0.67 0.53 4.52 0.42 0 0.35 0.57 0 3.02 1.84 0 1.72 0 1.6 3.39 1.72 0.67 3.39 0.27 1.27 1.91 1.72 2.45 2.15 0 0.7 0.0 0 2.83 6.08 0.72 1.41 4.56 0.45 0 2.59 0.47 1.9 1.98 4.05 0.98 0 0 1.64 6.08 0.62 2.31 
40 1.32 3.67 0 0.17 1.98 2.4 0.99 1.88 0.98 1.14 0.3 1.79 0.08 4.43 0 1.6 0.27 0 1.98 1.97 1.96 0 3.48 0.48 2.26 2.41 1.39 0 0.57 1.97 0.45 3.29 0.75 2.66 0 1.54 0 0.77 2.91 0 0.0 4.69 1.52 2.09 0.35 2.63 2.07 1.56 0 2.66 2.03 1.39 0.43 0 0.63 0.47 4.31 2.53 0.86 3.08 
41 1.41 0.43 0.42 1.13 3.48 1.68 0 0.83 0.85 4.14 2.19 1.07 3.86 2.07 1.07 4.71 0 1.33 4.94 0 0.9 0 0 0.68 0.43 2.9 1.6 0 0 2.53 0 2.39 0 1.69 1.72 3.33 0 0 0 2.83 4.69 0.0 0 0.07 1.97 0 0 2.34 1.41 0.35 2.4 1.66 1.8 0 3.7 3.26 0 0.89 0 0 
42 3.39 0.17 1.48 2.92 0 2.46 2.45 0 1.96 0.77 2.23 1.07 3.95 0.85 3.88 2.96 0.37 4.31 0 0 0 0 0.43 0.86 1.85 0.83 2.53 0 0 0.63 1.17 1.07 1.52 1.69 2.65 0.89 0 0 5.74 6.08 1.52 0 0.0 0 0.57 0 4.23 0.58 2.03 2.26 0.7 3.55 4.23 0 0 3.45 0.23 4.8 4.89 0 
43 0.52 0.56 0 3.29 1.29 0.65 0 0 1.8 1.6 0 2.35 4.69 2.96 3.63 4.33 1.6 0 0.62 0 3.08 0 0.43 0.39 1.54 0.75 4.56 0.68 0.32 2.22 0 3.57 4.31 0 2.4 4.61 1.52 0 5.27 0.72 2.09 0.07 0 0.0 1.13 3.29 0 0 1.97 0 0 2.91 0 2.11 0.92 6.46 0.43 0 4.42 0 
44 0.33 3.29 2.45 0.38 0 0 0 2.73 0.57 1.52 1.6 3.58 0.55 4.05 2.53 4.42 0.2 0.2 1.77 3.86 0 0 1.37 2.07 0.23 0.63 2.53 2.22 4.31 0.63 2.92 1.13 0.31 0.32 1.17 0 0 1.99 2.92 1.41 0.35 1.97 0.57 1.13 0.0 0 0 0.72 0 1.65 0 1.52 0.57 0 5.83 2.26 1.06 4.52 2.79 2.03 
45 0 0 0.86 0 0 0 0.28 0.33 0.92 4.69 0 4.43 1.54 0.51 2.73 0.8 1.79 0.37 6.08 0.35 0 0 1.13 3.67 1.72 1.84 2.28 0.37 0.78 0.25 0 1.92 1.41 0.94 0.39 0 1.23 0.7 4.56 4.56 2.63 0 0 3.29 0 0.0 0.74 0 0 3.58 0.72 0.86 0 1.66 0 7.1 1.72 0.59 3.93 1.6 
46 0 2.16 0 0.5 0 0 0 0 0 0 0 0.38 0 0 1.69 1.29 1.17 1.11 0.73 0.2 1.21 1.79 0.63 3.95 4.14 0 0.39 0.31 2.82 0 0 0 2.92 0 0.12 0 0 1.72 0.4 0.45 2.07 0 4.23 0 0 0.74 0.0 2.54 1.29 2.4 2.34 2.07 0.31 0.25 0.63 4.61 1.88 1.88 1.98 0 
47 0 1.72 0.66 1.6 0.33 0 1.54 3.29 2.82 0 0 0 2.4 0 0 0.92 0 0.55 5.36 2.16 0 0.1 0.94 2.53 1.99 0.99 1.97 1.17 0.25 0.43 0.22 2.46 2.9 0 2.35 0.58 0.37 0 0.85 0 1.56 2.34 0.58 0 0.72 0 2.54 0.0 0 2.71 4.99 1.91 0 0 1.91 4.19 0 1.17 2.83 0 
48 0.78 0.43 0.22 0 0.55 0.43 1.17 1.79 2.35 0.72 0 0 0 0.74 0.63 0 1.85 0 2.03 1.85 0 0.13 1.42 1.45 0 6.72 0.42 0.55 0.51 0 0.27 0 2.53 0 1.17 1.13 0.74 0.8 0 2.59 0 1.41 2.03 1.97 0 0 1.29 0 0.0 0.65 6.08 1.6 0 3.39 0 1.04 0 0 1.52 0 
49 0 1.69 0.43 0 0.55 0 1.29 2.4 0 3.17 0.65 4.71 0.43 0 0 3.14 0.35 1.98 0 0 0 0 0 0.94 0.66 3.29 0 1.68 0 2.53 0 0.7 0.3 0 3.58 0 3.08 3.26 5.57 0.47 2.66 0.35 2.26 0 1.65 3.58 2.4 2.71 0.65 0.0 2.28 2.15 1.64 4.42 0 4.05 0 3.33 4.43 0.83 
50 0.48 2.09 0.6 1.52 0 0 3.55 2.16 2.53 0.68 1.6 0 0 3.14 2.9 7.1 2.53 2.66 0.37 0.78 2.58 3.14 0 2.63 1.9 0.13 3.42 1.76 4.14 4.42 2.53 1.54 0.12 3.67 4.81 2.46 2.35 0 3.11 1.9 2.03 2.4 0.7 0 0 0.72 2.34 4.99 6.08 2.28 0.0 2.07 0 1.56 0 0 3.01 0 3.17 5.83 
51 0.43 1.69 0.23 0.62 2.03 0 0.76 2.16 2.45 1.23 3.67 4.56 0.8 0.55 0.62 2.22 0.75 0.23 2.45 0 0 1.85 2.45 2.66 1.36 2.54 0.22 1.02 2.91 2.45 0.32 0 0.59 0.17 1.29 0 1.49 0 4.05 1.98 1.39 1.66 3.55 2.91 1.52 0.86 2.07 1.91 1.6 2.15 2.07 0.0 1.54 0.52 2.34 2.22 0.43 0 0.38 1.56 
52 0 3.29 0 4.18 0 0 0 0.74 0.66 0.58 2.92 1.66 0.38 0 0.78 0.27 3.11 1.29 1.88 0 0 0 0 2.71 4.42 5.7 0.92 0 1.79 0.74 0.27 4.14 2.16 0 0 0.2 0 0.9 1.72 4.05 0.43 1.8 4.23 0 0.57 0 0.31 0 0 1.64 0 1.54 0.0 1.79 0.22 2.11 0 0.92 3.29 0 
53 2.07 0.8 0.6 0.6 0.94 0.62 1.21 0.49 0 1.79 1.6 0 1.88 0 0.27 0.55 2.4 1.54 2.83 0.68 4.14 1.76 2.03 4.89 0.83 2.34 1.05 2.16 0.75 0.52 1.29 2.82 1.29 2.46 1.6 0.27 1.84 0 1.13 0.98 0 0 0 2.11 0 1.66 0.25 0 3.39 4.42 1.56 0.52 1.79 0.0 0.78 1.8 0.97 2.92 0 2.07 
54 1.06 0.8 1.33 5.83 0 1.48 0 1.79 0.47 0.73 3.39 0 4.18 0.43 1.51 0 0 3.2 7.48 0.31 0 0 0 0.95 0 3.39 3.29 0.51 0 0.82 0.47 0 4.33 0 0 1.41 1.29 1.6 1.25 0 0.63 3.7 0 0.92 5.83 0 0.63 1.91 0 0 0 2.34 0.22 0.78 0.0 0 0 0.23 3.11 0 
55 1.64 0 1.99 2.54 0.82 4.13 1.64 2.71 1.99 0.74 1.17 4.23 3.93 7.86 2.07 0 2.16 2.09 0.55 3.45 4.87 0 2.31 0 1.06 0.85 1.52 3.51 0.99 7.6 2.15 2.66 1.23 0.73 3.08 4.61 0 2.89 0.62 0 0.47 3.26 3.45 6.46 2.26 7.1 4.61 4.19 1.04 4.05 0 2.22 2.11 1.8 0 0.0 0 8.74 3.93 1.29 
56 0 0 2.82 2.35 0 3.02 2.63 0 4.89 1.52 4.99 3.88 1.49 5.27 1.07 0 0 4.18 0 5.65 0 2.4 2.16 0 0 3.76 5.07 0 2.82 0 2.28 3.45 0 1.88 0.77 0 0 2.11 0 1.64 4.31 0 0.23 0.43 1.06 1.72 1.88 0 0 0 3.01 0.43 0 0.97 0 0 0.0 2.31 4.52 0.8 
57 1.09 0.72 1.79 1.84 0.35 0.74 0.53 2.54 0.78 1.96 5.83 4.94 3.58 0 1.85 0.25 2.71 0.6 7.98 0 0.51 0 0 0 2.35 0 3.8 0 1.91 0 0.86 3.63 0 1.52 0.32 0.98 0.78 0.22 5.32 6.08 2.53 0.89 4.8 0 4.52 0.59 1.88 1.17 0 3.33 0 0 0.92 2.92 0.23 8.74 2.31 0.0 0.68 0 
58 0 1.64 0.57 1.48 0.98 1.64 0 0 0 0.55 0 0.59 0 0.55 2.07 0 2.82 1.05 1.91 2.35 0 1.84 0.82 4.05 1.45 2.16 1.77 1.85 0 1.41 1.33 0.3 1.17 0 0.37 0 3.14 0 0.15 0.62 0.86 0 4.89 4.42 2.79 3.93 1.98 2.83 1.52 4.43 3.17 0.38 3.29 0 3.11 3.93 4.52 0.68 0.0 0 
59 0 0.55 1.6 0.83 1.91 0 0 0 0 3.7 0 0 1.92 2.03 0 0 0 0 0 0.75 0 0 0.98 0.75 0 2.66 0 0 0 0 1.42 1.24 0 2.09 0 2.83 0 0.23 0 2.31 3.08 0 0 0 2.03 1.6 0 0 0 0.83 5.83 1.56 0 2.07 0 1.29 0.8 0 0 0.0 

;