set O:= 0;
set N:= 1 2 3 4 5 6 7 8 9 10 11 12 13 14 15 16 17 18 19 20 21 22 23 24 25 26 27 28 29 30 31 32 33 34 35 36 37 38 39 40 41 42 43 44 45 46 47 48 49 50 51 52 53 54 55 56 57 58 59;
set K:= 1 2 3 4 5 6 7 8 9 10 11 12 13 14 15;
param V:= 15;
param cp:= 80;
param dm:= 5.0;
param o:=
0 0
1 18
2 26
3 11
4 30
5 21
6 19
7 15
8 16
9 29
10 26
11 37
12 16
13 12
14 31
15 8
16 19
17 20
18 13
19 15
20 22
21 28
22 12
23 6
24 27
25 14
26 18
27 17
28 29
29 13
30 22
31 25
32 28
33 27
34 19
35 10
36 12
37 14
38 24
39 16
40 33
41 15
42 11
43 18
44 17
45 21
46 27
47 19
48 20
49 5
50 22
51 12
52 19
53 22
54 16
55 7
56 26
57 14
58 21
59 24
;
param c[*,*]
: 0 1 2 3 4 5 6 7 8 9 10 11 12 13 14 15 16 17 18 19 20 21 22 23 24 25 26 27 28 29 30 31 32 33 34 35 36 37 38 39 40 41 42 43 44 45 46 47 48 49 50 51 52 53 54 55 56 57 58 59:=
0 0 7 5 5 5 11 3 4 4188 6 23 10 7 7944 9 9749 7 2234 8 7 16 9749 17 11 9 29 2 23 8666 7 6 16 10 4747 7 5026 11915 11554 23 6 16 20 10051 11 6 6 4 10 29 9 7 4 6 6143 30 12 11 40 4 13 
1 7 0 6 6422 12 15 9 11 11168 10 13 15 35 15 15 18 4 7 9 13123 20 8 2 13 14 9326 8376 16 6 11 8 13 9 1776 11915 13 12277 13721 22 9 8097 5 3 1332 7259 12 51 10110 19 5026 15 20 12638 17 17 11 5 19 19 35 
2 5 6 0 9 4333 8 3 9749 12 12277 9 31 9027 10 29 38 5026 13 16 25 11554 7 5777 14 9214 17 7 7222 14 23 3 14 11 3611 14 10832 11 12 9104 8 9 11 35 8 38 5055 8 25 9 15 14 6 8 16 49 23 8376 10471 15 18054 
3 5 6422 9 0 10 15 6 8 9493 6 6217 22 17 17 12 66 5 3350 3553 23 24 14 9 6 5 4 5584 12638 11554 12999 10 14 7 18 42 19 17332 22 9 4 3 10 35 7259 838 12 14 59 16 3 2665 6 11915 13 12844 24 28 21 11 29 
4 5 12 4333 10 0 8 5 4188 4 27 8 11 6499 7 30 9 27 11 9104 7 10471 16 10471 9 13 11 3972 3611 7583 3972 3 9548 7 7 2528 5 12 9 6883 6439 30 13360 13 24 10 3 4 14 20 18 8 5777 3 13 7 12 11 15 22 10610 
5 11 15 8 15 8 0 9388 22 36 69 17332 18 12999 7 17 3 13360 12 23 11 4333 4694 10471 32 38 23 21 6 29 9 4694 27 66 10832 14 12 14 3 17 19 14082 62 14443 28 20 4 9 3 2528 21 19 14 8 17 8666 48 17693 4333 61 17 
6 3 9 3 6 5 9388 0 7 13 22 7106 11 19 12 10331 11 4 6 14 18 15 10 7 6143 8 8 5 10 8 7222 4333 9 5 2234 13 9 11 11915 9 12 9 8 7259 6 5 12 8 9027 6860 5863 6217 1675 8 17 11 12 7818 23 7 16 
7 4 11 9749 8 4188 22 7 0 1954 6980 16 17 5 7 4 10110 9 10 11 3 14082 53 12285 12285 13 11 3 18 53 8 9027 7 31 35 3 6 14443 12999 7 5 5584 17 16 14 8097 7 2 12638 42 44 20 6422 13 9 5305 25 14 9749 3 7 
8 4188 11168 12 9493 4 36 13 1954 0 18 6 6 11 4 7 8 10 8 16 8 12 13 24 13123 15 47 16 3 13 5 7944 10 9214 18 8 6 16 14 5 6439 14 18 28 26 12 17 1 10832 9027 13 23 7259 1954 3 7 18 14519 14 5 7 
9 6 10 12277 6 27 69 22 6980 18 0 4 10 3 10 10051 36 26 3553 5 10331 27 22 10214 12 7 3 4219 8 19 9326 17 3775 1554 27 13 9 25 19859 4885 888 1998 39 11 11 2665 8216 7 20 31 6980 5 9 9 32 14 5 14 23 4 12285 
10 23 13 9 6217 8 17332 7106 16 6 4 0 4 3331 8 6 34 12 6 14 6217 42 24 11991 13123 11168 10 5 10 11102 36 36 4 4885 35 7 6 21 78 1554 2443 4 25 25 12 12 8 6 14 11 12 12 6439 28 3775 32 8 14798 16609 1 8 
11 10 15 31 22 11 18 11 17 6 10 4 0 8 10 3 15 12285 9 12844 20 18776 21 16473 32 15 13 6 11 75 12 14443 12 39 12844 6980 4188 22 23 2 22 16 22 22 34 42 9772 8 18 18 56 11 10051 15 2 7 50 70 14082 4 4 
12 7 35 9027 17 6499 12999 19 5 11 3 3331 8 0 11 30 55 22 4 5773 15 19 56 12 10 8097 4885 4 9388 13 10832 9 7 4 13 26 11 16 16 8 2 2 46 47 10331 5 18 6 14082 13 8 4 7 9 5584 9214 6883 13 55 2 41 
13 7944 15 10 17 7 7 12 7 4 10 8 10 11 0 6143 3972 11448 12 25 15 15 20 30 14 15 24 8305 2528 48 5 8 11324 11 16 6 6 19 29 15 10 12638 38 23 69 62 19 5 8 27 14 23 13 3 7 1954 13767 15636 3 8 8376 
14 9 15 29 12 30 17 10331 4 7 10051 6 3 30 6143 0 11915 51 11 14798 3 19 16971 15636 20 63 13 6 7 71 9 14 7994 45 12564 5584 10 16971 15 4 9 9 22 70 66 46 8097 5026 16 17 16 26 13 11 4 4467 18 22 43 4885 3 
15 9749 18 38 66 9 3 11 10110 8 36 34 15 55 3972 11915 0 19 16 44 9 3611 8 17 37 42 22 10832 4 13 4 6860 24 17693 26 7222 9388 6 4 16 69 19 18054 69 16609 68 4694 30 5416 5 74 20220 26 12 15 7 25 22 1444 15 14 
16 7 4 5026 5 27 13360 4 9 10 26 12 12285 22 11448 51 19 0 3909 26 11727 18 8935 8 4 4 31 6 9493 7 9 6701 46 19 9 8097 40 30 32 44 8 5 7 8 4747 4 32 17 12 8376 5 5584 9 9214 44 13 20 5 64 34 17 
17 2234 7 13 3350 11 12 6 10 8 3553 6 9 4 12 11 16 3909 0 5773 10 18 13 35 8 7259 5551 2 10 20 12 7 14 3 5 8 6143 18 14 5773 4 2 12 9493 8 4 9 26 24 11 23 4663 2 15 28 38 15 9214 14 8 13 
18 8 9 16 3553 9104 23 14 11 16 5 14 12844 5773 25 14798 44 26 5773 0 59 25275 20 10 7818 15 2 7 11 68 46 16248 6439 3 14 20 16 92 26 11 5 19 8660 9 9 3109 10658 11 82 23 5 3 23 13 26 16473 4 9 22748 14 17 
19 7 13123 25 23 7 11 18 3 8 10331 6217 20 15 15 3 9 11727 10 59 0 15 56 16 15 15356 26 12 4188 16 13 12 9 12 22 4 2 14 13 20 9 36 18 16 15 11448 7 4 51 43 16 15 11 4 12 4 31 16752 8 5551 6 
20 16 20 11554 24 10471 4333 15 14082 12 27 42 18776 19 15 19 3611 18 18 25275 15 0 32 16 20220 29 25275 14443 7944 45 13 10 51 20942 30 43 13 5 9 79 21 72 39 18 18054 25 9 22 6 9 21 30 18 9 15887 12 57 24 19 21 18 
21 9749 8 7 14 16 4694 10 53 13 22 24 21 56 20 16971 8 8935 13 20 56 32 0 8 13 15 41 48 33 3 5 5 16 16 8666 9749 13721 5 6 11769 10880 16 12 12 10 19 8 42 4 6 14 37 10832 9 32 14 24 10889 9 42 21 
22 17 2 5777 9 10471 10471 7 12285 24 10214 11991 16473 12 30 15636 17 8 35 10 16 16 8 0 5863 11 11 10 12638 4 21 7583 28 36 4 52 16 13 49 14 13 41 3 5 5 12 21 17 35 8305 9 10 29 13 29 14 16 6422 15 14 75 
23 11 13 14 6 9 32 6143 12285 13123 12 13123 32 10 14 20 37 4 8 7818 15 20220 13 5863 0 4 20 11 12285 9 11448 8935 14519 15 5 45 13681 21 23 29 10 9 12 16 6 25 10889 11727 11448 41 2792 31 5863 49 14519 20 12 1 22 12006 39 
24 9 14 9214 5 13 38 8 13 15 7 11168 15 8097 15 63 42 4 7259 15 15356 29 15 11 4 0 7 19 13402 10610 17 11 14 6 8 12 13402 41 43 12844 16 27 9 34 28 4 25 12285 57 14 1954 4188 12 13123 17 19 9 5 43 13 18 
25 29 9326 17 4 11 23 8 11 47 3 10 13 4885 24 13 22 31 5551 2 26 25275 41 11 20 7 0 7 12 20 11324 17 8 3 16 8882 22 29 23470 8 3 4219 21 12 11 4 13 9 24 19137 7259 2 24 9992 21 31 8 45 22 20 18 
26 2 8376 7 5584 3972 21 5 3 16 4219 5 6 4 8305 6 10832 6 2 7 12 14443 48 10 11 19 7 0 8 10832 32 7222 9 5 12 4 16 17 52 18 15 3071 14 23 10051 5584 6499 7 11554 18 8 5995 4 11 19 7259 11 11168 10832 3109 11 
27 23 16 7222 12638 3611 6 10 18 3 8 10 11 9388 2528 7 4 9493 10 11 4188 7944 33 12638 12285 13402 12 8 0 9388 2889 6 10658 11 13 2528 9 8666 6860 7 32 10 18 18 19 26 2166 6 6860 20 24 12 12 1 6422 15 25 14 5 13 12 
28 8666 6 14 11554 7583 29 8 53 13 19 11102 75 13 48 71 13 7 20 68 16 45 3 4 9 10610 20 10832 9388 0 27 9 13323 16 7 11 56 7 10 14 12 14 9 8 9 12277 29 10832 11 19 9 64 8305 10471 20 14 24 8376 11193 12 24 
29 7 11 23 12999 3972 9 7222 8 5 9326 36 12 10832 5 9 4 9 12 46 13 13 5 21 11448 17 11324 32 2889 27 0 13 12 18 10 20 6701 6 5 9 10 23 59 17 52 15 1444 6 16 2 46 42 38 4333 11 23 13323 13 5 10 12 
30 6 8 3 10 3 4694 4333 9027 7944 17 36 14443 9 8 14 6860 6701 7 16248 12 10 5 7583 8935 11 17 7222 6 9 13 0 11 49 6 22 38 27 14 18 32 11 13 22 11 45 4 7 9 10 12 30 8 12 24 20 25 41 32 30 16609 
31 16 13 14 14 9548 27 9 7 10 3775 4 12 7 11324 7994 24 46 14 6439 9 51 16 28 14519 14 8 9 10658 13323 12 11 0 11 42 10 31 31 27 16 4 5773 27 18 52 8 14 10 56 13 13 11 8 39 6661 11 4663 63 43 4 18 
32 10 9 11 7 7 66 5 31 9214 1554 4885 39 4 11 45 17693 19 3 3 12 20942 16 36 15 6 3 5 11 16 18 49 11 0 5 13 9 21 24 6 2220 7 8 11 7550 2 10 6883 16971 14804 6 2 4 16 18 51 9 9 18 8 17 
33 4747 1776 3611 18 7 10832 2234 35 18 27 35 12844 13 16 12564 26 9 5 14 22 30 8666 4 5 8 16 12 13 7 10 6 42 5 0 10 10 11915 12999 10 14 5863 3997 3997 3 6 35 11 10 8 5 6439 3 10 45 12 11 5584 56 9 15636 
34 7 11915 14 42 2528 14 13 3 8 13 7 6980 26 6 5584 7222 8097 8 20 4 43 9749 52 45 12 8882 4 2528 11 20 22 10 13 10 0 4 14 10 23 25 8 32 62 56 22 7 3 9027 27 10610 8438 30 2 4747 5 22 16 9 6 10 
35 5026 13 10832 19 5 12 9 6 6 9 6 4188 11 6 10 9388 40 6143 16 2 13 13721 16 13681 13402 22 16 9 56 6701 38 31 9 10 4 0 58 25 4 5773 28 60 18 13681 9 6 2 16 21 12 22 8 4 4 4188 55 17 18 4 22 
36 11915 12277 11 17332 12 14 11 14443 16 25 21 22 16 19 16971 6 30 18 92 14 5 5 13 21 41 29 17 8666 7 6 27 31 21 11915 14 58 0 3 20220 79 17 19 14 56 18 7222 13 2166 4333 18054 27 55 13 34 48 27 18 29 18415 20 
37 11554 13721 12 22 9 3 11915 12999 14 19859 78 23 16 29 15 4 32 14 26 13 9 6 49 23 43 23470 52 6860 10 5 14 27 24 12999 10 25 3 0 18776 24 33 22 18 18 74 26 40 4 4694 19137 22 18 33 17 9388 33 78 9 22 36 
38 23 22 9104 9 6883 17 9 7 5 4885 1554 2 8 15 4 16 44 5773 11 20 79 11769 14 29 12844 8 18 7 14 9 18 16 6 10 23 4 20220 18776 0 5 5107 15 13545 12435 28 7994 7 23 11 12285 29 7106 12 2665 9 9 18 15165 2 6 
39 6 9 8 4 6439 19 12 5 6439 888 2443 22 2 10 9 69 8 4 5 9 21 10880 13 10 16 3 15 32 12 10 32 4 2220 14 25 5773 79 24 5 0 2 20 10658 11 13 7994 7 12 9326 9 3331 19 7106 11 9 5 15 17332 4 36 
40 16 8097 9 3 30 14082 9 5584 14 1998 4 16 2 12638 9 19 5 2 19 36 72 16 41 9 27 4219 3071 10 14 23 11 5773 7 5863 8 28 17 33 5107 2 0 10331 14 19 3 40 7944 58 12 5863 3553 3071 10 8 12 7 9493 30 6 11727 
41 20 5 11 10 13360 62 8 17 18 39 25 22 46 38 22 18054 7 12 8660 18 39 12 3 12 9 21 14 18 9 59 13 27 8 3997 32 60 19 22 15 20 10331 0 1 1 18 14 18 13721 52 7 17 15 33 16 67 24 3 24 11 23 
42 10051 3 35 35 13 14443 7259 16 28 11 25 22 47 23 70 69 8 9493 9 16 18 12 5 16 34 12 23 18 8 17 22 18 11 3997 62 18 14 18 13545 10658 14 1 0 1 11 14 16248 25 11915 6701 10 7818 16248 18 16 25 5 18415 11546 26 
43 11 1332 8 7259 24 28 6 14 26 11 12 34 10331 69 66 16609 4747 8 9 15 18054 10 5 6 28 11 10051 19 9 52 11 52 7550 3 56 13681 56 18 12435 11 19 1 1 0 10 12638 15 12 11554 5 8 6422 17 30 19 11324 6 20 10436 20 
44 6 7259 38 838 10 20 5 8097 12 2665 12 42 5 62 46 68 4 4 3109 11448 25 19 12 25 4 4 5584 26 12277 15 45 8 2 6 22 9 18 74 28 13 3 18 11 10 0 12 11 31 17 3630 2 3350 14 10 12844 21 9 69 4885 57 
45 6 12 5055 12 3 4 12 7 17 8216 8 9772 18 19 8097 4694 32 9 10658 7 9 8 21 10889 25 13 6499 2166 29 1444 4 14 10 35 7 6 7222 26 7994 7994 40 14 14 12638 12 0 17 5 4 10610 11 10 3 30 6 12435 25 22 6883 10889 
46 4 51 8 14 4 9 8 2 1 7 6 8 6 5 5026 30 17 26 11 4 22 42 17 11727 12285 9 7 6 10832 6 7 10 6883 11 3 2 13 40 7 7 7944 18 16248 15 11 17 0 9749 30 44 17 7944 7 5 9 44 27 7222 4663 8 
47 10 10110 25 59 14 3 9027 12638 10832 20 14 18 14082 8 16 5416 12 24 82 51 6 4 35 11448 57 24 11554 6860 11 16 9 56 16971 10 9027 16 2166 4 23 12 58 13721 25 12 31 5 9749 0 2 12285 77 11193 8 15 11193 49 13 6860 10214 19 
48 29 19 9 16 20 2528 6860 42 9027 31 11 18 13 27 17 5 8376 11 23 43 9 6 8305 41 14 19137 18 20 19 2 10 13 14804 8 27 21 4333 4694 11 9326 12 52 11915 11554 17 4 30 2 0 22 17332 9388 8 12999 10 25 15 8 35 22 
49 9 5026 15 3 18 21 5863 44 13 6980 12 56 8 14 16 74 5 23 5 16 21 14 9 2792 1954 7259 8 24 9 46 12 13 6 5 10610 12 18054 19137 12285 9 5863 7 6701 5 3630 10610 44 12285 22 0 5026 4747 23 13123 17 8935 4 78 9772 35 
50 7 15 14 2665 8 19 6217 20 23 5 12 11 4 23 26 20220 5584 4663 3 15 30 37 10 31 4188 2 5995 12 64 42 30 11 2 6439 8438 22 27 22 29 3331 3553 17 10 8 2 11 17 77 17332 5026 0 20 9 14 15 3 36 21 5551 61 
51 4 20 6 6 5777 14 1675 6422 7259 9 6439 10051 7 13 13 26 9 2 23 11 18 10832 29 5863 12 24 4 12 8305 38 8 8 4 3 30 8 55 18 7106 19 3071 15 7818 6422 3350 10 7944 11193 9388 4747 20 0 18 11 21 16 8 13 6 54 
52 6 12638 8 11915 3 8 8 13 1954 9 28 15 9 3 11 12 9214 15 13 4 9 9 13 49 13123 9992 11 1 10471 4333 12 39 16 10 2 4 13 33 12 7106 10 33 16248 17 14 3 7 8 8 23 9 18 0 5305 7 15 15 5416 5773 9 
53 6143 17 16 13 13 17 17 9 3 32 3775 2 5584 7 4 15 44 28 26 12 15887 32 29 14519 17 21 19 6422 20 11 24 6661 18 45 4747 4 34 17 2665 11 8 16 18 30 10 30 5 15 12999 13123 14 11 5305 0 11 16 20 11193 3 9 
54 30 17 49 12844 7 8666 11 5305 7 14 32 7 9214 1954 4467 7 13 38 16473 4 12 14 14 20 19 31 7259 15 14 23 20 11 51 12 5 4188 48 9388 9 9 12 67 16 19 12844 6 9 11193 10 17 15 21 7 11 0 18 18 10 29 6 
55 12 11 23 24 12 48 12 25 18 5 8 50 6883 13767 18 25 20 15 4 31 57 24 16 12 9 8 11 25 24 13323 25 4663 9 11 22 55 27 33 9 5 7 24 25 11324 21 12435 44 49 25 8935 3 16 15 16 18 0 13 24914 6883 19 
56 11 5 8376 28 11 17693 7818 14 14519 14 14798 70 13 15636 22 22 5 9214 9 16752 24 10889 6422 1 5 45 11168 14 8376 13 41 63 9 5584 16 17 18 78 18 15 9493 3 5 6 9 25 27 13 15 4 36 8 15 20 18 13 0 43 13402 41 
57 40 19 10471 21 15 4333 23 9749 14 23 16609 14082 55 3 43 1444 64 14 22748 8 19 9 15 22 43 22 10832 5 11193 5 32 43 18 56 9 18 29 9 15165 17332 30 24 18415 20 69 22 7222 6860 8 78 21 13 5416 11193 10 24914 43 0 16 17 
58 4 19 15 11 22 61 7 3 5 4 1 4 2 8 4885 15 34 8 14 5551 21 42 14 12006 13 20 3109 13 12 10 30 4 8 9 6 4 18415 22 2 4 6 11 11546 10436 4885 6883 4663 10214 35 9772 5551 6 5773 3 29 6883 13402 16 0 7 
59 13 35 18054 29 10610 17 16 7 7 12285 8 4 41 8376 3 14 17 13 17 6 18 21 75 39 18 18 11 12 24 12 16609 18 17 15636 10 22 20 36 6 36 11727 23 26 20 57 10889 8 19 22 35 61 54 9 9 6 19 41 17 7 0 

;param cto[*,*]
: 0 1 2 3 4 5 6 7 8 9 10 11 12 13 14 15 16 17 18 19 20 21 22 23 24 25 26 27 28 29 30 31 32 33 34 35 36 37 38 39 40 41 42 43 44 45 46 47 48 49 50 51 52 53 54 55 56 57 58 59:=
0 0 46 44 45 39 42 43 44 40 42 42 43 40 42 43 43 41 39 48 42 44 43 43 43 48 44 39 41 42 41 40 44 42 41 40 41 44 44 42 42 40 44 44 43 41 40 44 42 41 43 43 40 40 42 43 45 44 43 45 45 
1 46 0 40 42 42 44 41 49 45 44 46 51 43 49 51 45 44 46 44 46 46 46 43 40 42 45 43 44 40 47 42 47 43 39 44 46 44 45 47 45 43 40 40 39 42 43 44 43 42 41 44 41 44 46 46 50 41 46 45 49 
2 44 40 0 46 40 41 43 43 42 44 49 46 42 46 45 42 41 41 45 44 44 40 41 42 44 45 45 41 40 41 43 47 47 40 41 43 42 42 45 44 46 42 42 42 42 40 45 41 40 42 44 40 45 44 44 47 43 43 44 47 
3 45 42 46 0 42 49 41 47 44 40 43 45 40 45 49 46 39 40 41 45 47 49 47 41 40 45 41 44 44 44 47 44 39 41 43 44 46 47 44 41 40 43 43 42 38 47 43 45 44 44 40 40 44 44 46 43 42 46 42 47 
4 39 42 40 42 0 41 40 40 40 43 43 43 41 41 43 41 42 40 45 42 43 42 43 48 45 45 40 40 42 40 43 46 43 45 39 45 42 46 43 43 42 44 48 44 46 39 39 41 40 44 48 41 43 42 42 47 49 42 42 45 
5 42 44 41 49 41 0 42 43 42 46 46 46 44 41 44 39 44 47 48 43 40 40 43 46 47 48 43 40 41 39 40 49 46 43 41 43 40 43 50 46 45 46 45 45 46 44 42 39 39 46 51 44 41 44 42 50 47 40 45 50 
6 43 41 43 41 40 42 0 42 42 42 44 48 41 43 44 47 40 40 44 44 45 42 42 42 43 44 40 42 41 41 40 49 45 39 41 43 47 44 44 42 41 46 42 46 45 41 41 42 41 42 43 39 42 43 44 45 43 44 42 46 
7 44 49 43 47 40 43 42 0 39 42 41 40 40 41 40 43 47 41 49 44 45 44 46 46 46 44 43 41 44 42 42 47 43 43 40 39 45 44 41 46 41 47 47 46 43 41 39 44 43 45 44 42 40 39 41 46 51 43 40 46 
8 40 45 42 44 40 42 42 39 0 44 42 45 41 40 40 46 48 42 46 39 47 44 46 46 46 45 40 44 48 45 42 45 44 44 39 39 44 43 46 43 42 47 47 46 44 40 42 43 42 46 45 42 39 44 40 47 47 41 42 46 
9 42 44 44 40 43 46 42 42 44 0 40 43 40 49 44 47 42 41 41 44 49 47 46 44 46 40 41 48 46 45 44 41 39 43 43 43 48 48 42 38 39 46 46 45 40 44 47 47 46 42 40 41 44 43 46 41 45 47 40 46 
10 42 46 49 43 43 46 44 41 42 40 0 40 40 48 42 46 44 42 44 43 48 47 47 46 45 42 41 44 47 45 45 40 42 45 43 42 52 47 39 40 41 48 48 51 42 48 42 47 46 45 42 43 43 41 44 43 47 46 43 43 
11 43 51 46 45 43 46 48 40 45 43 40 0 42 43 40 49 46 43 46 41 47 47 48 48 51 45 46 43 47 45 45 42 44 46 42 40 48 47 39 42 43 49 49 49 45 44 42 51 46 47 49 44 43 39 46 46 49 45 40 44 
12 40 43 42 40 41 44 41 40 41 40 40 42 0 47 43 45 41 39 42 43 46 45 45 44 43 42 39 42 48 43 46 42 40 42 41 41 50 49 41 43 39 45 45 44 40 42 45 45 44 42 45 40 42 41 44 43 45 45 43 44 
13 42 49 46 45 41 41 43 41 40 49 48 43 47 0 42 40 45 43 48 40 42 43 45 51 51 47 42 39 44 44 45 47 46 44 40 41 42 41 44 45 44 47 47 46 46 40 40 46 41 51 47 44 39 42 39 49 48 39 44 43 
14 43 51 45 49 43 44 44 40 40 44 42 40 43 42 0 44 46 43 47 43 46 46 48 48 48 50 46 46 47 47 44 44 45 46 41 39 46 49 41 44 47 49 49 48 45 43 41 49 45 47 46 44 41 39 41 47 49 43 42 40 
15 43 45 42 46 41 39 47 43 46 47 46 49 45 40 44 0 45 44 49 46 40 42 44 47 48 52 43 44 43 40 41 49 47 44 41 42 44 39 49 46 45 47 46 46 46 40 42 40 44 47 48 44 41 44 41 54 48 38 49 49 
16 41 44 41 39 42 44 40 47 48 42 44 46 41 45 46 45 0 40 42 45 51 44 42 40 44 43 46 44 46 47 42 45 41 39 43 44 45 46 45 42 41 42 42 41 40 43 43 44 43 39 41 39 44 45 50 44 45 46 43 48 
17 39 46 41 40 40 47 40 41 42 41 42 43 39 43 43 44 40 0 42 43 46 44 43 43 42 42 43 42 43 42 45 44 44 41 41 42 45 49 42 44 43 44 44 47 40 42 41 44 43 42 42 39 42 42 44 44 44 44 41 45 
18 48 44 45 41 45 48 44 49 46 41 44 46 42 48 47 49 42 42 0 47 50 51 50 43 40 44 48 51 46 47 46 43 44 43 46 46 49 49 45 42 42 45 49 44 40 46 46 48 47 45 39 42 46 46 48 40 47 49 43 53 
19 42 46 44 45 42 43 44 44 39 44 43 41 43 40 43 46 45 43 47 0 44 45 47 51 48 46 42 40 45 42 43 49 45 45 40 43 48 44 42 44 44 48 52 51 45 42 40 44 43 47 46 44 40 40 39 48 49 45 42 41 
20 44 46 44 47 43 40 45 45 47 49 48 47 46 42 46 40 51 46 50 44 0 42 45 48 49 50 45 42 43 41 42 51 48 45 43 48 40 39 48 52 47 47 51 47 48 42 43 44 41 52 50 46 46 46 43 52 49 40 47 51 
21 43 46 40 49 42 40 42 44 44 47 47 47 45 43 46 42 44 44 51 45 42 0 41 44 46 48 44 42 43 44 40 49 50 42 43 45 40 41 47 47 45 47 43 47 45 41 43 39 39 45 47 43 46 46 44 53 45 46 46 52 
22 43 43 41 47 43 43 42 46 46 46 47 48 45 45 48 44 42 43 50 47 45 41 0 42 44 51 48 44 39 43 42 49 45 41 44 46 43 44 48 46 44 44 40 40 44 43 45 42 42 43 49 42 48 47 50 48 42 49 47 50 
23 43 40 42 41 48 46 42 46 46 44 46 48 44 51 48 47 40 43 43 51 48 44 42 0 44 44 44 46 42 45 44 47 43 40 45 47 46 47 47 48 43 40 40 40 42 45 45 45 44 40 43 42 46 47 48 49 42 47 46 50 
24 48 42 44 40 45 47 43 46 46 46 45 51 43 51 48 48 44 42 40 48 49 46 44 44 0 42 44 46 45 46 49 45 41 42 49 46 48 48 46 43 42 42 43 42 40 46 46 47 46 39 40 42 46 47 49 43 45 49 44 53 
25 44 45 45 45 45 48 44 44 45 40 42 45 42 47 50 52 43 42 44 46 50 48 51 44 42 0 47 46 47 47 50 41 40 44 45 45 49 49 43 44 41 46 47 46 41 46 49 48 47 42 39 43 46 45 48 39 45 52 42 47 
26 39 43 45 41 40 43 40 43 40 41 41 46 39 42 46 43 46 43 48 42 45 44 48 44 44 47 0 41 43 42 41 43 41 42 43 40 45 44 41 41 40 45 45 44 41 41 40 44 42 47 43 40 40 41 42 45 45 43 40 44 
27 41 44 41 44 40 40 42 41 44 48 44 43 42 39 46 44 44 42 51 40 42 42 44 46 46 46 41 0 42 39 40 46 45 43 39 41 42 41 47 44 47 46 46 45 44 39 39 41 40 46 46 42 42 42 40 48 50 40 43 44 
28 42 40 40 44 42 41 41 44 48 46 47 47 48 44 47 43 46 43 46 45 43 43 39 42 45 47 43 42 0 41 40 49 45 40 43 45 45 42 47 46 44 42 41 41 44 41 43 40 40 47 46 42 43 46 49 48 43 43 46 48 
29 41 47 41 44 40 39 41 42 45 45 45 45 43 44 47 40 47 42 47 42 41 44 43 45 46 47 42 39 41 0 39 51 45 42 40 42 41 40 49 45 44 45 45 44 45 38 44 40 43 45 46 42 40 43 42 49 50 44 44 49 
30 40 42 43 47 43 40 40 42 42 44 45 45 46 45 44 41 42 45 46 43 42 40 42 44 49 50 41 40 40 39 0 51 44 45 40 42 41 41 45 44 43 44 43 43 43 39 41 40 39 44 45 41 41 44 43 48 44 42 44 46 
31 44 47 47 44 46 49 49 47 45 41 40 42 42 47 44 49 45 44 43 49 51 49 49 47 45 41 43 46 49 51 51 0 42 46 45 44 50 50 41 41 42 49 49 48 43 47 45 49 52 45 42 48 46 43 51 42 48 48 41 45 
32 42 43 47 39 43 46 45 43 44 39 42 44 40 46 45 47 41 44 44 45 48 50 45 43 41 40 41 45 45 45 44 42 0 46 43 48 47 47 47 40 39 48 45 44 39 44 43 46 45 41 39 40 44 44 46 41 47 51 41 47 
33 41 39 40 41 45 43 39 43 44 43 45 46 42 44 46 44 39 41 43 45 45 42 41 40 42 44 42 43 40 42 45 46 46 0 42 48 44 44 45 43 42 41 41 44 41 42 43 46 46 41 43 40 47 45 49 46 41 45 44 48 
34 40 44 41 43 39 41 41 40 39 43 43 42 41 40 41 41 43 41 46 40 43 43 44 45 49 45 43 39 43 40 40 45 43 42 0 40 43 42 42 43 46 46 46 45 43 40 38 42 41 45 45 42 38 41 41 47 46 41 42 43 
35 41 46 43 44 45 43 43 39 39 43 42 40 41 41 39 42 44 42 46 43 48 45 46 47 46 45 40 41 45 42 42 44 48 48 40 0 45 44 45 42 42 47 47 47 48 45 43 44 43 49 45 47 40 39 40 47 48 42 41 41 
36 44 44 42 46 42 40 47 45 44 48 52 48 50 42 46 44 45 45 49 48 40 40 43 46 48 49 45 42 45 41 41 50 47 44 43 45 0 39 48 48 50 45 49 45 51 41 44 39 40 47 49 45 43 46 44 55 51 41 47 52 
37 44 45 42 47 46 43 44 44 43 48 47 47 49 41 49 39 46 49 49 44 39 41 44 47 48 49 44 41 42 40 41 50 47 44 42 44 39 0 47 47 46 46 46 46 47 41 43 40 40 47 52 45 42 45 42 51 47 40 47 47 
38 42 47 45 44 43 50 44 41 46 42 39 39 41 44 41 49 45 42 45 42 48 47 48 47 46 43 41 47 47 49 45 41 47 45 42 45 48 47 0 41 42 49 49 48 43 44 42 47 46 46 44 44 43 40 44 44 48 45 39 42 
39 42 45 44 41 43 46 42 46 43 38 40 42 43 45 44 46 42 44 42 44 52 47 46 48 43 44 41 44 46 45 44 41 40 43 43 42 48 47 41 0 43 46 46 46 40 44 43 47 45 43 40 42 44 42 49 46 45 46 40 45 
40 40 43 46 40 42 45 41 41 42 39 41 43 39 44 47 45 41 43 42 44 47 45 44 43 42 41 40 47 44 44 43 42 39 42 46 42 50 46 42 43 0 44 45 44 39 43 42 45 48 42 41 40 42 42 45 43 44 45 40 45 
41 44 40 42 43 44 46 46 47 47 46 48 49 45 47 49 47 42 44 45 48 47 47 44 40 42 46 45 46 42 45 44 49 48 41 46 47 45 46 49 46 44 0 42 38 44 49 46 45 44 42 45 43 46 52 49 47 40 47 51 51 
42 44 40 42 43 48 45 42 47 47 46 48 49 45 47 49 46 42 44 49 52 51 43 40 40 43 47 45 46 41 45 43 49 45 41 46 47 49 46 49 46 45 42 0 42 44 48 46 44 44 42 45 43 46 48 52 48 40 47 47 51 
43 43 39 42 42 44 45 46 46 46 45 51 49 44 46 48 46 41 47 44 51 47 47 40 40 42 46 44 45 41 44 43 48 44 44 45 47 45 46 48 46 44 38 42 0 43 44 49 48 44 45 48 42 45 47 48 47 40 47 46 54 
44 41 42 42 38 46 46 45 43 44 40 42 45 40 46 45 46 40 40 40 45 48 45 44 42 40 41 41 44 44 45 43 43 39 41 43 48 51 47 43 40 39 44 44 43 0 48 47 46 45 40 43 40 44 48 46 42 43 46 42 47 
45 40 43 40 47 39 44 41 41 40 44 48 44 42 40 43 40 43 42 46 42 42 41 43 45 46 46 41 39 41 38 39 47 44 42 40 45 41 41 44 44 43 49 48 44 48 0 40 44 39 45 46 42 39 43 41 48 46 40 43 45 
46 44 44 45 43 39 42 41 39 42 47 42 42 45 40 41 42 43 41 46 40 43 43 45 45 46 49 40 39 43 44 41 45 43 43 38 43 44 43 42 43 42 46 46 49 47 40 0 43 42 45 45 42 39 40 41 47 46 41 42 47 
47 42 43 41 45 41 39 42 44 43 47 47 51 45 46 49 40 44 44 48 44 44 39 42 45 47 48 44 41 40 40 40 49 46 46 42 44 39 40 47 47 45 45 44 48 46 44 43 0 39 46 47 43 46 49 43 50 50 41 46 51 
48 41 42 40 44 40 39 41 43 42 46 46 46 44 41 45 44 43 43 47 43 41 39 42 44 46 47 42 40 40 43 39 52 45 46 41 43 40 40 46 45 48 44 44 44 45 39 42 39 0 45 46 42 41 44 46 49 45 41 45 46 
49 43 41 42 44 44 46 42 45 46 42 45 47 42 51 47 47 39 42 45 47 52 45 43 40 39 42 47 46 47 45 44 45 41 41 45 49 47 47 46 43 42 42 42 45 40 45 45 46 45 0 41 41 45 46 48 44 44 47 44 49 
50 43 44 44 40 48 51 43 44 45 40 42 49 45 47 46 48 41 42 39 46 50 47 49 43 40 39 43 46 46 46 45 42 39 43 45 45 49 52 44 40 41 45 45 48 43 46 45 47 46 41 0 42 49 45 51 44 44 52 42 48 
51 40 41 40 40 41 44 39 42 42 41 43 44 40 44 44 44 39 39 42 44 46 43 42 42 42 43 40 42 42 42 41 48 40 40 42 47 45 45 44 42 40 43 43 42 40 42 42 43 42 41 42 0 42 43 45 44 42 48 42 46 
52 40 44 45 44 43 41 42 40 39 44 43 43 42 39 41 41 44 42 46 40 46 46 48 46 46 46 40 42 43 40 41 46 44 47 38 40 43 42 43 44 42 46 46 45 44 39 39 46 41 45 49 42 0 41 40 47 47 40 42 43 
53 42 46 44 44 42 44 43 39 44 43 41 39 41 42 39 44 45 42 46 40 46 46 47 47 47 45 41 42 46 43 44 43 44 45 41 39 46 45 40 42 42 52 48 47 48 43 40 49 44 46 45 43 41 0 41 46 48 43 44 41 
54 43 46 44 46 42 42 44 41 40 46 44 46 44 39 41 41 50 44 48 39 43 44 50 48 49 48 42 40 49 42 43 51 46 49 41 40 44 42 44 49 45 49 52 48 46 41 41 43 46 48 51 45 40 41 0 53 53 40 44 46 
55 45 50 47 43 47 50 45 46 47 41 43 46 43 49 47 54 44 44 40 48 52 53 48 49 43 39 45 48 48 49 48 42 41 46 47 47 55 51 44 46 43 47 48 47 42 48 47 50 49 44 44 44 47 46 53 0 50 50 43 49 
56 44 41 43 42 49 47 43 51 47 45 47 49 45 48 49 48 45 44 47 49 49 45 42 42 45 45 45 50 43 50 44 48 47 41 46 48 51 47 48 45 44 40 40 40 43 46 46 50 45 44 44 42 47 48 53 50 0 48 46 51 
57 43 46 43 46 42 40 44 43 41 47 46 45 45 39 43 38 46 44 49 45 40 46 49 47 49 52 43 40 43 44 42 48 51 45 41 42 41 40 45 46 45 47 47 47 46 40 41 41 41 47 52 48 40 43 40 50 48 0 45 44 
58 45 45 44 42 42 45 42 40 42 40 43 40 43 44 42 49 43 41 43 42 47 46 47 46 44 42 40 43 46 44 44 41 41 44 42 41 47 47 39 40 40 51 47 46 42 43 42 46 45 44 42 42 42 44 44 43 46 45 0 47 
59 45 49 47 47 45 50 46 46 46 46 43 44 44 43 40 49 48 45 53 41 51 52 50 50 53 47 44 44 48 49 46 45 47 48 43 41 52 47 42 45 45 51 51 54 47 45 47 51 46 49 48 46 43 41 46 49 51 44 47 0 

;param d[*,*]
: 0 1 2 3 4 5 6 7 8 9 10 11 12 13 14 15 16 17 18 19 20 21 22 23 24 25 26 27 28 29 30 31 32 33 34 35 36 37 38 39 40 41 42 43 44 45 46 47 48 49 50 51 52 53 54 55 56 57 58 59:=
0 0.0 0 0 0 0.43 0.98 0 0 1.41 0 1.02 0.48 0.47 2.79 0.45 3.42 0.32 0.75 0 0 1.41 3.42 1.17 0.52 0 1.29 0 1.51 3.04 0.3 0.55 0.62 0.37 1.6 0.62 1.69 4.18 4.05 1.02 0 0.86 1.41 3.39 0.52 0 0.23 0 0.43 1.88 0 0 0.18 0.55 2.07 1.66 0 0 2.63 0 0.63 
1 0 0.0 0.55 2.16 1.02 1.29 0.63 0 3.76 0 0 0 1.91 0 0 1.56 0 0 0 4.42 1.72 0 0 0.74 0.98 2.59 2.82 1.37 0.55 0 0.35 0 0 0.49 4.18 0 4.31 4.81 0.83 0 2.73 0.18 0 0.37 2.45 0.48 3.29 3.55 1.6 1.69 0.57 1.11 4.43 0.8 0.8 0 0 1.68 0.7 2.46 
2 0 0.55 0.0 0 1.52 0.32 0 3.42 1.02 4.31 0 2.65 3.17 0 2.46 2.45 1.69 1.11 0.67 2.09 4.05 0.59 2.03 0.98 3.11 0.7 0 2.53 0.94 1.51 0 0 0 1.27 1.17 3.8 0.94 1.02 2.53 0 0 0.98 2.26 0.35 2.45 1.77 0 1.6 0.8 1.02 0.6 0.23 0 1.41 3.2 1.99 2.82 3.67 0.57 6.33 
3 0 2.16 0 0.0 0.43 0 0.27 0 3.2 0.23 1.72 1.52 0.92 0.7 0 4.33 0.35 1.13 0.99 1.6 2.11 0 0 0 0.23 0 1.88 4.43 4.05 4.56 0 0.53 0.31 0.99 2.73 1.33 6.08 1.92 0 0 0 0.48 1.91 2.45 0.28 0 1.17 3.86 1.41 0 0.74 0.39 4.18 0.6 4.33 1.06 1.54 1.84 0.4 2.03 
4 0.43 1.02 1.52 0.43 0.0 0.7 0.47 1.41 0 1.17 0 0.52 2.28 0.28 1.66 0.78 1.48 0.92 2.53 0.35 3.67 1.36 3.67 0 0.63 0 1.39 1.27 2.66 1.39 0 2.65 0 0 0.89 0 1.02 0 1.91 1.79 1.98 4.69 0 2.03 0 0.12 0.15 1.23 1.32 1.29 0 2.03 0 0.94 0 0 0 1.29 0.98 3.58 
5 0.98 1.29 0.32 0 0.7 0.0 3.29 1.85 2.35 4.52 6.08 0.75 4.56 0.63 1.45 0.13 4.69 0 0.97 0.47 1.52 1.65 3.67 2.71 3.26 0.97 1.79 0.23 1.88 0.56 1.65 2.35 4.33 3.8 1.23 0.5 0.94 0 0 0.78 4.94 4.05 5.07 2.4 1.72 0 0.37 0.12 0.89 1.8 0 1.25 0.7 1.45 3.04 4.13 6.21 1.52 3.95 0 
6 0 0.63 0 0.27 0.47 3.29 0.0 0 0.94 0.98 1.97 0 1.05 0.48 3.48 0 0.2 0.39 0.53 1.25 0.63 0.9 0 2.07 0 0 0.23 0.86 0.7 2.53 1.52 0 0 0.75 1.11 0.45 0 4.18 0 0.43 0.63 0 2.45 0 0 1.05 0.32 3.17 2.41 1.98 1.72 0.56 0.35 1.21 0 0 2.63 1.97 0 0.78 
7 0 0 3.42 0 1.41 1.85 0 0.0 0.66 2.35 0.7 0.92 0 0.32 0 3.55 0 0.7 0 0 4.94 3.48 4.14 4.14 0 0 0 0.99 3.48 0.4 3.17 0 1.72 1.91 0 0.31 5.07 4.56 0.27 0 1.88 0.83 0 0 2.73 0.33 0 4.43 2.73 2.4 1.37 2.16 0.74 0.49 1.79 1.72 0 3.42 0 0 
8 1.41 3.76 1.02 3.2 0 2.35 0.94 0.66 0.0 1.25 0 0 0.78 0.2 0.51 0 0 0.37 0.78 0.43 0 0.55 1.68 4.42 0 2.59 0.86 0 0 0 2.79 0 3.11 1.29 0.43 0.31 1.37 1.17 0 1.79 0.98 0.85 1.96 1.8 0.57 0.92 0 3.8 3.17 0 1.6 2.45 0.66 0 0.47 0.85 4.89 1.23 0 0 
9 0 0 4.31 0.23 1.17 4.52 0.98 2.35 1.25 0.0 0 0.48 0 0 3.39 3.08 1.42 0.99 0 3.48 2.35 1.92 2.83 0.57 0 0 1.17 0 1.68 2.59 1.45 1.05 0.43 1.17 0.5 0 2.19 6.97 1.36 0.25 0.55 1.72 0 0 0.74 2.28 0 0.83 2.65 2.35 0.18 0.33 0 1.79 0 0 0.65 1.96 0 4.14 
10 1.02 0 0 1.72 0 6.08 1.97 0.7 0 0 0.0 0 0.92 0 0 2.9 0.58 0 0.53 1.72 3.57 0.89 3.33 4.42 3.76 0.38 0 0 3.08 1.6 1.56 0 1.36 1.52 0 0 0 5.08 0.43 0.68 0 0.94 0.95 0 0.43 0 0 0 0 0 0.43 1.79 1.21 1.05 1.41 0 4.99 5.83 0 0 
11 0.48 0 2.65 1.52 0.52 0.75 0 0.92 0 0.48 0 0.0 0.4 0.5 0.17 0 4.14 0 4.33 1.11 6.59 0.89 5.55 2.23 0 0.63 0 0.52 4.89 0 5.07 0.43 2.16 4.33 2.35 1.41 0.92 1.96 0 0.98 1.13 1.07 1.07 2.35 2.34 3.29 0.38 0 0.73 3.08 0 3.39 1.06 0 0 2.77 3.88 4.94 0 0 
12 0.47 1.91 3.17 0.92 2.28 4.56 1.05 0 0.78 0 0.92 0.4 0.0 0 1.66 3.58 1.23 0.27 1.6 1.06 0.8 3.67 0 0 2.73 1.36 0.27 3.29 0 3.8 0 0 0 0.9 1.69 0.78 0 0 0.32 0 0 2.53 2.59 3.48 0.23 1.54 0 4.94 0.53 0 0 0.51 0.38 1.88 3.11 1.91 0.63 3.58 0 2.28 
13 2.79 0 0 0.7 0.28 0.63 0.48 0.32 0.2 0 0 0.5 0 0.0 2.07 1.39 3.86 0.5 0.95 0.8 1.29 1.72 2.59 0 0 0.89 2.91 0.89 3.11 0 0 3.14 0 1.41 0.51 0.27 1.6 1.88 0.57 0 4.43 3.26 1.99 4.52 4.05 1.22 0.22 0 1.79 0 0.85 0.55 0.13 0 0.66 3.82 5.27 0.13 0 2.82 
14 0.45 0 2.46 0 1.66 1.45 3.48 0 0.51 3.39 0 0.17 1.66 2.07 0.0 4.18 2.83 0.52 4.99 0 1.68 5.95 5.27 0.97 3.45 0 0 0 4.61 0 0.6 2.22 2.46 4.23 1.88 0.55 5.95 0 0 0 0 1.07 3.88 3.63 2.53 2.73 1.69 0 1.49 0 1.84 0.62 0.78 0.27 1.51 0.89 1.07 2.82 1.36 0 
15 3.42 1.56 2.45 4.33 0.78 0.13 0 3.55 0 3.08 2.9 0 3.58 1.39 4.18 0.0 1.64 1.37 3.76 0 1.27 0.35 1.45 3.14 3.57 0 3.8 0 1.09 0.17 2.41 1.0 6.21 2.22 2.53 3.29 0 0.35 0 4.52 1.6 6.33 4.52 5.83 4.42 1.65 1.98 1.9 0 4.8 7.1 2.22 0.99 1.29 0.28 0 0.94 0.51 0 0 
16 0.32 0 1.69 0.35 1.48 4.69 0.2 0 0 1.42 0.58 4.14 1.23 3.86 2.83 1.64 0.0 1.32 1.42 3.95 0 3.01 0.38 0 0 1.72 0 3.2 0 0 2.26 2.53 1.05 0.49 2.73 2.22 2.59 2.71 2.4 0 0 0 0.37 1.6 0 1.79 1.17 0.58 2.82 0.35 1.88 0.49 3.11 2.4 0 1.37 0 4.14 1.85 0 
17 0.75 0 1.11 1.13 0.92 0 0.39 0.7 0.37 0.99 0 0 0.27 0.5 0.52 1.37 1.32 0.0 1.6 0.48 0.73 0.53 1.91 0 2.45 1.54 0 0.4 1.72 1.02 0 0.53 0 0 0.66 2.07 1.52 0 1.6 0 0 0.57 3.2 0 0 0.37 1.69 2.03 0.45 1.29 1.29 0.1 1.29 1.54 2.09 0.57 3.11 0.6 0.28 0 
18 0 0 0.67 0.99 2.53 0.97 0.53 0 0.78 0 0.53 4.33 1.6 0.95 4.99 3.76 1.42 1.6 0.0 3.26 8.87 0 0 2.63 0.8 0 0 0 4.42 2.03 5.7 1.79 0 0.52 0.73 0.77 6.02 1.09 0 0 0.82 2.4 0 0 0.86 2.96 0 5.36 2.03 0 0.1 1.02 0 1.8 5.55 0 0 7.98 0.52 0 
19 0 4.42 2.09 1.6 0.35 0.47 1.25 0 0.43 3.48 1.72 1.11 1.06 0.8 0 0 3.95 0.48 3.26 0.0 1.33 3.67 0 0 5.18 1.84 0.82 1.41 0.68 0.94 0.48 0 0 1.56 0 0 0 0.55 0.9 0 1.97 0 0 0 3.86 0.35 0.2 3.29 2.82 0 0 0 0 0.68 0.31 2.19 5.65 0 1.54 0.28 
20 1.41 1.72 4.05 2.11 3.67 1.52 0.63 4.94 0 2.35 3.57 6.59 0.8 1.29 1.68 1.27 0 0.73 8.87 1.33 0.0 2.07 0.67 7.1 2.54 8.87 5.07 2.79 2.92 1.11 0.42 4.37 7.35 2.59 2.82 0 0.2 0.56 5.18 0 4.71 3.33 0 6.33 2.19 0.37 1.91 0 0.74 0 2.58 0.73 0 5.57 1.06 4.87 1.02 1.22 0.87 0 
21 3.42 0 0.59 0 1.36 1.65 0.9 3.48 0.55 1.92 0.89 0.89 3.67 1.72 5.95 0.35 3.01 0.53 0 3.67 2.07 0.0 0.7 0.6 0 3.51 3.11 2.16 0 0 0.22 0 0 3.04 3.42 4.81 0.39 0.27 3.26 3.02 0.65 0 0.48 0 1.6 0.7 2.73 0.37 0.49 0.67 3.14 3.8 0 2.77 0.6 0 3.67 0 1.84 0 
22 1.17 0 2.03 0 3.67 3.67 0 4.14 1.68 2.83 3.33 5.55 0 2.59 5.27 1.45 0.38 1.91 0 0 0.67 0.7 0.0 1.98 0 0 0 4.43 0.15 1.79 2.66 1.05 1.56 0 3.39 0.78 1.09 3.2 0 0 2.28 0 0.18 0.18 0.58 1.79 1.49 2.26 2.91 0 0 1.6 0 2.03 0 0 2.16 0 0 4.13 
23 0.52 0.74 0.98 0 0 2.71 2.07 4.14 4.42 0.57 4.42 2.23 0 0 0.97 3.14 0 0 2.63 0 7.1 0.6 1.98 0.0 0 1.41 0 4.14 0.43 3.86 3.01 4.89 1.06 0 2.46 4.61 1.8 1.96 2.03 0 0 0.68 0.86 0.39 1.36 3.67 3.95 3.86 2.28 0.94 1.72 1.98 2.71 4.89 0.95 0 0 0.9 4.05 2.7 
24 0 0.98 3.11 0.23 0.63 3.26 0 0 0 0 3.76 0 2.73 0 3.45 3.57 0 2.45 0.8 5.18 2.54 0 0 0 0.0 0 1.33 4.52 3.58 0.8 0 0.67 0.3 0.38 0 4.52 3.51 3.63 4.33 1.09 1.48 0.43 1.85 1.54 0 1.72 4.14 3.14 0 0.66 1.41 0.86 4.42 0.83 0 0.45 0 3.7 0.62 0 
25 1.29 2.59 0.7 0 0 0.97 0 0 2.59 0 0.38 0.63 1.36 0.89 0 0 1.72 1.54 0 1.84 8.87 3.51 0 1.41 0 0.0 0 0 0.85 3.14 0 0.3 0 0.6 2.46 1.56 2.54 8.24 0 0 1.17 0.78 0 0 0 0 0 0.99 6.72 2.45 0 1.06 2.77 1.49 2.15 0.35 2.46 0 0.9 0.89 
26 0 2.82 0 1.88 1.39 1.79 0.23 0 0.86 1.17 0 0 0.27 2.91 0 3.8 0 0 0 0.82 5.07 3.11 0 0 1.33 0 0.0 0.7 3.8 2.07 2.53 0 0 0.86 0 0.86 1.49 3.39 0.78 0.66 1.04 0.68 1.6 3.39 1.88 2.28 0.62 4.05 1.54 0 1.66 0 0.92 1.05 2.45 0 3.76 3.8 0.86 0 
27 1.51 1.37 2.53 4.43 1.27 0.23 0.86 0.99 0 0 0 0.52 3.29 0.89 0 0 3.2 0.4 0 1.41 2.79 2.16 4.43 4.14 4.52 0 0.7 0.0 3.29 1.01 0.55 2.96 0 1.13 0.89 0.63 3.04 2.41 0 1.41 0 0.77 0.73 1.6 2.22 0.76 0.49 2.41 1.32 1.68 0 1.02 0 2.16 0.8 0.95 0 0.2 0.5 0.55 
28 3.04 0.55 0.94 4.05 2.66 1.88 0.7 3.48 0 1.68 3.08 4.89 0 3.11 4.61 1.09 0 1.72 4.42 0.68 2.92 0 0.15 0.43 3.58 0.85 3.8 3.29 0.0 1.79 0.74 3.7 0.65 0.59 0.47 3.67 0 0.42 0 0 0.57 0.38 0.33 0.74 4.31 1.88 3.8 0.92 1.22 0 4.14 2.91 3.67 1.76 0 0.99 2.82 3.93 0 0.99 
29 0.3 0 1.51 4.56 1.39 0.56 2.53 0.4 0 2.59 1.6 0 3.8 0 0 0.17 0 1.02 2.03 0.94 1.11 0 1.79 3.86 0.8 3.14 2.07 1.01 1.79 0.0 0.85 0 0.67 0.43 1.32 2.26 0.27 0.22 0 0 1.97 3.86 1.49 3.39 0.63 0.51 0 1.04 0 2.53 1.84 2.45 1.52 0.52 1.29 3.7 0 0 0 0 
30 0.55 0.35 0 0 0 1.65 1.52 3.17 2.79 1.45 1.56 5.07 0 0 0.6 2.41 2.26 0 5.7 0.48 0.42 0.22 2.66 3.01 0 0 2.53 0.55 0.74 0.85 0.0 0 3.2 0 1.41 2.45 1.79 1.23 0.67 1.41 0.45 0.53 1.85 0.45 2.92 0.31 0.28 0.8 0.66 0.55 2.53 0.32 0.99 2.03 1.72 2.15 2.28 2.07 1.33 5.83 
31 0.62 0 0 0.53 2.65 2.35 0 0 0 1.05 0 0.43 0 3.14 2.22 1.0 2.53 0.53 1.79 0 4.37 0 1.05 4.89 0.67 0.3 0 2.96 3.7 0 0 0.0 0.4 1.84 0 1.37 2.7 1.12 0.7 0 1.6 1.02 0 2.27 0 0 0 2.46 0 0 0.42 0 1.72 1.85 0 1.29 3.45 3.63 0 0.67 
32 0.37 0 0 0.31 0 4.33 0 1.72 3.11 0.43 1.36 2.16 0 0 2.46 6.21 1.05 0 0 0 7.35 0 1.56 1.06 0.3 0 0 0 0.65 0.67 3.2 0.4 0.0 0 0.5 0 0.89 2.07 0 0.62 0.31 0 0 2.09 0.08 0 1.91 5.95 5.19 0 0 0 0.58 1.29 2.83 0.33 0 0 0.32 0.82 
33 1.6 0.49 1.27 0.99 0 3.8 0.75 1.91 1.29 1.17 1.52 4.33 0.9 1.41 4.23 2.22 0.49 0 0.52 1.56 2.59 3.04 0 0 0.38 0.6 0.86 1.13 0.59 0.43 0 1.84 0 0.0 0.43 0 4.18 4.56 0 0.52 1.98 1.11 1.11 0 0 2.26 0.47 0 0 0 1.79 0 0 2.46 0 0 1.88 3.67 0 5.27 
34 0.62 4.18 1.17 2.73 0.89 1.23 1.11 0 0.43 0.5 0 2.35 1.69 0.51 1.88 2.53 2.73 0.66 0.73 0 2.82 3.42 3.39 2.46 0 2.46 0 0.89 0.47 1.32 1.41 0 0.5 0.43 0.0 0.18 1.17 0.43 1.02 1.09 0 2.71 4.05 3.67 1.85 0.62 0.19 3.17 1.79 3.58 2.34 1.98 0.07 1.6 0 0.83 0.77 0.74 0 0 
35 1.69 0 3.8 1.33 0 0.5 0.45 0.31 0.31 0 0 1.41 0.78 0.27 0.55 3.29 2.22 2.07 0.77 0 0 4.81 0.78 4.61 4.52 1.56 0.86 0.63 3.67 2.26 2.45 1.37 0 0 0.18 0.0 3.76 2.16 0 1.6 1.54 3.33 0.89 4.61 0 0 0 1.37 1.79 0 1.56 0 0.2 0.27 1.41 3.02 0 1.54 0 1.23 
36 4.18 4.31 0.94 6.08 1.02 0.94 0 5.07 1.37 2.19 0 0.92 0 1.6 5.95 0 2.59 1.52 6.02 0 0.2 0.39 1.09 1.8 3.51 2.54 1.49 3.04 0 0.27 1.79 2.7 0.89 4.18 1.17 3.76 0.0 0.27 7.1 5.18 0 1.64 0 3.67 0 2.53 0.53 0.76 1.52 6.33 2.35 3.58 1.09 2.9 3.11 0 0 1.88 6.46 0 
37 4.05 4.81 1.02 1.92 0 0 4.18 4.56 1.17 6.97 5.08 1.96 0 1.88 0 0.35 2.71 0 1.09 0.55 0.56 0.27 3.2 1.96 3.63 8.24 3.39 2.41 0.42 0.22 1.23 1.12 2.07 4.56 0.43 2.16 0.27 0.0 6.59 2.11 2.83 1.88 0.75 0.73 4.8 1.69 2.63 0.17 1.65 6.72 0 1.52 2.16 0.7 3.29 2.89 5.08 0.8 1.92 3.08 
38 1.02 0.83 2.53 0 1.91 0 0 0.27 0 1.36 0.43 0 0.32 0.57 0 0 2.4 1.6 0 0.9 5.18 3.26 0 2.03 4.33 0 0.78 0 0 0 0.67 0.7 0 0 1.02 0 7.1 6.59 0.0 0 1.42 0 3.76 3.45 1.21 2.22 0 0.85 0 4.14 1.29 1.97 0.47 0.74 0 0 0 5.32 0 0 
39 0 0 0 0 1.79 0.78 0.43 0 1.79 0.25 0.68 0.98 0 0 0 4.52 0 0 0 0 0 3.02 0 0 1.09 0 0.66 1.41 0 0 1.41 0 0.62 0.52 1.09 1.6 5.18 2.11 0 0.0 0 0.77 2.96 0 0.59 2.22 0 0 2.59 0 0.92 0.82 1.97 0.42 0 0 0.7 6.08 0.17 1.56 
40 0.86 2.73 0 0 1.98 4.94 0.63 1.88 0.98 0.55 0 1.13 0 4.43 0 1.6 0 0 0.82 1.97 4.71 0.65 2.28 0 1.48 1.17 1.04 0 0.57 1.97 0.45 1.6 0.31 1.98 0 1.54 0 2.83 1.42 0 0.0 3.48 0.65 1.33 0.15 2.63 2.79 3.76 0 1.98 0.99 1.04 0.43 0 0 0 3.2 2.53 0.23 3.95 
41 1.41 0.18 0.98 0.48 4.69 4.05 0 0.83 0.85 1.72 0.94 1.07 2.53 3.26 1.07 6.33 0 0.57 2.4 0 3.33 0 0 0.68 0.43 0.78 0.68 0.77 0.38 3.86 0.53 1.02 0 1.11 2.71 3.33 1.64 1.88 0 0.77 3.48 0.0 0 0 1.25 0 0.77 4.81 3.39 0.35 0.65 1.06 2.83 0 3.7 0.89 0 2.07 0 0 
42 3.39 0 2.26 1.91 0 5.07 2.45 0 1.96 0 0.95 1.07 2.59 1.99 3.88 4.52 0.37 3.2 0 0 0 0.48 0.18 0.86 1.85 0 1.6 0.73 0.33 1.49 1.85 0 0 1.11 4.05 0.89 0 0.75 3.76 2.96 0.65 0 0.0 0 0 0 5.7 2.16 4.18 2.26 0 2.63 5.7 0 0 0.94 0.23 6.46 3.2 1.24 
43 0.52 0.37 0.35 2.45 2.03 2.4 0 0 1.8 0 0 2.35 3.48 4.52 3.63 5.83 1.6 0 0 0 6.33 0 0.18 0.39 1.54 0 3.39 1.6 0.74 3.39 0.45 2.27 2.09 0 3.67 4.61 3.67 0.73 3.45 0 1.33 0 0 0.0 0.48 4.43 0 0 4.05 0 0 2.16 0.7 2.11 0.92 3.14 0.43 0.82 2.9 0 
44 0 2.45 2.45 0.28 0 1.72 0 2.73 0.57 0.74 0.43 2.34 0.23 4.05 2.53 4.42 0 0 0.86 3.86 2.19 1.6 0.58 1.36 0 0 1.88 2.22 4.31 0.63 2.92 0 0.08 0 1.85 0 0 4.8 1.21 0.59 0.15 1.25 0 0.48 0.0 0 0 2.65 1.49 1.22 0 1.13 0.57 0 4.33 0.94 0.45 4.52 1.36 3.14 
45 0.23 0.48 1.77 0 0.12 0 1.05 0.33 0.92 2.28 0 3.29 1.54 1.22 2.73 1.65 1.79 0.37 2.96 0.35 0.37 0.7 1.79 3.67 1.72 0 2.28 0.76 1.88 0.51 0.31 0 0 2.26 0.62 0 2.53 1.69 2.22 2.22 2.63 0 0 4.43 0 0.0 1.13 0 0.35 3.58 0 0.86 0.13 1.66 0 3.45 1.72 1.41 1.91 3.67 
46 0 3.29 0 1.17 0.15 0.37 0.32 0 0 0 0 0.38 0 0.22 1.69 1.98 1.17 1.69 0 0.2 1.91 2.73 1.49 3.95 4.14 0 0.62 0.49 3.8 0 0.28 0 1.91 0.47 0.19 0 0.53 2.63 0 0 2.79 0.77 5.7 0 0 1.13 0.0 3.42 1.98 2.4 0.63 2.79 0.47 0.25 0.63 1.92 1.88 2.53 1.29 0 
47 0.43 3.55 1.6 3.86 1.23 0.12 3.17 4.43 3.8 0.83 0 0 4.94 0 0 1.9 0.58 2.03 5.36 3.29 0 0.37 2.26 3.86 3.14 0.99 4.05 2.41 0.92 1.04 0.8 2.46 5.95 0 3.17 1.37 0.76 0.17 0.85 0 3.76 4.81 2.16 0 2.65 0 3.42 0.0 0.1 4.14 4.99 3.93 0 0 3.93 4.19 0 2.41 2.83 0 
48 1.88 1.6 0.8 1.41 1.32 0.89 2.41 2.73 3.17 2.65 0 0.73 0.53 1.79 1.49 0 2.82 0.45 2.03 2.82 0.74 0.49 2.91 2.28 0 6.72 1.54 1.32 1.22 0 0.66 0 5.19 0 1.79 1.79 1.52 1.65 0 2.59 0 3.39 4.18 4.05 1.49 0.35 1.98 0.1 0.0 1.52 6.08 3.29 0.7 4.56 0 1.04 0.7 0.7 1.52 1.88 
49 0 1.69 1.02 0 1.29 1.8 1.98 2.4 0 2.35 0 3.08 0 0 0 4.8 0.35 1.29 0 0 0 0.67 0 0.94 0.66 2.45 0 1.68 0 2.53 0.55 0 0 0 3.58 0 6.33 6.72 4.14 0 1.98 0.35 2.26 0 1.22 3.58 2.4 4.14 1.52 0.0 1.69 1.6 1.64 4.42 0 3.01 0 5.08 3.29 2.46 
50 0 0.57 0.6 0.74 0 0 1.72 1.37 1.6 0.18 0.43 0 0 0.85 1.84 7.1 1.88 1.29 0.1 0 2.58 3.14 0 1.72 1.41 0 1.66 0 4.14 1.84 2.53 0.42 0 1.79 2.34 1.56 2.35 0 1.29 0.92 0.99 0.65 0 0 0 0 0.63 4.99 6.08 1.69 0.0 0.86 0 0.67 0 0 1.97 0 1.54 3.39 
51 0.18 1.11 0.23 0.39 2.03 1.25 0.56 2.16 2.45 0.33 1.79 3.39 0.51 0.55 0.62 2.22 0.49 0.1 1.02 0 0.73 3.8 1.6 1.98 0.86 1.06 0 1.02 2.91 2.45 0.32 0 0 0 1.98 0 3.58 1.52 1.97 0.82 1.04 1.06 2.63 2.16 1.13 0.86 2.79 3.93 3.29 1.6 0.86 0.0 1.54 0.52 1.49 0.6 0 0 0 2.96 
52 0.55 4.43 0 4.18 0 0.7 0.35 0.74 0.66 0 1.21 1.06 0.38 0.13 0.78 0.99 3.11 1.29 0 0 0 0 0 2.71 4.42 2.77 0.92 0 3.67 1.52 0.99 1.72 0.58 0 0.07 0.2 1.09 2.16 0.47 1.97 0.43 2.83 5.7 0.7 0.57 0.13 0.47 0 0.7 1.64 0 1.54 0.0 1.79 0.51 0 0 1.9 1.6 0 
53 2.07 0.8 1.41 0.6 0.94 1.45 1.21 0.49 0 1.79 1.05 0 1.88 0 0.27 1.29 2.4 1.54 1.8 0.68 5.57 2.77 2.03 4.89 0.83 1.49 1.05 2.16 1.76 0.52 2.03 1.85 1.29 2.46 1.6 0.27 2.9 0.7 0.74 0.42 0 0 0 2.11 0 1.66 0.25 0 4.56 4.42 0.67 0.52 1.79 0.0 0.78 0.77 0.97 3.93 0 0.63 
54 1.66 0.8 3.2 4.33 0 3.04 0 1.79 0.47 0 1.41 0 3.11 0.66 1.51 0.28 0 2.09 5.55 0.31 1.06 0.6 0 0.95 0 2.15 2.45 0.8 0 1.29 1.72 0 2.83 0 0 1.41 3.11 3.29 0 0 0 3.7 0 0.92 4.33 0 0.63 3.93 0 0 0 1.49 0.51 0.78 0.0 0 0 0.86 1.29 0 
55 0 0 1.99 1.06 0 4.13 0 1.72 0.85 0 0 2.77 1.91 3.82 0.89 0 1.37 0.57 0 2.19 4.87 0 0 0 0.45 0.35 0 0.95 0.99 3.7 2.15 1.29 0.33 0 0.83 3.02 0 2.89 0 0 0 0.89 0.94 3.14 0.94 3.45 1.92 4.19 1.04 3.01 0 0.6 0 0.77 0 0.0 0 8.74 1.91 0 
56 0 0 2.82 1.54 0 6.21 2.63 0 4.89 0.65 4.99 3.88 0.63 5.27 1.07 0.94 0 3.11 0 5.65 1.02 3.67 2.16 0 0 2.46 3.76 0 2.82 0 2.28 3.45 0 1.88 0.77 0 0 5.08 0 0.7 3.2 0 0.23 0.43 0.45 1.72 1.88 0 0.7 0 1.97 0 0 0.97 0 0 0.0 3.63 4.52 2.89 
57 2.63 1.68 3.67 1.84 1.29 1.52 1.97 3.42 1.23 1.96 5.83 4.94 3.58 0.13 2.82 0.51 4.14 0.6 7.98 0 1.22 0 0 0.9 3.7 0 3.8 0.2 3.93 0 2.07 3.63 0 3.67 0.74 1.54 1.88 0.8 5.32 6.08 2.53 2.07 6.46 0.82 4.52 1.41 2.53 2.41 0.7 5.08 0 0 1.9 3.93 0.86 8.74 3.63 0.0 0.68 1.45 
58 0 0.7 0.57 0.4 0.98 3.95 0 0 0 0 0 0 0 0 1.36 0 1.85 0.28 0.52 1.54 0.87 1.84 0 4.05 0.62 0.9 0.86 0.5 0 0 1.33 0 0.32 0 0 0 6.46 1.92 0 0.17 0.23 0 3.2 2.9 1.36 1.91 1.29 2.83 1.52 3.29 1.54 0 1.6 0 1.29 1.91 4.52 0.68 0.0 0 
59 0.63 2.46 6.33 2.03 3.58 0 0.78 0 0 4.14 0 0 2.28 2.82 0 0 0 0 0 0.28 0 0 4.13 2.7 0 0.89 0 0.55 0.99 0 5.83 0.67 0.82 5.27 0 1.23 0 3.08 0 1.56 3.95 0 1.24 0 3.14 3.67 0 0 1.88 2.46 3.39 2.96 0 0.63 0 0 2.89 1.45 0 0.0 

;