set O:= 0;
set N:= 1 2 3 4 5 6 7 8 9 10 11 12 13 14 15 16 17 18 19 20 21 22 23 24 25 26 27 28 29 30 31 32 33 34 35 36 37 38 39 40 41 42 43 44 45 46 47 48 49 50 51 52 53 54 55 56 57 58 59;
set K:= 1 2 3 4 5 6 7 8 9 10 11 12 13 14 15;
param V:= 15;
param cp:= 80;
param dm:= 2.0;
param o:=
0 0
1 18
2 26
3 11
4 30
5 21
6 19
7 15
8 16
9 29
10 26
11 37
12 16
13 12
14 31
15 8
16 19
17 20
18 13
19 15
20 22
21 28
22 12
23 6
24 27
25 14
26 18
27 17
28 29
29 13
30 22
31 25
32 28
33 27
34 19
35 10
36 12
37 14
38 24
39 16
40 33
41 15
42 11
43 18
44 17
45 21
46 27
47 19
48 20
49 5
50 22
51 12
52 19
53 22
54 16
55 7
56 26
57 14
58 21
59 24
;
param c[*,*]
: 0 1 2 3 4 5 6 7 8 9 10 11 12 13 14 15 16 17 18 19 20 21 22 23 24 25 26 27 28 29 30 31 32 33 34 35 36 37 38 39 40 41 42 43 44 45 46 47 48 49 50 51 52 53 54 55 56 57 58 59:=
0 0 9 5 7 5 11 3 5 5416 10 38 13 9 7944 12 9749 9 2889 12 9 16 9749 22 14 12 48 2 23 8666 7 6 27 16 6138 7 6499 11915 11554 38 10 20 26 12999 14 8 6 4 10 29 11 12 5 6 7944 39 19 15 40 7 17 
1 9 0 6 8305 9 15 12 11 11168 10 21 19 45 12 19 18 5 9 9 16971 20 8 3 17 18 9326 10832 12 6 11 8 22 9 2889 9214 17 12277 13721 36 15 10471 8 5 2166 5773 9 39 10110 19 6499 15 26 9772 22 17 11 6 19 30 45 
2 5 6 0 9 3350 5 3 7539 9 7550 11 31 9027 8 29 23 6499 13 10 25 7106 4 5777 18 11915 10 7 5584 14 14 3 17 7 3611 11 10832 7 7 11448 11 9 11 35 8 23 3909 6 15 6 19 9 6 6 16 38 14 10832 6439 19 18054 
3 7 8305 9 0 8 9 7 8 9493 6 7818 22 22 13 12 41 5 4333 3553 23 15 9 12 6 5 4 7222 9772 11554 7994 10 18 7 23 32 19 10658 14 12 5 4 13 45 9388 666 9 10 36 10 3 2665 7 9214 13 12844 24 36 13 13 29 
4 5 9 3350 8 0 6 4 4188 4 34 10 11 6499 5 30 7 27 11 11448 7 8097 12 8097 9 13 14 3972 2792 5863 3071 3 12006 9 5 1954 5 9 7 8655 8097 30 10331 10 18 8 2 3 11 16 18 10 5777 3 13 7 15 11 12 28 10610 
5 11 15 5 9 6 0 5773 17 28 43 13402 11 12999 6 10 2 8216 12 14 7 2665 2887 10471 20 24 14 21 4 18 5 2887 21 41 6661 11 7 9 2 13 15 14082 62 14443 28 12 3 7 2 1554 13 12 14 6 10 6701 30 17693 2665 47 10 
6 3 12 3 7 4 5773 0 7 13 22 8935 14 25 9 13360 7 5 7 14 23 9 6 9 7944 11 8 6 8 8 4441 4333 12 5 2889 10 12 7 7328 12 15 12 10 9388 8 4 9 6 5551 4219 7583 6217 2166 7 22 11 12 10110 14 9 21 
7 5 11 7539 8 4188 17 7 0 1954 6980 20 17 6 7 4 7818 9 13 11 3 10889 41 12285 12285 13 11 3 18 41 8 6980 9 31 35 3 6 11168 10051 9 6 7222 17 16 14 8097 7 2 9772 32 44 20 8305 13 9 5305 25 14 7539 4 7 
8 5416 11168 9 9493 4 28 13 1954 0 18 8 6 14 4 7 6 10 10 16 8 9 10 24 13123 15 47 20 3 10 5 6143 12 9214 18 8 6 12 10 6 8097 18 18 28 26 12 17 1 8376 6980 13 23 9388 1954 3 7 18 14519 11 7 7 
9 10 10 7550 6 34 43 22 6980 18 0 4 8 5 12 7994 22 20 5777 5 8216 17 14 10214 9 5 3 6860 11 12 9326 10 3775 1554 27 17 7 16 12213 4885 888 3250 39 11 11 2665 10331 8 12 19 5551 5 14 11 26 14 5 11 14 4 9770 
10 38 21 11 7818 10 13402 8935 20 8 4 0 5 5416 11 8 26 12 10 14 7818 32 30 19498 13123 11168 10 8 12 13960 46 45 5 4885 44 9 7 16 60 1954 3071 7 40 41 19 12 10 8 18 14 12 12 10471 35 4747 40 8 19137 12844 2 10 
11 13 19 31 22 11 11 14 17 6 8 5 0 11 10 3 9 12285 12 10214 16 11546 13 21303 32 15 11 8 11 75 10 14443 15 31 16609 6980 3331 14 14 3 28 21 29 29 43 34 9772 8 11 11 56 9 12999 15 2 7 40 91 8660 5 3 
12 9 45 9027 22 6499 12999 25 6 14 5 5416 11 0 11 39 55 29 5 9388 19 19 56 16 13 10471 7944 5 9388 13 10832 9 11 6 17 26 14 16 16 14 4 2 59 61 13360 6 18 6 14082 13 10 7 9 9 7222 11915 11193 17 55 4 53 
13 7944 12 8 13 5 6 9 7 4 12 11 10 11 0 6143 3071 11448 12 32 15 12 16 23 14 15 30 8305 1954 37 4 6 14240 13 13 5 6 15 22 19 12 12638 30 18 54 48 15 4 6 21 14 28 13 2 7 1954 17311 15636 2 10 8376 
14 12 19 29 12 30 10 13360 4 7 7994 8 3 39 6143 0 7328 51 14 11769 2 12 10436 20220 20 63 10 8 7 71 7 14 10051 36 16248 5584 8 10436 9 5 11 12 29 91 85 36 8097 5026 10 11 16 21 17 11 3 4467 15 29 27 6143 2 
15 9749 18 23 41 7 2 7 7818 6 22 26 9 55 3071 7328 0 12 16 27 5 2220 5 17 23 26 13 10832 3 8 2 4219 19 10880 16 5584 5773 4 2 12 54 19 18054 69 16609 42 3630 23 3331 3 45 12435 26 9 9 5 15 22 888 12 9 
16 9 5 6499 5 27 8216 5 9 10 20 12 12285 29 11448 51 12 0 5055 20 11727 11 7106 10 4 4 25 8 9493 9 7 8666 46 15 12 8097 40 19 20 44 8 6 8 10 6138 3 32 17 10 6661 5 4441 12 9214 44 13 16 6 39 34 17 
17 2889 9 13 4333 11 12 7 13 10 5777 10 12 5 12 14 16 5055 0 9388 13 18 13 45 11 9388 9027 3 10 20 12 7 23 5 6 8 7944 18 14 9388 6 2 15 12277 11 5 9 26 24 11 30 7583 3 15 36 49 25 11915 14 12 17 
18 12 9 10 3553 11448 14 14 11 16 5 14 10214 9388 32 11769 27 20 9388 0 47 15543 12 10 6217 12 2 12 14 42 46 9992 6439 3 14 25 13 57 16 11 5 30 8660 9 9 3109 13402 14 51 14 4 3 38 17 20 16473 4 7 13989 14 14 
19 9 16971 25 23 7 7 23 3 8 8216 7818 16 19 15 2 5 11727 13 47 0 9 35 20 15 15356 21 15 4188 16 11 12 11 10 29 4 2 8 8 26 12 46 23 21 19 9104 7 4 31 27 16 12 14 4 10 4 25 21665 5 6980 5 
20 16 20 7106 15 8097 2665 9 10889 9 17 32 11546 19 12 12 2220 11 18 15543 9 0 20 16 12435 18 15543 14443 6143 28 8 6 40 12879 19 34 8 3 5 61 16 72 39 18 18054 16 7 17 4 5 13 18 18 7 9770 9 35 24 12 16 11 
21 9749 8 4 9 12 2887 6 41 10 14 30 13 56 16 10436 5 7106 13 12 35 20 0 8 10 12 25 48 26 2 3 3 20 10 5329 7539 8438 3 4 14798 13681 16 12 12 10 11 6 32 3 4 11 23 10832 7 20 11 15 14082 6 52 13 
22 22 3 5777 12 8097 10471 9 12285 24 10214 19498 21303 16 23 20220 17 10 45 10 20 16 8 0 7583 14 11 13 9772 4 21 7583 45 36 7 40 21 13 49 23 21 53 5 8 8 10 16 13 35 8305 11 10 38 10 38 14 16 8305 15 22 97 
23 14 17 18 6 9 20 7944 12285 13123 9 13123 32 13 14 20 23 4 11 6217 15 12435 10 7583 0 4 16 14 12285 12 9104 11554 14519 12 6 45 13681 13 14 29 10 12 16 20 7 20 10889 11727 9104 33 2792 25 7583 49 14519 20 9 2 13 12006 39 
24 12 18 11915 5 13 24 11 13 15 5 11168 15 10471 15 63 26 4 9388 12 15356 18 12 14 4 0 6 25 13402 13721 13 14 14 5 10 12 13402 25 26 12844 16 35 12 43 36 3 25 12285 45 11 1954 3331 16 13123 17 19 7 6 27 13 18 
25 48 9326 10 4 14 14 8 11 47 3 10 11 7944 30 10 13 25 9027 2 21 15543 25 11 16 6 0 11 15 13 11324 10 8 3 16 11168 18 18 14433 8 3 6860 21 12 11 4 16 11 15 11769 5773 2 39 12564 17 31 8 36 13 20 15 
26 2 10832 7 7222 3972 21 6 3 20 6860 8 8 5 8305 8 10832 8 3 12 15 14443 48 13 14 25 11 0 8 10832 32 7222 14 8 16 4 20 17 52 29 25 3972 19 30 12999 7222 6499 7 11554 18 11 9749 5 11 25 9388 18 14443 10832 5055 14 
27 23 12 5584 9772 2792 4 8 18 3 11 12 11 9388 1954 7 3 9493 10 14 4188 6143 26 9772 12285 13402 15 8 0 7259 2234 5 13402 13 10 1954 9 6701 5305 9 40 10 14 14 14 20 1675 4 5305 16 24 16 12 1 6422 15 32 14 4 17 12 
28 8666 6 14 11554 5863 18 8 41 10 12 13960 75 13 37 71 8 9 20 42 16 28 2 4 12 13721 13 10832 7259 0 17 9 16752 10 7 9 56 4 6 18 15 14 9 8 9 7550 22 8376 7 12 11 39 8305 8097 20 11 15 10832 6883 15 24 
29 7 11 14 7994 3071 5 4441 8 5 9326 46 10 10832 4 7 2 7 12 46 11 8 3 21 9104 13 11324 32 2234 17 0 8 15 18 6 16 5329 4 3 11 12 23 59 17 52 9 1117 4 10 1 36 42 38 3350 9 23 13323 17 3 13 9 
30 6 8 3 10 3 2887 4333 6980 6143 10 45 14443 9 6 14 4219 8666 7 9992 12 6 3 7583 11554 14 10 7222 5 9 8 0 14 30 6 17 38 17 9 22 40 11 13 22 11 28 3 5 6 6 15 18 8 9 24 16 15 53 20 38 16609 
31 27 22 17 18 12006 21 12 9 12 3775 5 15 11 14240 10051 19 46 23 6439 11 40 20 45 14519 14 8 14 13402 16752 15 14 0 11 52 12 39 24 21 20 5 9388 44 29 84 8 17 12 70 16 13 11 13 49 8376 14 4663 81 33 6 22 
32 16 9 7 7 9 41 5 31 9214 1554 4885 31 6 13 36 10880 15 5 3 10 12879 10 36 12 5 3 8 13 10 18 30 11 0 5 17 7 13 15 6 2220 12 8 11 7550 2 13 8655 10436 9104 4 2 7 20 15 51 9 7 11 8 14 
33 6138 2889 3611 23 5 6661 2889 35 18 27 44 16609 17 13 16248 16 12 6 14 29 19 5329 7 6 10 16 16 10 7 6 6 52 5 0 8 13 7328 7994 13 17 7583 6499 6499 5 5 27 9 6 5 6 6439 4 8 58 12 11 7222 35 12 20220 
34 7 9214 11 32 1954 11 10 3 8 17 9 6980 26 5 5584 5584 8097 8 25 4 34 7539 40 45 12 11168 4 1954 9 16 17 12 17 8 0 4 10 8 29 31 8 25 48 44 17 6 2 6980 21 10610 10610 30 1 4747 5 28 16 7 8 10 
35 6499 17 10832 19 5 7 12 6 6 7 7 3331 14 6 8 5773 40 7944 13 2 8 8438 21 13681 13402 18 20 9 56 5329 38 39 7 13 4 0 36 16 5 7259 36 78 24 17693 8 6 2 10 13 12 18 10 4 3 4188 44 22 11 6 18 
36 11915 12277 7 10658 9 9 7 11168 12 16 16 14 16 15 10436 4 19 18 57 8 3 3 13 13 25 18 17 6701 4 4 17 24 13 7328 10 36 0 2 15636 61 17 19 14 56 11 5584 10 1332 2665 11102 17 55 10 21 37 16 18 18 14240 12 
37 11554 13721 7 14 7 2 7328 10051 10 12213 60 14 16 22 9 2 20 14 16 8 5 4 49 14 26 14433 52 5305 6 3 9 21 15 7994 8 16 2 0 14519 19 33 22 18 18 45 20 31 2 2887 11769 13 18 26 10 7259 21 78 6 17 22 
38 38 36 11448 12 8655 13 12 9 6 4885 1954 3 14 19 5 12 44 9388 11 26 61 14798 23 29 12844 8 29 9 18 11 22 20 6 13 29 5 15636 14519 0 6 8305 24 22026 20220 28 10051 8 28 14 12285 29 11554 16 3350 11 9 23 11727 3 7 
39 10 15 11 5 8097 15 15 6 8097 888 3071 28 4 12 11 54 8 6 5 12 16 13681 21 10 16 3 25 40 15 12 40 5 2220 17 31 7259 61 19 6 0 4 33 17332 17 13 10051 9 15 11727 9 3331 30 8935 14 11 5 19 13402 6 45 
40 20 10471 9 4 30 14082 12 7222 18 3250 7 21 2 12638 12 19 6 2 30 46 72 16 53 12 35 6860 3972 10 14 23 11 9388 12 7583 8 36 17 33 8305 4 0 13360 18 25 4 40 7944 58 12 7583 5777 3972 10 10 15 11 12277 30 10 15165 
41 26 8 11 13 10331 62 10 17 18 39 40 29 59 30 29 18054 8 15 8660 23 39 12 5 16 12 21 19 14 9 59 13 44 8 6499 25 78 19 22 24 33 13360 0 1 2 14 11 14 13721 52 9 17 19 26 21 67 24 4 24 18 30 
42 12999 5 35 45 10 14443 9388 16 28 11 41 29 61 18 91 69 10 12277 9 21 18 12 8 20 43 12 30 14 8 17 22 29 11 6499 48 24 14 18 22026 17332 18 1 0 2 8 11 12564 25 11915 8666 10 10110 12564 23 16 25 6 18415 18776 33 
43 14 2166 8 9388 18 28 8 14 26 11 19 43 13360 54 85 16609 6138 11 9 19 18054 10 8 7 36 11 12999 14 9 52 11 84 7550 5 44 17693 56 18 20220 17 25 2 2 0 8 9772 11 12 11554 7 8 8305 13 39 19 11324 8 20 16971 25 
44 8 5773 23 666 8 12 4 8097 12 2665 12 34 6 48 36 42 3 5 3109 9104 16 11 10 20 3 4 7222 20 7550 9 28 8 2 5 17 8 11 45 28 13 4 14 8 8 0 9 8 19 11 2887 2 4333 11 8 12844 21 7 43 4885 45 
45 6 9 3909 9 2 3 9 7 17 10331 10 9772 18 15 8097 3630 32 9 13402 7 7 6 16 10889 25 16 6499 1675 22 1117 3 17 13 27 6 6 5584 20 10051 10051 40 11 11 9772 9 0 13 4 3 10610 13 10 2 30 6 15636 25 17 8655 10889 
46 4 39 6 10 3 7 6 2 1 8 8 8 6 4 5026 23 17 26 14 4 17 32 13 11727 12285 11 7 4 8376 4 5 12 8655 9 2 2 10 31 8 9 7944 14 12564 11 8 13 0 7539 23 44 21 7944 6 5 9 55 27 5584 5863 8 
47 10 10110 15 36 11 2 5551 9772 8376 12 18 11 14082 6 10 3331 10 24 51 31 4 3 35 9104 45 15 11554 5305 7 10 6 70 10436 6 6980 10 1332 2 28 15 58 13721 25 12 19 4 7539 0 1 9770 47 11193 6 9 8655 30 16 4219 12844 12 
48 29 19 6 10 16 1554 4219 32 6980 19 14 11 13 21 11 3 6661 11 14 27 5 4 8305 33 11 11769 18 16 12 1 6 16 9104 5 21 13 2665 2887 14 11727 12 52 11915 11554 11 3 23 1 0 17 10658 9388 6 7994 8 15 19 5 44 13 
49 11 6499 19 3 18 13 7583 44 13 5551 12 56 10 14 16 45 5 30 4 16 13 11 11 2792 1954 5773 11 24 11 36 15 13 4 6 10610 12 11102 11769 12285 9 7583 9 8666 7 2887 10610 44 9770 17 0 3997 6138 23 13123 17 7106 5 48 9772 35 
50 12 15 9 2665 10 12 6217 20 23 5 12 9 7 28 21 12435 4441 7583 3 12 18 23 10 25 3331 2 9749 16 39 42 18 11 2 6439 10610 18 17 13 29 3331 5777 17 10 8 2 13 21 47 10658 3997 0 32 12 11 15 3 28 13 5551 49 
51 5 26 6 7 5777 14 2166 8305 9388 14 10471 12999 9 13 17 26 12 3 38 14 18 10832 38 7583 16 39 5 12 8305 38 8 13 7 4 30 10 55 18 11554 30 3972 19 10110 8305 4333 10 7944 11193 9388 6138 32 0 18 14 27 26 10 13 9 69 
52 6 9772 6 9214 3 6 7 13 1954 11 35 15 9 2 11 9 9214 15 17 4 7 7 10 49 13123 12564 11 1 8097 3350 9 49 20 8 1 4 10 26 16 8935 10 26 12564 13 11 2 6 6 6 23 12 18 0 5305 7 19 15 4188 7259 9 
53 7944 22 16 13 13 10 22 9 3 26 4747 2 7222 7 3 9 44 36 20 10 9770 20 38 14519 17 17 25 6422 20 9 24 8376 15 58 4747 3 21 10 3350 14 10 21 23 39 8 30 5 9 7994 13123 11 14 5305 0 11 13 26 6883 4 7 
54 39 17 38 12844 7 6701 11 5305 7 14 40 7 11915 1954 4467 5 13 49 16473 4 9 11 14 20 19 31 9388 15 11 23 16 14 51 12 5 4188 37 7259 11 11 15 67 16 19 12844 6 9 8655 8 17 15 27 7 11 0 18 18 8 37 6 
55 19 11 14 24 15 30 12 25 18 5 8 40 11193 17311 15 15 16 25 4 25 35 15 16 9 7 8 18 32 15 13323 15 4663 9 11 28 44 16 21 9 5 11 24 25 11324 21 15636 55 30 15 7106 3 26 19 13 18 0 10 15321 6883 15 
56 15 6 10832 36 11 17693 10110 14 14519 11 19137 91 17 15636 29 22 6 11915 7 21665 24 14082 8305 2 6 36 14443 14 10832 17 53 81 7 7222 16 22 18 78 23 19 12277 4 6 8 7 25 27 16 19 5 28 10 15 26 18 10 0 43 17332 53 
57 40 19 6439 13 12 2665 14 7539 11 14 12844 8660 55 2 27 888 39 14 13989 5 12 6 15 13 27 13 10832 4 6883 3 20 33 11 35 7 11 18 6 11727 13402 30 24 18415 20 43 17 5584 4219 5 48 13 13 4188 6883 8 15321 43 0 13 10 
58 7 30 19 13 28 47 9 4 7 4 2 5 4 10 6143 12 34 12 14 6980 16 52 22 12006 13 20 5055 17 15 13 38 6 8 12 8 6 14240 17 3 6 10 18 18776 16971 4885 8655 5863 12844 44 9772 5551 9 7259 4 37 6883 17332 13 0 8 
59 17 45 18054 29 10610 10 21 7 7 9770 10 3 53 8376 2 9 17 17 14 5 11 13 97 39 18 15 14 12 24 9 16609 22 14 20220 10 18 12 22 7 45 15165 30 33 25 45 10889 8 12 13 35 49 69 9 7 6 15 53 10 8 0 

;param cto[*,*]
: 0 1 2 3 4 5 6 7 8 9 10 11 12 13 14 15 16 17 18 19 20 21 22 23 24 25 26 27 28 29 30 31 32 33 34 35 36 37 38 39 40 41 42 43 44 45 46 47 48 49 50 51 52 53 54 55 56 57 58 59:=
0 0 46 44 45 39 42 43 44 40 42 42 43 40 42 43 43 41 39 48 42 44 43 43 43 48 44 39 41 42 41 40 44 42 41 40 41 44 44 42 42 40 44 44 43 41 40 44 42 41 43 43 40 40 42 43 45 44 43 45 45 
1 46 0 40 42 42 44 41 49 45 44 46 51 43 49 51 45 44 46 44 46 46 46 43 40 42 45 43 44 40 47 42 47 43 39 44 46 44 45 47 45 43 40 40 39 42 43 44 43 42 41 44 41 44 46 46 50 41 46 45 49 
2 44 40 0 46 40 41 43 43 42 44 49 46 42 46 45 42 41 41 45 44 44 40 41 42 44 45 45 41 40 41 43 47 47 40 41 43 42 42 45 44 46 42 42 42 42 40 45 41 40 42 44 40 45 44 44 47 43 43 44 47 
3 45 42 46 0 42 49 41 47 44 40 43 45 40 45 49 46 39 40 41 45 47 49 47 41 40 45 41 44 44 44 47 44 39 41 43 44 46 47 44 41 40 43 43 42 38 47 43 45 44 44 40 40 44 44 46 43 42 46 42 47 
4 39 42 40 42 0 41 40 40 40 43 43 43 41 41 43 41 42 40 45 42 43 42 43 48 45 45 40 40 42 40 43 46 43 45 39 45 42 46 43 43 42 44 48 44 46 39 39 41 40 44 48 41 43 42 42 47 49 42 42 45 
5 42 44 41 49 41 0 42 43 42 46 46 46 44 41 44 39 44 47 48 43 40 40 43 46 47 48 43 40 41 39 40 49 46 43 41 43 40 43 50 46 45 46 45 45 46 44 42 39 39 46 51 44 41 44 42 50 47 40 45 50 
6 43 41 43 41 40 42 0 42 42 42 44 48 41 43 44 47 40 40 44 44 45 42 42 42 43 44 40 42 41 41 40 49 45 39 41 43 47 44 44 42 41 46 42 46 45 41 41 42 41 42 43 39 42 43 44 45 43 44 42 46 
7 44 49 43 47 40 43 42 0 39 42 41 40 40 41 40 43 47 41 49 44 45 44 46 46 46 44 43 41 44 42 42 47 43 43 40 39 45 44 41 46 41 47 47 46 43 41 39 44 43 45 44 42 40 39 41 46 51 43 40 46 
8 40 45 42 44 40 42 42 39 0 44 42 45 41 40 40 46 48 42 46 39 47 44 46 46 46 45 40 44 48 45 42 45 44 44 39 39 44 43 46 43 42 47 47 46 44 40 42 43 42 46 45 42 39 44 40 47 47 41 42 46 
9 42 44 44 40 43 46 42 42 44 0 40 43 40 49 44 47 42 41 41 44 49 47 46 44 46 40 41 48 46 45 44 41 39 43 43 43 48 48 42 38 39 46 46 45 40 44 47 47 46 42 40 41 44 43 46 41 45 47 40 46 
10 42 46 49 43 43 46 44 41 42 40 0 40 40 48 42 46 44 42 44 43 48 47 47 46 45 42 41 44 47 45 45 40 42 45 43 42 52 47 39 40 41 48 48 51 42 48 42 47 46 45 42 43 43 41 44 43 47 46 43 43 
11 43 51 46 45 43 46 48 40 45 43 40 0 42 43 40 49 46 43 46 41 47 47 48 48 51 45 46 43 47 45 45 42 44 46 42 40 48 47 39 42 43 49 49 49 45 44 42 51 46 47 49 44 43 39 46 46 49 45 40 44 
12 40 43 42 40 41 44 41 40 41 40 40 42 0 47 43 45 41 39 42 43 46 45 45 44 43 42 39 42 48 43 46 42 40 42 41 41 50 49 41 43 39 45 45 44 40 42 45 45 44 42 45 40 42 41 44 43 45 45 43 44 
13 42 49 46 45 41 41 43 41 40 49 48 43 47 0 42 40 45 43 48 40 42 43 45 51 51 47 42 39 44 44 45 47 46 44 40 41 42 41 44 45 44 47 47 46 46 40 40 46 41 51 47 44 39 42 39 49 48 39 44 43 
14 43 51 45 49 43 44 44 40 40 44 42 40 43 42 0 44 46 43 47 43 46 46 48 48 48 50 46 46 47 47 44 44 45 46 41 39 46 49 41 44 47 49 49 48 45 43 41 49 45 47 46 44 41 39 41 47 49 43 42 40 
15 43 45 42 46 41 39 47 43 46 47 46 49 45 40 44 0 45 44 49 46 40 42 44 47 48 52 43 44 43 40 41 49 47 44 41 42 44 39 49 46 45 47 46 46 46 40 42 40 44 47 48 44 41 44 41 54 48 38 49 49 
16 41 44 41 39 42 44 40 47 48 42 44 46 41 45 46 45 0 40 42 45 51 44 42 40 44 43 46 44 46 47 42 45 41 39 43 44 45 46 45 42 41 42 42 41 40 43 43 44 43 39 41 39 44 45 50 44 45 46 43 48 
17 39 46 41 40 40 47 40 41 42 41 42 43 39 43 43 44 40 0 42 43 46 44 43 43 42 42 43 42 43 42 45 44 44 41 41 42 45 49 42 44 43 44 44 47 40 42 41 44 43 42 42 39 42 42 44 44 44 44 41 45 
18 48 44 45 41 45 48 44 49 46 41 44 46 42 48 47 49 42 42 0 47 50 51 50 43 40 44 48 51 46 47 46 43 44 43 46 46 49 49 45 42 42 45 49 44 40 46 46 48 47 45 39 42 46 46 48 40 47 49 43 53 
19 42 46 44 45 42 43 44 44 39 44 43 41 43 40 43 46 45 43 47 0 44 45 47 51 48 46 42 40 45 42 43 49 45 45 40 43 48 44 42 44 44 48 52 51 45 42 40 44 43 47 46 44 40 40 39 48 49 45 42 41 
20 44 46 44 47 43 40 45 45 47 49 48 47 46 42 46 40 51 46 50 44 0 42 45 48 49 50 45 42 43 41 42 51 48 45 43 48 40 39 48 52 47 47 51 47 48 42 43 44 41 52 50 46 46 46 43 52 49 40 47 51 
21 43 46 40 49 42 40 42 44 44 47 47 47 45 43 46 42 44 44 51 45 42 0 41 44 46 48 44 42 43 44 40 49 50 42 43 45 40 41 47 47 45 47 43 47 45 41 43 39 39 45 47 43 46 46 44 53 45 46 46 52 
22 43 43 41 47 43 43 42 46 46 46 47 48 45 45 48 44 42 43 50 47 45 41 0 42 44 51 48 44 39 43 42 49 45 41 44 46 43 44 48 46 44 44 40 40 44 43 45 42 42 43 49 42 48 47 50 48 42 49 47 50 
23 43 40 42 41 48 46 42 46 46 44 46 48 44 51 48 47 40 43 43 51 48 44 42 0 44 44 44 46 42 45 44 47 43 40 45 47 46 47 47 48 43 40 40 40 42 45 45 45 44 40 43 42 46 47 48 49 42 47 46 50 
24 48 42 44 40 45 47 43 46 46 46 45 51 43 51 48 48 44 42 40 48 49 46 44 44 0 42 44 46 45 46 49 45 41 42 49 46 48 48 46 43 42 42 43 42 40 46 46 47 46 39 40 42 46 47 49 43 45 49 44 53 
25 44 45 45 45 45 48 44 44 45 40 42 45 42 47 50 52 43 42 44 46 50 48 51 44 42 0 47 46 47 47 50 41 40 44 45 45 49 49 43 44 41 46 47 46 41 46 49 48 47 42 39 43 46 45 48 39 45 52 42 47 
26 39 43 45 41 40 43 40 43 40 41 41 46 39 42 46 43 46 43 48 42 45 44 48 44 44 47 0 41 43 42 41 43 41 42 43 40 45 44 41 41 40 45 45 44 41 41 40 44 42 47 43 40 40 41 42 45 45 43 40 44 
27 41 44 41 44 40 40 42 41 44 48 44 43 42 39 46 44 44 42 51 40 42 42 44 46 46 46 41 0 42 39 40 46 45 43 39 41 42 41 47 44 47 46 46 45 44 39 39 41 40 46 46 42 42 42 40 48 50 40 43 44 
28 42 40 40 44 42 41 41 44 48 46 47 47 48 44 47 43 46 43 46 45 43 43 39 42 45 47 43 42 0 41 40 49 45 40 43 45 45 42 47 46 44 42 41 41 44 41 43 40 40 47 46 42 43 46 49 48 43 43 46 48 
29 41 47 41 44 40 39 41 42 45 45 45 45 43 44 47 40 47 42 47 42 41 44 43 45 46 47 42 39 41 0 39 51 45 42 40 42 41 40 49 45 44 45 45 44 45 38 44 40 43 45 46 42 40 43 42 49 50 44 44 49 
30 40 42 43 47 43 40 40 42 42 44 45 45 46 45 44 41 42 45 46 43 42 40 42 44 49 50 41 40 40 39 0 51 44 45 40 42 41 41 45 44 43 44 43 43 43 39 41 40 39 44 45 41 41 44 43 48 44 42 44 46 
31 44 47 47 44 46 49 49 47 45 41 40 42 42 47 44 49 45 44 43 49 51 49 49 47 45 41 43 46 49 51 51 0 42 46 45 44 50 50 41 41 42 49 49 48 43 47 45 49 52 45 42 48 46 43 51 42 48 48 41 45 
32 42 43 47 39 43 46 45 43 44 39 42 44 40 46 45 47 41 44 44 45 48 50 45 43 41 40 41 45 45 45 44 42 0 46 43 48 47 47 47 40 39 48 45 44 39 44 43 46 45 41 39 40 44 44 46 41 47 51 41 47 
33 41 39 40 41 45 43 39 43 44 43 45 46 42 44 46 44 39 41 43 45 45 42 41 40 42 44 42 43 40 42 45 46 46 0 42 48 44 44 45 43 42 41 41 44 41 42 43 46 46 41 43 40 47 45 49 46 41 45 44 48 
34 40 44 41 43 39 41 41 40 39 43 43 42 41 40 41 41 43 41 46 40 43 43 44 45 49 45 43 39 43 40 40 45 43 42 0 40 43 42 42 43 46 46 46 45 43 40 38 42 41 45 45 42 38 41 41 47 46 41 42 43 
35 41 46 43 44 45 43 43 39 39 43 42 40 41 41 39 42 44 42 46 43 48 45 46 47 46 45 40 41 45 42 42 44 48 48 40 0 45 44 45 42 42 47 47 47 48 45 43 44 43 49 45 47 40 39 40 47 48 42 41 41 
36 44 44 42 46 42 40 47 45 44 48 52 48 50 42 46 44 45 45 49 48 40 40 43 46 48 49 45 42 45 41 41 50 47 44 43 45 0 39 48 48 50 45 49 45 51 41 44 39 40 47 49 45 43 46 44 55 51 41 47 52 
37 44 45 42 47 46 43 44 44 43 48 47 47 49 41 49 39 46 49 49 44 39 41 44 47 48 49 44 41 42 40 41 50 47 44 42 44 39 0 47 47 46 46 46 46 47 41 43 40 40 47 52 45 42 45 42 51 47 40 47 47 
38 42 47 45 44 43 50 44 41 46 42 39 39 41 44 41 49 45 42 45 42 48 47 48 47 46 43 41 47 47 49 45 41 47 45 42 45 48 47 0 41 42 49 49 48 43 44 42 47 46 46 44 44 43 40 44 44 48 45 39 42 
39 42 45 44 41 43 46 42 46 43 38 40 42 43 45 44 46 42 44 42 44 52 47 46 48 43 44 41 44 46 45 44 41 40 43 43 42 48 47 41 0 43 46 46 46 40 44 43 47 45 43 40 42 44 42 49 46 45 46 40 45 
40 40 43 46 40 42 45 41 41 42 39 41 43 39 44 47 45 41 43 42 44 47 45 44 43 42 41 40 47 44 44 43 42 39 42 46 42 50 46 42 43 0 44 45 44 39 43 42 45 48 42 41 40 42 42 45 43 44 45 40 45 
41 44 40 42 43 44 46 46 47 47 46 48 49 45 47 49 47 42 44 45 48 47 47 44 40 42 46 45 46 42 45 44 49 48 41 46 47 45 46 49 46 44 0 42 38 44 49 46 45 44 42 45 43 46 52 49 47 40 47 51 51 
42 44 40 42 43 48 45 42 47 47 46 48 49 45 47 49 46 42 44 49 52 51 43 40 40 43 47 45 46 41 45 43 49 45 41 46 47 49 46 49 46 45 42 0 42 44 48 46 44 44 42 45 43 46 48 52 48 40 47 47 51 
43 43 39 42 42 44 45 46 46 46 45 51 49 44 46 48 46 41 47 44 51 47 47 40 40 42 46 44 45 41 44 43 48 44 44 45 47 45 46 48 46 44 38 42 0 43 44 49 48 44 45 48 42 45 47 48 47 40 47 46 54 
44 41 42 42 38 46 46 45 43 44 40 42 45 40 46 45 46 40 40 40 45 48 45 44 42 40 41 41 44 44 45 43 43 39 41 43 48 51 47 43 40 39 44 44 43 0 48 47 46 45 40 43 40 44 48 46 42 43 46 42 47 
45 40 43 40 47 39 44 41 41 40 44 48 44 42 40 43 40 43 42 46 42 42 41 43 45 46 46 41 39 41 38 39 47 44 42 40 45 41 41 44 44 43 49 48 44 48 0 40 44 39 45 46 42 39 43 41 48 46 40 43 45 
46 44 44 45 43 39 42 41 39 42 47 42 42 45 40 41 42 43 41 46 40 43 43 45 45 46 49 40 39 43 44 41 45 43 43 38 43 44 43 42 43 42 46 46 49 47 40 0 43 42 45 45 42 39 40 41 47 46 41 42 47 
47 42 43 41 45 41 39 42 44 43 47 47 51 45 46 49 40 44 44 48 44 44 39 42 45 47 48 44 41 40 40 40 49 46 46 42 44 39 40 47 47 45 45 44 48 46 44 43 0 39 46 47 43 46 49 43 50 50 41 46 51 
48 41 42 40 44 40 39 41 43 42 46 46 46 44 41 45 44 43 43 47 43 41 39 42 44 46 47 42 40 40 43 39 52 45 46 41 43 40 40 46 45 48 44 44 44 45 39 42 39 0 45 46 42 41 44 46 49 45 41 45 46 
49 43 41 42 44 44 46 42 45 46 42 45 47 42 51 47 47 39 42 45 47 52 45 43 40 39 42 47 46 47 45 44 45 41 41 45 49 47 47 46 43 42 42 42 45 40 45 45 46 45 0 41 41 45 46 48 44 44 47 44 49 
50 43 44 44 40 48 51 43 44 45 40 42 49 45 47 46 48 41 42 39 46 50 47 49 43 40 39 43 46 46 46 45 42 39 43 45 45 49 52 44 40 41 45 45 48 43 46 45 47 46 41 0 42 49 45 51 44 44 52 42 48 
51 40 41 40 40 41 44 39 42 42 41 43 44 40 44 44 44 39 39 42 44 46 43 42 42 42 43 40 42 42 42 41 48 40 40 42 47 45 45 44 42 40 43 43 42 40 42 42 43 42 41 42 0 42 43 45 44 42 48 42 46 
52 40 44 45 44 43 41 42 40 39 44 43 43 42 39 41 41 44 42 46 40 46 46 48 46 46 46 40 42 43 40 41 46 44 47 38 40 43 42 43 44 42 46 46 45 44 39 39 46 41 45 49 42 0 41 40 47 47 40 42 43 
53 42 46 44 44 42 44 43 39 44 43 41 39 41 42 39 44 45 42 46 40 46 46 47 47 47 45 41 42 46 43 44 43 44 45 41 39 46 45 40 42 42 52 48 47 48 43 40 49 44 46 45 43 41 0 41 46 48 43 44 41 
54 43 46 44 46 42 42 44 41 40 46 44 46 44 39 41 41 50 44 48 39 43 44 50 48 49 48 42 40 49 42 43 51 46 49 41 40 44 42 44 49 45 49 52 48 46 41 41 43 46 48 51 45 40 41 0 53 53 40 44 46 
55 45 50 47 43 47 50 45 46 47 41 43 46 43 49 47 54 44 44 40 48 52 53 48 49 43 39 45 48 48 49 48 42 41 46 47 47 55 51 44 46 43 47 48 47 42 48 47 50 49 44 44 44 47 46 53 0 50 50 43 49 
56 44 41 43 42 49 47 43 51 47 45 47 49 45 48 49 48 45 44 47 49 49 45 42 42 45 45 45 50 43 50 44 48 47 41 46 48 51 47 48 45 44 40 40 40 43 46 46 50 45 44 44 42 47 48 53 50 0 48 46 51 
57 43 46 43 46 42 40 44 43 41 47 46 45 45 39 43 38 46 44 49 45 40 46 49 47 49 52 43 40 43 44 42 48 51 45 41 42 41 40 45 46 45 47 47 47 46 40 41 41 41 47 52 48 40 43 40 50 48 0 45 44 
58 45 45 44 42 42 45 42 40 42 40 43 40 43 44 42 49 43 41 43 42 47 46 47 46 44 42 40 43 46 44 44 41 41 44 42 41 47 47 39 40 40 51 47 46 42 43 42 46 45 44 42 42 42 44 44 43 46 45 0 47 
59 45 49 47 47 45 50 46 46 46 46 43 44 44 43 40 49 48 45 53 41 51 52 50 50 53 47 44 44 48 49 46 45 47 48 43 41 52 47 42 45 45 51 51 54 47 45 47 51 46 49 48 46 43 41 46 49 51 44 47 0 

;param d[*,*]
: 0 1 2 3 4 5 6 7 8 9 10 11 12 13 14 15 16 17 18 19 20 21 22 23 24 25 26 27 28 29 30 31 32 33 34 35 36 37 38 39 40 41 42 43 44 45 46 47 48 49 50 51 52 53 54 55 56 57 58 59:=
0 0.0 0 0 0 0.43 0.98 0 0 1.9 0.9 2.45 1.13 0.74 2.79 1.06 3.42 0.74 1.01 0 0.38 1.41 3.42 1.85 1.21 0 3.11 0.1 1.51 3.04 0.3 0.55 2.28 1.36 2.15 0.62 2.28 4.18 4.05 2.45 0.86 1.32 2.22 4.56 1.21 0.33 0.23 0 0.43 1.88 0.47 0.48 0.43 0.55 2.79 2.54 1.64 0.62 2.63 0 1.49 
1 0 0.0 0.55 2.91 0.43 1.29 0.99 0 3.76 0 1.84 0 2.92 0 0 1.56 0 0 0 5.95 1.72 0 0 1.13 1.54 2.59 3.8 0.58 0.55 0 0.35 0.9 0 1.01 3.11 0.72 4.31 4.81 3.08 0.63 3.67 0.68 0.39 0.76 1.6 0 2.16 3.55 1.6 2.28 0.57 1.69 3.29 1.88 0.8 0 0.27 1.68 2.59 3.88 
2 0 0.55 0.0 0 1.13 0 0 2.54 0.43 2.09 0 2.65 3.17 0 2.46 1.02 2.28 1.11 0 2.09 1.97 0 2.03 1.54 4.18 0 0 1.88 0.94 0.63 0 0.83 0 1.27 0.74 3.8 0 0 3.86 0 0 0.98 2.26 0.35 1.02 1.32 0 0.66 0.22 1.6 0 0.23 0 1.41 2.09 0 3.8 1.79 1.33 6.33 
3 0 2.91 0 0.0 0 0 0.63 0 3.2 0.23 2.63 1.52 1.41 0 0 1.8 0.35 1.52 0.99 1.6 0 0 0 0 0.23 0 2.53 3.29 4.05 2.22 0 1.25 0.31 1.51 1.79 1.33 2.96 0 0.55 0 0.17 1.13 2.92 3.29 0.18 0 0.5 1.6 0 0 0.74 0.62 3.11 0.6 4.33 1.06 2.35 0 0.94 2.03 
4 0.43 0.43 1.13 0 0.0 0.3 0.2 1.41 0 1.85 0 0.52 2.28 0 1.66 0.33 1.48 0.92 3.86 0.35 2.73 0.86 2.73 0 0.63 0.67 1.39 0.94 1.98 1.04 0 4.05 0 0 0.66 0 0.43 0 2.92 2.73 1.98 3.48 0 1.29 0 0 0 0.78 0.86 1.29 0 2.03 0 0.94 0 0 0 0.82 1.54 3.58 
5 0.98 1.29 0 0 0.3 0.0 1.6 1.17 1.54 1.88 4.52 0 4.56 0.27 0 0 2.28 0 0 0 0.74 0.8 3.67 0.73 0.89 0 1.79 0 0.78 0.23 0.8 1.0 1.8 1.85 0.78 0 0.39 0 0 0 4.94 4.05 5.07 2.4 0 0 0 0 0.43 0 0 1.25 0.3 0 2.26 1.12 6.21 0.74 2.59 0 
6 0 0.99 0 0.63 0.2 1.6 0.0 0 0.94 0.98 3.01 0 1.6 0 4.69 0 0.47 0.62 0.53 1.97 0 0 0.37 2.79 0.45 0 0.55 0.37 0.7 1.23 1.52 0 0 1.01 0.7 1.06 0 2.03 0.57 1.02 0.99 0 3.29 0 0 0.66 0 1.54 1.17 2.66 1.72 0.76 0 1.91 0 0 3.55 0.53 0.43 1.84 
7 0 0 2.54 0 1.41 1.17 0 0.0 0.66 2.35 1.11 0.92 0.25 0.32 0 2.63 0 1.11 0 0 3.67 2.28 4.14 4.14 0 0 0 0.99 2.28 0.4 2.35 0 1.72 1.91 0 0.31 3.76 3.39 0.63 0 2.53 0.83 0 0 2.73 0.33 0 3.29 1.79 2.4 1.37 2.91 0.74 0.49 1.79 1.72 0 2.54 0 0 
8 1.9 3.76 0.43 3.2 0 1.54 0.94 0.66 0.0 1.25 0 0 1.23 0.2 0.51 0 0 0.86 0.78 0.43 0 0 1.68 4.42 0 2.59 1.32 0 0 0 2.07 0 3.11 1.29 0.43 0.31 0.58 0.5 0 2.73 1.54 0.85 1.96 1.8 0.57 0.92 0 2.82 2.35 0 1.6 3.29 0.66 0 0.47 0.85 4.89 0.78 0 0 
9 0.9 0 2.09 0.23 1.85 1.88 0.98 2.35 1.25 0.0 0 0 0.2 0 2.22 0.83 0.9 2.03 0 2.28 0 0 2.83 0 0 0 2.41 0 0 2.59 0 1.05 0.43 1.17 1.17 0 0 3.39 1.36 0.25 1.14 1.72 0 0 0.74 3.48 0 0 0.72 1.54 0.18 1.23 0 1.13 0 0 0 0 0 2.71 
10 2.45 1.84 0 2.63 0 4.52 3.01 1.11 0 0 0.0 0 1.9 0 0.38 1.84 0.58 0.9 0.53 2.63 2.27 2.07 6.84 4.42 3.76 0.38 0.33 0.58 4.71 2.53 2.46 0.22 1.36 2.4 0.45 0.35 0 3.33 0.66 1.04 0.3 3.45 3.51 0 0.43 0 0 0.85 0 0 0.43 3.67 1.91 1.6 2.22 0 6.72 4.33 0 0.5 
11 1.13 0 2.65 1.52 0.52 0 0 0.92 0 0 0 0.0 0.94 0.5 0 0 4.14 0.5 2.83 0.7 3.2 0 7.48 2.23 0 0 0 0.52 4.89 0 5.07 1.02 1.37 5.83 2.35 0.92 0 0 0.13 1.54 1.79 2.5 2.5 3.7 1.49 3.29 0.38 0 0 3.08 0 4.56 1.06 0 0 1.76 5.93 2.4 0.25 0 
12 0.74 2.92 3.17 1.41 2.28 4.56 1.6 0.25 1.23 0.2 1.9 0.94 0.0 0 2.54 3.58 1.88 0.43 3.29 1.66 0.8 3.67 0.65 0.55 3.67 2.79 0.43 3.29 0 3.8 0 0.98 0.51 1.42 1.69 1.23 0 0 1.17 0 0.08 3.86 3.95 4.69 0.55 1.54 0 4.94 0.53 0.43 0 0.8 0.38 2.53 4.18 3.93 1.49 3.58 0 3.48 
13 2.79 0 0 0 0 0.27 0 0.32 0.2 0 0 0.5 0 0.0 2.07 1.04 3.86 0.5 2.23 0.8 0.82 1.09 1.64 0 0 2.07 2.91 0.66 2.03 0 0 4.8 0 0.6 0.22 0.27 1.02 1.23 1.33 0 4.43 2.07 0.85 2.96 2.65 0.8 0 0 1.17 0 1.99 0.55 0 0 0.66 5.83 5.27 0 0 2.82 
14 1.06 0 2.46 0 1.66 0 4.69 0 0.51 2.22 0.38 0 2.54 2.07 0.0 2.03 2.83 1.21 3.26 0 0 2.9 7.1 0.97 3.45 0 0 0 4.61 0 0.6 3.39 1.56 5.7 1.88 0.35 2.9 0 0 0.53 0 2.5 5.93 5.55 1.6 2.73 1.69 0 0 0 0.78 1.45 0.78 0.12 1.51 0 2.5 1.17 2.07 0 
15 3.42 1.56 1.02 1.8 0.33 0 0 2.63 0 0.83 1.84 0 3.58 1.04 2.03 0.0 0 1.37 1.02 0 0.62 0 1.45 0.85 0.97 0 3.8 0 0 0 1.17 0 3.02 0.6 1.88 1.6 0 0 0 2.96 1.6 6.33 4.52 5.83 1.84 1.22 1.29 0.92 0 1.99 3.45 2.22 0.63 0 0 0 0.94 0.25 0 0 
16 0.74 0 2.28 0.35 1.48 2.28 0.47 0 0 0.9 0.58 4.14 1.88 3.86 2.83 0 0.0 1.77 0.9 3.95 0 1.97 0.9 0 0 1.09 0 3.2 0 0 3.04 2.53 0.66 0.75 2.73 2.22 0.7 0.73 2.4 0 0.27 0.35 0.86 2.15 0 1.79 1.17 0 1.85 0.35 1.23 0.75 3.11 2.4 0 0.58 0 1.72 1.85 0 
17 1.01 0 1.11 1.52 0.92 0 0.62 1.11 0.86 2.03 0.9 0.5 0.43 0.5 1.21 1.37 1.77 0.0 3.29 1.13 0.73 0.53 2.92 0.45 3.29 3.17 0 0.4 1.72 1.02 0 1.97 0 0.27 0.66 2.79 1.52 0 3.29 0 0 1.33 4.31 0 0.2 0.37 1.69 2.03 0.45 1.98 2.66 0.23 1.29 2.35 3.2 2.09 4.18 0.6 1.05 0.7 
18 0 0 0 0.99 3.86 0 0.53 0 0.78 0 0.53 2.83 3.29 2.23 3.26 1.02 0.9 3.29 0.0 2.07 4.31 0 0 1.72 0.51 0 0 0 1.84 2.03 2.77 1.79 0 0.52 1.72 0 2.5 0 0 0 1.98 2.4 0 0 0.86 4.52 0 2.23 0 0 0.1 2.45 0.8 0.77 5.55 0 0 3.88 0.52 0 
19 0.38 5.95 2.09 1.6 0.35 0 1.97 0 0.43 2.28 2.63 0.7 1.66 0.8 0 0 3.95 1.13 2.07 0.0 0 1.52 0.83 0 5.18 0.78 1.29 1.41 0.68 0.4 0.48 0 0 2.46 0 0 0 0 1.42 0.57 3.01 0.97 0 0 2.53 0.35 0.2 1.37 1.17 0 0 0.57 0 0.43 0.31 0.94 7.6 0 2.35 0 
20 1.41 1.72 1.97 0 2.73 0.74 0 3.67 0 0 2.27 3.2 0.8 0.82 0 0.62 0 0.73 4.31 0 0.0 0.86 0.67 3.45 0 4.31 5.07 2.07 1.21 0.3 0 2.78 3.57 0.7 1.85 0 0 0.23 3.39 0 4.71 3.33 0 6.33 0 0 1.21 0 0 0 0 0.73 0 2.71 0.45 1.32 1.02 0.51 0 0 
21 3.42 0 0 0 0.86 0.8 0 2.28 0 0 2.07 0 3.67 1.09 2.9 0 1.97 0.53 0 1.52 0.86 0.0 0.7 0 0 0.95 3.11 1.42 0 0 0 0 0 1.48 2.54 2.34 0 0 4.99 4.61 0.65 0 0.48 0 0 0.3 1.79 0.1 0.13 0 0.85 3.8 0 0.75 0 0 4.94 0 2.9 0 
22 1.85 0 2.03 0 2.73 3.67 0.37 4.14 1.68 2.83 6.84 7.48 0.65 1.64 7.1 1.45 0.9 2.92 0 0.83 0.67 0.7 0.0 2.66 0.58 0 0 3.29 0.15 1.79 2.66 3.88 1.56 0.63 2.22 1.84 1.09 3.2 0.95 1.84 3.48 0 0.68 0.68 0 1.13 0.63 2.26 2.91 0.47 0 2.45 0 3.2 0 0 2.91 0 1.92 6.3 
23 1.21 1.13 1.54 0 0 0.73 2.79 4.14 4.42 0 4.42 2.23 0.55 0 0.97 0.85 0 0.45 1.72 0 3.45 0 2.66 0.0 0 0.6 0.57 4.14 1.02 2.53 4.05 4.89 0.45 0.25 2.46 4.61 0 0 2.03 0 0.48 1.04 1.32 0.62 0.86 3.67 3.95 2.53 1.45 0.94 1.09 2.66 2.71 4.89 0.95 0 0 0 4.05 2.7 
24 0 1.54 4.18 0.23 0.63 0.89 0.45 0 0 0 3.76 0 3.67 0 3.45 0.97 0 3.29 0.51 5.18 0 0 0.58 0 0.0 0 2.09 4.52 4.81 0 0 0.67 0 0.9 0 4.52 0.95 0.99 4.33 1.09 2.26 1.02 2.82 2.35 0 1.72 4.14 1.99 0 0.66 0.92 1.36 4.42 0.83 0 0 0 1.0 0.62 0 
25 3.11 2.59 0 0 0.67 0 0 0 2.59 0 0.38 0 2.79 2.07 0 0 1.09 3.17 0 0.78 4.31 0.95 0 0.6 0 0.0 0 0 0 3.14 0 0.3 0 0.6 3.76 0.67 0 4.0 0 0 2.41 0.78 0 0 0 0.78 0 0 3.26 1.6 0 2.54 4.23 0.63 2.15 0.35 1.56 0 0.9 0 
26 0.1 3.8 0 2.53 1.39 1.79 0.55 0 1.32 2.41 0.33 0 0.43 2.91 0 3.8 0 0 0 1.29 5.07 3.11 0 0.57 2.09 0 0.0 0.7 3.8 2.07 2.53 1.21 0.33 1.36 0 1.32 1.49 3.39 1.88 1.6 1.39 1.6 2.53 4.56 2.53 2.28 0.62 4.05 1.54 0 3.42 0.22 0.92 1.6 3.29 1.52 5.07 3.8 1.77 0.57 
27 1.51 0.58 1.88 3.29 0.94 0 0.37 0.99 0 0 0.58 0.52 3.29 0.66 0 0 3.2 0.4 0 1.41 2.07 1.42 3.29 4.14 4.52 0 0.7 0.0 2.45 0.75 0.23 4.52 0.63 0.48 0.66 0.63 2.26 1.79 0 2.22 0 0 0 0.68 1.41 0.56 0.31 1.79 0.86 1.68 0.75 1.02 0 2.16 0.8 2.23 0 0 1.17 0.55 
28 3.04 0.55 0.94 4.05 1.98 0.78 0.7 2.28 0 0 4.71 4.89 0 2.03 4.61 0 0 1.72 1.84 0.68 1.21 0 0.15 1.02 4.81 0 3.8 2.45 0.0 0.74 0.74 5.65 0 0.59 0 3.67 0 0 0.85 0.73 0.57 0.38 0.33 0.74 2.09 1.23 2.82 0.25 0.51 0 1.72 2.91 2.73 1.76 0 0 3.8 1.91 0.73 0.99 
29 0.3 0 0.63 2.22 1.04 0.23 1.23 0.4 0 2.59 2.53 0 3.8 0 0 0 0 1.02 2.03 0.4 0.3 0 1.79 2.53 0 3.14 2.07 0.75 0.74 0.0 0.35 0 0.67 0 0.86 1.48 0 0 0 0 1.97 3.86 1.49 3.39 0 0.38 0 0.43 0 1.6 1.84 2.45 1.13 0 1.29 3.7 0 0 0.6 0 
30 0.55 0.35 0 0 0 0.8 1.52 2.35 2.07 0 2.46 5.07 0 0 0.6 1.17 3.04 0 2.77 0.48 0 0 2.66 4.05 0 0 2.53 0.23 0.74 0.35 0.0 0 1.33 0 0.92 2.45 0.74 0.33 1.56 2.22 0.45 0.53 1.85 0.45 1.21 0.13 0 0.22 0.27 1.29 0.68 0.32 0.63 2.03 1.09 0 3.48 0.86 2.09 5.83 
31 2.28 0.9 0.83 1.25 4.05 1.0 0 0 0 1.05 0.22 1.02 0.98 4.8 3.39 0 2.53 1.97 1.79 0 2.78 0 3.88 4.89 0.67 0.3 1.21 4.52 5.65 0 0 0.0 0.4 2.9 0 2.16 1.15 0 1.11 0 3.29 3.76 2.5 5.46 0 0.82 0 3.88 0 0 0.42 0 2.71 2.82 0 1.29 5.27 2.31 0 1.56 
32 1.36 0 0 0.31 0 1.8 0 1.72 3.11 0.43 1.36 1.37 0.51 0 1.56 3.02 0.66 0 0 0 3.57 0 1.56 0.45 0 0 0.33 0.63 0 0.67 1.33 0.4 0.0 0 1.17 0 0 0 0 0.62 0.75 0 0 2.09 0.08 0.6 2.92 2.9 2.53 0 0 0.59 1.37 0.55 2.83 0.33 0 0 0.32 0 
33 2.15 1.01 1.27 1.51 0 1.85 1.01 1.91 1.29 1.17 2.4 5.83 1.42 0.6 5.7 0.6 0.75 0.27 0.52 2.46 0.7 1.48 0.63 0.25 0.9 0.6 1.36 0.48 0.59 0 0 2.9 0 0.0 0 0 2.03 2.22 0 1.21 2.66 2.28 2.28 0 0 1.48 0 0 0 0.27 1.79 0.17 0 3.76 0 0 2.53 1.52 0.57 7.1 
34 0.62 3.11 0.74 1.79 0.66 0.78 0.7 0 0.43 1.17 0.45 2.35 1.69 0.22 1.88 1.88 2.73 0.66 1.72 0 1.85 2.54 2.22 2.46 0 3.76 0 0.66 0 0.86 0.92 0 1.17 0 0.0 0.18 0.5 0 1.6 1.72 0 1.72 2.65 2.4 1.17 0.39 0.12 2.35 1.17 3.58 3.58 1.98 0 1.6 0 1.96 0.77 0.32 0.37 0 
35 2.28 0.72 3.8 1.33 0 0 1.06 0.31 0.31 0 0.35 0.92 1.23 0.27 0.35 1.6 2.22 2.79 0 0 0 2.34 1.84 4.61 4.52 0.67 1.32 0.63 3.67 1.48 2.45 2.16 0 0 0.18 0.0 1.56 0.58 0 2.45 2.35 5.08 2.07 6.21 0 0 0 0 0.48 0 0.67 0 0.2 0.12 1.41 1.92 0.92 0.42 0 0.78 
36 4.18 4.31 0 2.96 0.43 0.39 0 3.76 0.58 0 0 0 0 1.02 2.9 0 0.7 1.52 2.5 0 0 0 1.09 0 0.95 0 1.49 2.26 0 0 0.74 1.15 0 2.03 0.5 1.56 0.0 0 5.27 3.39 0 1.64 0 3.67 0 1.88 0 0.37 0.74 3.08 0 3.58 0.47 0.78 2.03 0 0 0.78 4.8 0 
37 4.05 4.81 0 0 0 0 2.03 3.39 0.5 3.39 3.33 0 0 1.23 0 0 0.73 0 0 0 0.23 0 3.2 0 0.99 4.0 3.39 1.79 0 0 0.33 0 0 2.22 0 0.58 0 0.0 4.89 0.9 2.83 1.88 0.75 0.73 1.99 1.11 1.72 0 0.8 3.26 0 1.52 1.42 0 2.45 0 5.08 0.22 0.82 0.83 
38 2.45 3.08 3.86 0.55 2.92 0 0.57 0.63 0 1.36 0.66 0.13 1.17 1.33 0 0 2.4 3.29 0 1.42 3.39 4.99 0.95 2.03 4.33 0 1.88 0 0.85 0 1.56 1.11 0 0 1.6 0 5.27 4.89 0.0 0.3 2.91 1.0 7.73 7.1 1.21 3.39 0.4 1.99 0 4.14 1.29 4.05 1.09 1.13 0.53 0 0.95 3.95 0 0 
39 0.86 0.63 0 0 2.73 0 1.02 0 2.73 0.25 1.04 1.54 0 0 0.53 2.96 0 0 0 0.57 0 4.61 1.84 0 1.09 0 1.6 2.22 0.73 0 2.22 0 0.62 1.21 1.72 2.45 3.39 0.9 0.3 0.0 0 2.83 6.08 0.72 0.59 3.39 0.45 0 3.95 0 0.92 1.98 3.01 0.98 0 0 1.64 4.52 0.39 2.46 
40 1.32 3.67 0 0.17 1.98 4.94 0.99 2.53 1.54 1.14 0.3 1.79 0.08 4.43 0 1.6 0.27 0 1.98 3.01 4.71 0.65 3.48 0.48 2.26 2.41 1.39 0 0.57 1.97 0.45 3.29 0.75 2.66 0 2.35 0 2.83 2.91 0 0.0 4.69 1.52 2.09 0.35 2.63 2.79 3.76 0 2.66 2.03 1.39 0.43 0.42 0.63 0.47 4.31 2.53 0.86 5.32 
41 2.22 0.68 0.98 1.13 3.48 4.05 0 0.83 0.85 1.72 3.45 2.5 3.86 2.07 2.5 6.33 0.35 1.33 2.4 0.97 3.33 0 0 1.04 1.02 0.78 1.6 0 0.38 3.86 0.53 3.76 0 2.28 1.72 5.08 1.64 1.88 1.0 2.83 4.69 0.0 0 0.16 0.53 0 0 4.81 3.39 0.82 0.65 1.66 1.8 0 3.7 0.89 0.17 2.07 0 1.24 
42 4.56 0.39 2.26 2.92 0 5.07 3.29 0 1.96 0 3.51 2.5 3.95 0.85 5.93 4.52 0.86 4.31 0 0 0 0.48 0.68 1.32 2.82 0 2.53 0 0.33 1.49 1.85 2.5 0 2.28 2.65 2.07 0 0.75 7.73 6.08 1.52 0 0.0 0 0 0 4.23 2.16 4.18 3.04 0 3.55 4.23 0.97 0 0.94 0.55 6.46 6.59 2.89 
43 1.21 0.76 0.35 3.29 1.29 2.4 0 0 1.8 0 0 3.7 4.69 2.96 5.55 5.83 2.15 0 0 0 6.33 0 0.68 0.62 2.35 0 4.56 0.68 0.74 3.39 0.45 5.46 2.09 0 2.4 6.21 3.67 0.73 7.1 0.72 2.09 0.16 0 0.0 0 3.29 0 0 4.05 0 0 2.91 0 3.33 0.92 3.14 0.68 0.82 5.95 0 
44 0.33 1.6 1.02 0.18 0 0 0 2.73 0.57 0.74 0.43 1.49 0.55 2.65 1.6 1.84 0 0.2 0.86 2.53 0 0 0 0.86 0 0 2.53 1.41 2.09 0 1.21 0 0.08 0 1.17 0 0 1.99 1.21 0.59 0.35 0.53 0 0 0.0 0 0 0.72 0 0.8 0 1.52 0 0 4.33 0.94 0 1.88 1.36 1.99 
45 0.23 0 1.32 0 0 0 0.66 0.33 0.92 3.48 0 3.29 1.54 0.8 2.73 1.22 1.79 0.37 4.52 0.35 0 0.3 1.13 3.67 1.72 0.78 2.28 0.56 1.23 0.38 0.13 0.82 0.6 1.48 0.39 0 1.88 1.11 3.39 3.39 2.63 0 0 3.29 0 0.0 0.74 0 0.15 3.58 0 0.86 0 1.66 0 5.27 1.72 0.92 2.92 3.67 
46 0 2.16 0 0.5 0 0 0 0 0 0 0 0.38 0 0 1.69 1.29 1.17 1.69 0 0.2 1.21 1.79 0.63 3.95 4.14 0 0.62 0.31 2.82 0 0 0 2.92 0 0.12 0 0 1.72 0.4 0.45 2.79 0 4.23 0 0 0.74 0.0 2.54 1.29 2.4 1.49 2.79 0.31 0.25 0.63 3.02 1.88 1.88 1.98 0 
47 0.43 3.55 0.66 1.6 0.78 0 1.54 3.29 2.82 0 0.85 0 4.94 0 0 0.92 0 2.03 2.23 1.37 0 0.1 2.26 2.53 1.99 0 4.05 1.79 0.25 0.43 0.22 3.88 2.9 0 2.35 0 0.37 0 1.99 0 3.76 4.81 2.16 0 0.72 0 2.54 0.0 0 2.71 2.07 3.93 0 0 2.92 1.14 0 1.17 4.33 0 
48 1.88 1.6 0.22 0 0.86 0.43 1.17 1.79 2.35 0.72 0 0 0.53 1.17 0 0 1.85 0.45 0 1.17 0 0.13 2.91 1.45 0 3.26 1.54 0.86 0.51 0 0.27 0 2.53 0 1.17 0.48 0.74 0.8 0 3.95 0 3.39 4.18 4.05 0 0.15 1.29 0 0.0 0.65 2.96 3.29 0.3 2.22 0 0 1.64 0 2.4 0 
49 0.47 2.28 1.6 0 1.29 0 2.66 2.4 0 1.54 0 3.08 0.43 0 0 1.99 0.35 1.98 0 0 0 0 0.47 0.94 0.66 1.6 0 1.68 0 1.6 1.29 0 0 0.27 3.58 0 3.08 3.26 4.14 0 2.66 0.82 3.04 0 0.8 3.58 2.4 2.71 0.65 0.0 1.11 2.15 1.64 4.42 0 1.97 0 2.11 3.29 2.46 
50 0.48 0.57 0 0.74 0 0 1.72 1.37 1.6 0.18 0.43 0 0 1.99 0.78 3.45 1.23 2.66 0.1 0 0 0.85 0 1.09 0.92 0 3.42 0.75 1.72 1.84 0.68 0.42 0 1.79 3.58 0.67 0 0 1.29 0.92 2.03 0.65 0 0 0 0 1.49 2.07 2.96 1.11 0.0 2.07 0 0 0 0 1.25 0 1.54 2.15 
51 0.43 1.69 0.23 0.62 2.03 1.25 0.76 2.91 3.29 1.23 3.67 4.56 0.8 0.55 1.45 2.22 0.75 0.23 2.45 0.57 0.73 3.8 2.45 2.66 1.36 2.54 0.22 1.02 2.91 2.45 0.32 0 0.59 0.17 1.98 0 3.58 1.52 4.05 1.98 1.39 1.66 3.55 2.91 1.52 0.86 2.79 3.93 3.29 2.15 2.07 0.0 1.54 1.21 2.34 2.22 0.43 0 0.38 4.52 
52 0.55 3.29 0 3.11 0 0.3 0 0.74 0.66 0 1.91 1.06 0.38 0 0.78 0.63 3.11 1.29 0.8 0 0 0 0 2.71 4.42 4.23 0.92 0 2.73 1.13 0.63 2.71 1.37 0 0 0.2 0.47 1.42 1.09 3.01 0.43 1.8 4.23 0 0 0 0.31 0 0.3 1.64 0 1.54 0.0 1.79 0.51 0.9 0 1.41 2.45 0 
53 2.79 1.88 1.41 0.6 0.94 0 1.91 0.49 0 1.13 1.6 0 2.53 0 0.12 0 2.4 2.35 0.77 0.43 2.71 0.75 3.2 4.89 0.83 0.63 1.6 2.16 1.76 0 2.03 2.82 0.55 3.76 1.6 0.12 0.78 0 1.13 0.98 0.42 0 0.97 3.33 0 1.66 0.25 0 2.22 4.42 0 1.21 1.79 0.0 0.78 0 2.27 1.91 0 0.27 
54 2.54 0.8 2.09 4.33 0 2.26 0 1.79 0.47 0 2.22 0 4.18 0.66 1.51 0 0 3.2 5.55 0.31 0.45 0 0 0.95 0 2.15 3.29 0.8 0 1.29 1.09 0 2.83 0 0 1.41 2.03 2.45 0.53 0 0.63 3.7 0 0.92 4.33 0 0.63 2.92 0 0 0 2.34 0.51 0.78 0.0 0 0 0.55 2.03 0 
55 1.64 0 0 1.06 0 1.12 0 1.72 0.85 0 0 1.76 3.93 5.83 0 0 0.58 2.09 0 0.94 1.32 0 0 0 0 0.35 1.52 2.23 0 3.7 0 1.29 0.33 0 1.96 1.92 0 0 0 0 0.47 0.89 0.94 3.14 0.94 5.27 3.02 1.14 0 1.97 0 2.22 0.9 0 0 0.0 0 4.25 1.91 0 
56 0.62 0.27 3.8 2.35 0 6.21 3.55 0 4.89 0 6.72 5.93 1.49 5.27 2.5 0.94 0 4.18 0 7.6 1.02 4.94 2.91 0 0 1.56 5.07 0 3.8 0 3.48 5.27 0 2.53 0.77 0.92 0 5.08 0.95 1.64 4.31 0.17 0.55 0.68 0 1.72 1.88 0 1.64 0 1.25 0.43 0 2.27 0 0 0.0 3.63 6.08 4.56 
57 2.63 1.68 1.79 0 0.82 0.74 0.53 2.54 0.78 0 4.33 2.4 3.58 0 1.17 0.25 1.72 0.6 3.88 0 0.51 0 0 0 1.0 0 3.8 0 1.91 0 0.86 2.31 0 1.52 0.32 0.42 0.78 0.22 3.95 4.52 2.53 2.07 6.46 0.82 1.88 0.92 1.88 1.17 0 2.11 0 0 1.41 1.91 0.55 4.25 3.63 0.0 0 0 
58 0 2.59 1.33 0.94 1.54 2.59 0.43 0 0 0 0 0.25 0 0 2.07 0 1.85 1.05 0.52 2.35 0 2.9 1.92 4.05 0.62 0.9 1.77 1.17 0.73 0.6 2.09 0 0.32 0.57 0.37 0 4.8 0.82 0 0.39 0.86 0 6.59 5.95 1.36 2.92 1.98 4.33 2.4 3.29 1.54 0.38 2.45 0 2.03 1.91 6.08 0 0.0 0 
59 1.49 3.88 6.33 2.03 3.58 0 1.84 0 0 2.71 0.5 0 3.48 2.82 0 0 0 0.7 0 0 0 0 6.3 2.7 0 0 0.57 0.55 0.99 0 5.83 1.56 0 7.1 0 0.78 0 0.83 0 2.46 5.32 1.24 2.89 0 1.99 3.67 0 0 0 2.46 2.15 4.52 0 0.27 0 0 4.56 0 0 0.0 

;