set O:= 0;
set N:= 1 2 3 4 5 6 7 8 9 10 11 12 13 14 15 16 17 18 19 20 21 22 23 24 25 26 27 28 29 30 31 32 33 34 35 36 37 38 39 40 41 42 43 44 45 46 47 48 49 50 51 52 53 54 55 56 57 58 59 60 61 62 63 64 65 66 67 68 69 70 71 72 73 74 75;
set K:= 1 2 3 4 5;
param V:= 5;
param cp:= 280;
param dm:= 2.0;
param o:=
0 0
1 18
2 26
3 11
4 30
5 21
6 19
7 15
8 16
9 29
10 26
11 37
12 16
13 12
14 31
15 8
16 19
17 20
18 13
19 15
20 22
21 28
22 12
23 6
24 27
25 14
26 18
27 17
28 29
29 13
30 22
31 25
32 28
33 27
34 19
35 10
36 12
37 14
38 24
39 16
40 33
41 15
42 11
43 18
44 17
45 21
46 27
47 19
48 20
49 5
50 22
51 12
52 19
53 22
54 16
55 7
56 26
57 14
58 21
59 24
60 13
61 15
62 18
63 11
64 28
65 9
66 37
67 30
68 10
69 8
70 11
71 3
72 1
73 6
74 10
75 20
;
param c[*,*]
: 0 1 2 3 4 5 6 7 8 9 10 11 12 13 14 15 16 17 18 19 20 21 22 23 24 25 26 27 28 29 30 31 32 33 34 35 36 37 38 39 40 41 42 43 44 45 46 47 48 49 50 51 52 53 54 55 56 57 58 59 60 61 62 63 64 65 66 67 68 69 70 71 72 73 74 75:=
0 0 9 5 7 5 11 3 5 5416 10 38 13 9 7944 12 9749 9 2889 12 9 16 9749 22 14 12 48 2 23 8666 7 6 27 16 6138 7 6499 11915 11554 38 10 20 26 12999 14 8 6 4 10 29 11 12 5 6 7944 39 19 15 40 7 17 17 12277 32 7944 62 14 13 4 3 17 15 14082 7222 9 8 1 
1 9 0 4 8305 12 12 12 9 8882 17 21 15 45 12 15 14 5 9 14 10436 20 5 3 17 18 15165 10832 12 4 8 5 22 14 2889 7328 11 12277 13721 28 15 10471 8 5 2166 9388 9 31 6217 12 6499 25 26 7772 17 13 18 6 15 30 35 16248 6 7 3 6 15 21 10832 9 13 18 14 58 7 3997 33 
2 5 4 0 5 4333 5 3 5995 7 7550 9 24 5551 6 22 23 3997 13 10 15 7106 4 3553 11 7328 10 7 4441 9 14 2 14 7 2220 8 6661 7 7 11448 8 5 7 21 5 23 3109 5 15 6 12 9 6 5 13 30 14 6661 6439 15 13960 16 18 2 7 26 12844 13960 6499 3 6 30 6883 30 2 2 5 
3 7 8305 5 0 10 15 7 10 12277 10 10110 22 22 17 12 66 6 4333 5777 30 24 9 12 8 6 7 7222 12638 7106 12999 6 23 12 23 42 25 17332 22 12 7 4 13 45 9388 1083 12 14 36 10 4 4333 7 11915 13 16609 39 36 21 17 29 43 9104 5773 6 16 13 14 9 14 18 84 25 9 8 28 7 
4 5 12 4333 10 0 8 5 5416 6 43 12 14 6499 7 39 9 35 11 14804 9 10471 16 10471 12 17 18 3972 3611 7583 3972 3 15526 12 7 2528 6 12 9 11193 10471 30 13360 13 24 10 3 4 14 20 24 13 5777 3 17 9 20 14 15 36 13721 12999 12 15 9 15165 12638 17 3 3 11 12277 13 9 8 6 7 
5 11 12 5 15 8 0 9388 17 28 54 13402 14 10051 6 13 2 10331 12 23 9 3350 2887 8097 25 38 23 21 4 18 7 2887 21 66 8376 11 9 11 2 13 15 10889 48 11168 22 20 3 7 2 1554 21 19 14 6 13 6701 48 13681 3350 47 13 10 5 22 10 12 14 14519 11 8 4 6 5 12 10 4 7944 
6 3 12 3 7 5 9388 0 9 17 36 11554 14 25 12 13360 11 5 7 23 23 15 10 9 7944 11 14 6 10 8 7222 4333 15 8 2889 13 12 11 11915 15 19 12 10 9388 8 6 12 8 9027 6860 7583 10110 2166 8 22 14 19 10110 23 12 21 17 10 6 5 49 14082 15887 6 7 14 17 13721 10 5 6 5 
7 5 9 5995 10 5416 17 9 0 1554 5551 16 17 4 7 4 7818 7 13 15 3 8660 33 9770 9770 17 14 3 18 33 8 5551 7 40 28 2 4 8882 7994 9 5 4441 14 12 11 10471 7 2 7772 26 56 25 8305 11 9 4219 32 11 7539 3 7 10658 11 8 9 12657 5584 6422 4 14 10214 20 10 3997 15 6883 6 
8 5416 8882 7 12277 6 28 17 1554 0 14 6 6 9 4 7 6 8 10 21 6 7 8 19 10436 19 61 20 3 8 5 4885 10 11915 15 6 4 10 8 6 6439 11 14 22 20 15 17 1 6661 5551 17 30 9388 1554 3 5 23 11546 11 5 7 9104 11 31 34 25 28 9 7 29 9 8438 11 7 16 7 12 
9 10 17 7550 10 43 54 36 5551 14 0 5 10 4 12 10051 28 33 5777 8 8216 21 14 16609 15 9 5 6860 11 12 11727 10 4747 2528 43 13 7 20 15356 6143 1117 2513 64 18 19 4333 10331 7 12 19 9027 8 14 9 32 11 9 18 17 5 12285 23 12 17 42 25 7259 18 9027 40 34 18 18 2513 51 36 9 
10 38 21 9 10110 12 13402 11554 16 6 5 0 5 4188 11 8 26 16 10 23 6217 32 24 19498 16971 14443 17 8 12 11102 46 36 5 7944 56 7 6 16 60 1954 3071 6 40 41 19 19 10 6 14 11 16 19 10471 28 4747 32 14 19137 12844 2 10 37 53 10 14804 26 2792 5 11 12 17311 17590 17590 8 15526 20 42 
11 13 15 24 22 14 14 14 17 6 10 5 0 8 10 3 11 12285 12 12844 20 14519 16 16473 32 15 13 8 11 58 12 11168 15 39 12844 6980 4188 17 17 3 28 16 22 22 34 42 9772 8 14 14 56 11 12999 15 2 7 50 70 10889 5 4 68 17 18 17 20 8 4 11 12999 17032 16194 67 7 13681 16 22 
12 9 45 5551 22 6499 10051 25 4 9 4 4188 8 0 9 30 42 29 5 9388 12 15 35 16 13 10471 7944 5 7259 8 8376 6 9 6 17 16 9 13 12 11 3 2 59 61 13360 6 14 4 8660 8 10 7 9 6 5584 7328 11193 17 42 3 41 31 12 8 36 18 8 17 9 7 13681 18 14240 3 40 14 20 
13 7944 12 6 17 7 6 12 7 4 12 11 10 9 0 6143 3071 11448 12 41 15 12 12 23 14 20 38 8305 1954 29 4 5 14240 17 13 5 6 15 22 19 12 9772 30 18 54 62 15 4 5 17 18 37 13 2 7 1954 22387 15636 2 10 8376 10 8438 31 11727 17 10 10331 6499 9 9 7539 9 40 20 6 8 
14 12 15 22 12 39 13 13360 4 7 10051 8 3 30 6143 0 9214 51 14 14798 3 15 13123 15636 20 63 13 8 7 55 9 11 10051 45 12564 5584 10 13123 12 5 11 9 22 70 66 46 8097 5026 12 13 16 26 17 11 4 4467 18 22 34 6143 3 59 15915 17 17 78 6 4188 9 15 60 27 16 8 13 24 10471 
15 9749 14 23 66 9 2 11 7818 6 28 26 11 42 3071 9214 0 15 16 44 7 2792 5 13 28 42 22 10832 3 8 3 4219 19 17693 20 5584 7259 4 3 12 54 14 13960 54 12844 68 3630 23 3331 3 74 20220 26 9 12 5 25 17 1117 12 11 22 6883 28 15 16 52 17 9 10 7 4467 5 16 39 5 9 
16 9 5 3997 6 35 10331 5 7 8 33 16 12285 29 11448 51 15 0 5055 33 9326 18 7106 10 5 5 40 8 9493 5 9 5329 59 25 12 6439 32 30 32 44 10 6 8 10 6138 5 32 13 10 6661 6 7222 12 7328 44 10 25 6 49 43 17 38 9 5 4 22 25 13960 8666 8 16 38 18 9749 19 11 14 
17 2889 9 13 4333 11 12 7 13 10 5777 10 12 5 12 14 16 5055 0 9388 13 18 13 45 11 9388 9027 3 10 20 12 7 23 5 6 8 7944 18 14 9388 6 2 15 12277 11 5 9 26 24 11 30 7583 3 15 36 49 25 11915 14 12 17 36 17 17 6860 61 22 13 5 4 19 19 16609 12 9 10 3 
18 12 14 10 5777 14804 23 23 15 21 8 23 12844 9388 41 14798 44 33 9388 0 77 25275 12 17 10110 19 4 12 18 42 75 9992 10471 5 22 32 21 92 26 14 8 30 14082 15 15 5055 17332 18 51 14 6 4 38 22 26 21303 6 11 22748 22 17 27081 25 18 10110 18 12006 17 14 17 23831 27 32 10 13 10436 12999 
19 9 10436 15 30 9 9 23 3 6 8216 6217 20 12 15 3 7 9326 13 77 0 9 35 12 12 19859 34 15 4188 10 13 7 9 16 18 3 2 8 8 26 9 28 14 13 12 14804 7 3 31 27 20 19 14 3 12 4 40 13323 6 5551 6 20 22 10 40 16 7 6701 6499 13 20 10 38 13 12 16 9 
20 16 20 7106 24 10471 3350 15 8660 7 21 32 14519 15 12 15 2792 18 18 25275 9 0 20 16 20220 29 25275 14443 6143 28 10 6 40 20942 30 27 8 3 5 61 16 56 39 18 18054 25 7 14 4 5 21 30 18 6 12285 7 57 24 15 16 14 9 6883 32 17 37 32 16 25 13 5 1332 2443 31 14443 6 12 
21 9749 5 4 9 16 2887 10 33 8 14 24 16 35 12 13123 5 7106 13 12 35 20 0 5 10 12 25 48 20 2 3 3 16 10 5329 5995 8438 3 4 14798 10880 10 7 7 6 11 5 26 3 4 11 23 10832 6 25 9 15 8660 6 42 16 5 2 3 6439 7 20 67 13 29 2 20 3775 13 5 7 35 
22 22 3 3553 12 10471 8097 9 9770 19 16609 19498 16473 16 23 15636 13 10 45 17 12 16 5 0 7583 14 18 13 9772 2 16 4663 45 58 7 32 13 13 49 18 21 53 5 8 8 16 16 11 21 5107 11 16 38 8 29 11 27 8305 11 22 75 14082 2665 2 6499 19 17032 23 15 9 11 16 48 34 4 4 9749 
23 14 17 11 8 12 25 7944 9770 10436 15 16971 32 13 14 20 28 5 11 10110 12 20220 10 7583 0 5 26 14 12285 7 11448 7106 18776 19 6 36 10880 21 23 29 13 12 16 20 7 32 10889 9326 9104 33 3611 40 7583 39 14519 16 15 2 17 15526 39 42 9 4 3250 8305 16 70 16 9749 16248 84 19137 29 6 8 22 
24 12 18 7328 6 17 38 11 17 19 9 14443 15 10471 20 63 42 5 9388 19 19859 29 12 14 5 0 9 25 17332 8438 22 9 18 8 10 16 17332 41 43 12844 20 35 12 43 36 6 32 15887 45 11 2528 5416 16 16971 17 24 12 6 43 17 18 31 13 14 6499 13721 17 20 27 13 26 31 92 11554 12 9 24 
25 48 15165 10 7 18 23 14 14 61 5 17 13 7944 38 13 22 40 9027 4 34 25275 25 18 26 9 0 11 19 13 18415 10 13 5 26 14443 29 29 23470 10 5 6860 34 20 18 7 21 14 15 11769 9388 3 39 16248 21 40 13 58 22 33 18 27 17 9992 12277 21303 18 11168 16 53 98 53 26 26 15 44 12638 
26 2 10832 7 7222 3972 21 6 3 20 6860 8 8 5 8305 8 10832 8 3 12 15 14443 48 13 14 25 11 0 8 10832 32 7222 14 8 16 4 20 17 52 29 25 3972 19 30 12999 7222 6499 7 11554 18 11 9749 5 11 25 9388 18 14443 10832 5055 14 34 18 20 9 69 36 22 7 4694 15165 32 15887 7 9 12 3250 
27 23 12 4441 12638 3611 4 10 18 3 11 12 11 7259 1954 7 3 9493 10 18 4188 6143 20 9772 12285 17332 19 8 0 5773 2234 4 13402 17 10 1954 9 6701 5305 9 40 8 14 14 14 26 1675 4 4219 12 31 20 12 1 6422 15 41 14 4 17 12 9 9 25 9772 14 10 11 4333 6 8 8 10 9 10 9 11 
28 8666 4 9 7106 7583 18 8 33 8 12 11102 58 8 29 55 8 5 20 42 10 28 2 2 7 8438 13 10832 5773 0 17 5 13323 10 4 7 35 4 6 18 12 8 6 5 5 7550 18 6661 7 12 7 39 8305 6439 16 9 15 6661 6883 12 18 7 2220 2 6 5 31 17 9749 6138 4 14 6 20 10 1 8 
29 7 8 14 12999 3972 7 7222 8 5 11727 46 12 8376 4 9 3 9 12 75 13 10 3 16 11448 22 18415 32 2234 17 0 8 15 29 8 16 6701 5 4 11 12 18 46 13 40 15 1117 4 10 1 59 68 38 3350 11 23 21665 13 4 13 12 28 6 20 18 23 12 26 7 22 25 8 25 42 14 4 5777 
30 6 5 2 6 3 2887 4333 5551 4885 10 36 11168 6 5 11 4219 5329 7 9992 7 6 3 4663 7106 9 10 7222 4 5 8 0 11 30 4 13 23 17 9 22 32 7 8 13 7 28 2 4 6 6 9 18 8 7 18 12 15 33 20 30 12844 8 5 6 5107 7772 25 13402 12 2889 10 7 5773 7550 7 5 3972 
31 27 22 14 23 15526 21 15 7 10 4747 5 15 9 14240 10051 19 59 23 10471 9 40 16 45 18776 18 13 14 13402 13323 15 11 0 17 68 10 31 24 21 20 5 7259 44 29 84 13 17 10 56 13 17 18 13 39 8376 11 7583 81 33 6 22 25 15543 14 16971 104 11 7259 26 15526 21 42 21 4467 38 14 14443 
32 16 14 7 12 12 66 8 40 11915 2528 7944 39 6 17 45 17693 25 5 5 16 20942 10 58 19 8 5 8 17 10 29 30 17 0 9 22 12 21 24 8 3611 12 13 18 12277 4 16 11193 10436 9104 7 3 7 25 18 66 14 12 18 14 17 23109 22 7328 8305 69 18 11 9027 9 81 28 43 10 13 10 17 
33 6138 2889 2220 23 7 8376 2889 28 15 43 56 12844 17 13 12564 20 12 6 22 18 30 5329 7 6 10 26 16 10 4 8 4 68 9 0 6 8 11915 12999 13 22 7583 6499 6499 5 8 27 7 6 5 6 10471 4 6 45 9 18 7222 44 15 15636 16 6 4 4 9388 26 18 8 17 15 32 14443 23 1805 4 7 
34 7 7328 8 42 2528 11 13 2 6 13 7 6980 16 5 5584 5584 6439 8 32 3 27 5995 32 36 16 14443 4 1954 7 16 13 10 22 6 0 3 8 6 29 25 5 20 38 35 22 6 2 5551 17 13721 13721 30 1 4747 4 36 13 7 6 10 8438 8 6217 28 10880 34 8935 1805 4694 10 31 7994 22 12 4885 14 
35 6499 11 6661 25 6 9 12 4 4 7 6 4188 9 6 10 7259 32 7944 21 2 8 8438 13 10880 17332 29 20 9 35 6701 23 31 12 8 3 0 36 16 5 5773 22 48 15 10880 12 6 2 10 13 16 29 10 3 4 3331 71 14 14 4 22 10 13 9 11 15 6 6 5 9 11 11 11 10 11 7328 7 
36 11915 12277 7 17332 12 11 11 8882 10 20 16 17 13 15 13123 4 30 18 92 8 3 3 13 21 41 29 17 6701 4 5 17 24 21 11915 8 36 0 2 15636 61 13 19 14 56 18 5584 8 1332 2665 18054 27 55 8 26 29 27 18 22 14240 16 2443 4 23 14082 16 19 35 15 10 1554 5 3 30 10832 4 43 
37 11554 13721 7 22 9 2 11915 7994 8 15356 60 17 12 22 12 3 32 14 26 8 5 4 49 23 43 23470 52 5305 6 4 9 21 24 12999 6 16 2 0 14519 19 26 22 18 18 74 20 25 2 2887 19137 22 18 20 13 5773 33 78 7 17 28 2443 11 6661 15165 18 15356 32 14 10110 3 2 2220 28 12277 4441 12 
38 38 28 11448 12 11193 13 15 9 6 6143 1954 3 11 19 5 12 44 9388 14 26 61 14798 18 29 12844 10 29 9 18 11 22 20 8 13 29 5 15636 14519 0 6 6422 19 17032 15636 35 10051 8 28 14 12285 37 11554 16 3350 11 11 18 11727 3 7 71 19 13681 13 24 2 3 9 49 17 17 17311 3630 14 13 13 
39 10 15 8 7 10471 15 19 5 6439 1117 3071 28 3 12 11 54 10 6 8 9 16 10880 21 13 20 5 25 40 12 12 32 5 3611 22 25 5773 61 19 6 0 3 33 17332 17 22 10051 7 12 9326 11 5416 30 7106 14 9 8 19 13402 6 45 73 15 36 22 41 12 8097 9 11 66 18 19 6 16 36 18 
40 20 10471 5 4 30 10889 12 4441 11 2513 6 16 2 9772 9 14 6 2 30 28 56 10 53 12 35 6860 3972 8 8 18 7 7259 12 7583 5 22 13 26 6422 3 0 13360 18 25 4 31 4885 36 8 7583 5777 3972 6 8 9 11 12277 23 8 11727 32 11 7 10 34 9 9 6138 6499 56 15356 30 6 38 14 12 
41 26 8 7 13 13360 48 10 14 14 64 40 22 59 30 22 13960 8 15 14082 14 39 7 5 16 12 34 19 14 6 46 8 44 13 6499 20 48 19 22 19 33 13360 0 1 2 23 11 11 8438 32 9 28 19 20 16 53 38 4 18 18 23 19137 7 8 5416 4 36 22 30 22 14 39 17 17 12 12 12 
42 12999 5 21 45 13 11168 9388 12 22 18 41 22 61 18 70 54 10 12277 15 13 18 7 8 20 43 20 30 14 5 13 13 29 18 6499 38 15 14 18 17032 17332 18 1 0 2 14 11 9992 16 7328 8666 17 10110 9992 18 13 40 6 14240 18776 26 18054 10 7 5777 6 18 79 59 21 13 18415 15887 23 22 6 48 
43 14 2166 5 9388 24 22 8 11 20 19 19 34 13360 54 66 12844 6138 11 15 12 18054 6 8 7 36 18 12999 14 5 40 7 84 12277 5 35 10880 56 18 15636 17 25 2 2 0 13 9772 9 8 7106 7 13 8305 10 30 15 18415 8 15 16971 20 18054 6 3 5 6 19 37 27 9388 13 20 32 16248 9 6 10832 
44 8 9388 23 1083 10 20 6 10471 15 4333 19 42 6 62 46 68 5 5 5055 14804 25 11 16 32 6 7 7222 26 7550 15 28 13 4 8 22 12 18 74 35 22 4 23 14 13 0 12 11 19 11 4694 4 4333 14 10 16609 35 12 69 7944 57 28 9770 8 6499 31 11 12006 8666 9 21 43 82 7 9 15 15 
45 6 9 3109 12 3 3 12 7 17 10331 10 9772 14 15 8097 3630 32 9 17332 7 7 5 16 10889 32 21 6499 1675 18 1117 2 17 16 27 6 6 5584 20 10051 10051 31 11 11 9772 12 0 13 3 2 13721 17 10 2 30 6 20220 25 17 8655 10889 9 5995 20 17 12 12 15 9 17 9 7539 9 18 6 6 5 
46 4 31 5 14 4 7 8 2 1 7 6 8 4 4 5026 23 13 26 18 3 14 26 11 9326 15887 14 7 4 6661 4 4 10 11193 7 2 2 8 25 8 7 4885 11 9992 9 11 13 0 5995 19 56 27 7944 4 5 7 71 21 5584 4663 8 9 11 7 7 11324 8 34 9 6 9 8216 9 5329 6661 6 5 
47 10 6217 15 36 14 2 9027 7772 6661 12 14 14 8660 5 12 3331 10 24 51 31 4 3 21 9104 45 15 11554 4219 7 10 6 56 10436 6 5551 10 1332 2 28 12 36 8438 16 8 19 3 5995 0 1 9770 47 11193 5 12 6883 30 10 4219 10214 15 3775 3553 18 29 9 19 15915 9749 7583 2443 4 2887 10 6 2443 8666 
48 29 12 6 10 20 1554 6860 26 5551 19 11 14 8 17 13 3 6661 11 14 27 5 4 5107 33 11 11769 18 12 12 1 6 13 9104 5 17 13 2665 2887 14 9326 8 32 7328 7106 11 2 19 1 0 17 10658 9388 5 10051 6 15 12 5 35 17 5 4219 3997 8 32 13681 28 8 11 15 5 5 9 5 1776 12 
49 11 6499 12 4 24 21 7583 56 17 9027 16 56 10 18 16 74 6 30 6 20 21 11 11 3611 2528 9388 11 31 7 59 9 17 7 6 13721 16 18054 19137 12285 11 7583 9 8666 7 4694 13721 56 9770 17 0 6499 6138 30 13123 22 11554 5 78 12638 35 28 8882 11 16 11915 27 16 48 12 18054 22026 82 11193 14 7328 13 
50 12 25 9 4333 13 19 10110 25 30 8 19 11 7 37 26 20220 7222 7583 4 19 30 23 16 40 5416 3 9749 20 39 68 18 18 3 10471 13721 29 27 22 37 5416 5777 28 17 13 4 17 27 47 10658 6499 0 32 15 14 19 5 46 21 9027 61 28 13 11 10 37 13 12 11915 11554 90 28 30 9 49 11 22 
51 5 26 6 7 5777 14 2166 8305 9388 14 10471 12999 9 13 17 26 12 3 38 14 18 10832 38 7583 16 39 5 12 8305 38 8 13 7 4 30 10 55 18 11554 30 3972 19 10110 8305 4333 10 7944 11193 9388 6138 32 0 18 14 27 26 10 13 9 69 18 11915 27 4333 12999 53 16 6 14 14443 19 32 8 7 8 5 
52 6 7772 5 11915 3 6 8 11 1554 9 28 15 6 2 11 9 7328 15 22 3 6 6 8 39 16971 16248 11 1 6439 3350 7 39 25 6 1 3 8 20 16 7106 6 20 9992 10 14 2 4 5 5 30 15 18 0 5305 6 24 12 4188 5773 9 7772 8 7 9 11 10 19 13 6 15 7106 9 6 13 5 5055 
53 7944 17 13 13 17 13 22 9 3 32 4747 2 5584 7 4 12 44 36 26 12 12285 25 29 14519 17 21 25 6422 16 11 18 8376 18 45 4747 4 26 13 3350 14 8 16 18 30 10 30 5 12 10051 13123 14 14 5305 0 11 16 20 8655 4 9 15 30 12285 12285 18149 7 5 26 10 59 17 29 5584 13 10889 9027 
54 39 13 30 16609 9 6701 14 4219 5 11 32 7 7328 1954 4467 5 10 49 21303 4 7 9 11 16 24 40 9388 15 9 23 12 11 66 9 4 3331 29 5773 11 9 9 53 13 15 16609 6 7 6883 6 22 19 27 6 11 0 23 14 8 29 6 10 11 37 12 13989 37 36 7944 22 11 8 8 8 11 8 12 
55 19 18 14 39 20 48 19 32 23 9 14 50 11193 22387 18 25 25 25 6 40 57 15 27 15 12 13 18 41 15 21665 15 7583 14 18 36 71 27 33 11 8 11 38 40 18415 35 20220 71 30 15 11554 5 26 24 16 23 0 16 24914 11193 19 34 31 12 30 23470 11168 15 16 66 35 60 117 12 18 26 15887 
56 15 6 6661 36 14 13681 10110 11 11546 18 19137 70 17 15636 22 17 6 11915 11 13323 24 8660 8305 2 6 58 14443 14 6661 13 33 81 12 7222 13 14 18 78 18 19 12277 4 6 8 12 25 21 10 12 5 46 10 12 20 14 16 0 33 17332 41 22026 8 5329 5055 8 17 19 61 12 69 28 25 20 30 9 13 
57 40 15 6439 21 15 3350 23 7539 11 17 12844 10889 42 2 34 1117 49 14 22748 6 15 6 11 17 43 22 10832 4 6883 4 20 33 18 44 7 14 22 7 11727 13402 23 18 14240 15 69 17 5584 4219 5 78 21 13 4188 8655 8 24914 33 0 13 13 6 7772 9 50 17 13 12564 9 39 7539 21 7 25 12 6 9388 
58 7 30 15 17 36 47 12 3 5 5 2 5 3 10 6143 12 43 12 22 5551 16 42 22 15526 17 33 5055 17 12 13 30 6 14 15 6 4 14240 17 3 6 8 18 18776 16971 7944 8655 4663 10214 35 12638 9027 9 5773 4 29 11193 17332 13 0 8 19 11991 9104 52 43 5 5584 6 19 63 32 16 6 13721 10 17 
59 17 35 13960 29 13721 13 21 7 7 12285 10 4 41 8376 3 11 17 17 17 6 14 16 75 39 18 18 14 12 18 12 12844 22 17 15636 10 22 16 28 7 45 11727 23 26 20 57 10889 8 15 17 35 61 69 9 9 6 19 41 13 8 0 67 21 16473 16752 22337 7 4188 12 18 18 15636 21 11 32 14798 29 
60 17 16248 16 43 12999 10 17 10658 9104 23 37 68 31 10 59 22 38 36 27081 20 9 5 14082 42 31 27 34 9 7 28 8 25 23109 16 8438 10 2443 2443 71 73 32 19137 18054 18054 28 9 9 3775 5 28 28 18 7772 15 10 34 22026 6 19 67 0 8 8216 20 22 75 21 15165 13721 4 888 1110 70 19 12 16 
61 12277 6 18 9104 12 5 10 11 11 12 53 17 12 8438 15915 6883 9 17 25 22 6883 2 2665 9 13 17 18 9 2220 6 5 15543 22 6 8 13 4 11 19 15 11 7 10 6 9770 5995 11 3553 4219 8882 13 11915 8 30 11 31 8 7772 11991 21 8 0 4 6217 19 18 19 13360 12 12 6661 6 13 18 3 11193 
62 32 7 2 5773 15 22 6 8 31 17 10 18 8 31 17 28 5 17 18 10 32 3 2 4 14 9992 20 25 2 20 6 14 7328 4 6217 9 23 6661 13681 36 7 8 7 3 8 20 7 18 3997 11 11 27 7 12285 37 12 5329 9 9104 16473 8216 4 0 3 6 59 16194 12 22 6 10 14 10 1 2 27 
63 7944 3 7 6 9 10 5 9 34 42 14804 17 36 11727 17 15 4 6860 10110 40 17 6439 6499 3250 6499 12277 9 9772 6 18 5107 16971 8305 4 28 11 14082 15165 13 22 10 5416 5777 5 6499 17 7 29 8 16 10 4333 9 12285 12 30 5055 50 52 16752 20 6217 3 0 9 56 15356 10 6 14082 23 21 24 3250 6 9 
64 62 6 26 16 15165 12 49 12657 25 25 26 20 18 17 78 16 22 61 18 16 37 7 19 8305 13721 21303 69 14 5 23 7772 104 69 9388 10880 15 16 18 24 41 34 4 6 6 31 12 11324 9 32 11915 37 12999 11 18149 13989 23470 8 17 43 22337 22 19 6 9 0 23 28 21 52 25 74 15887 42 10 6439 14443 
65 14 15 12844 13 12638 14 14082 5584 28 7259 2792 8 8 10 6 52 25 22 12006 7 32 20 17032 16 17 18 36 10 31 12 25 11 18 26 34 6 19 15356 2 12 9 36 18 19 11 12 8 19 13681 27 13 53 10 7 37 11168 17 13 5 7 75 18 59 56 23 0 2 10110 17 74 17869 73 20 14240 17 49 
66 13 21 13960 14 17 14519 15887 6422 9 18 5 4 17 10331 4188 17 13960 13 17 6701 16 67 23 70 20 11168 22 11 17 26 13402 7259 11 18 8935 6 35 32 3 8097 9 22 79 37 12006 15 34 15915 28 16 12 16 19 5 36 15 19 12564 5584 4188 21 19 16194 15356 28 2 0 13 16 38 36 19 6980 31 15077 13721 
67 4 10832 6499 9 3 11 6 4 7 9027 11 11 9 6499 9 9 8666 5 14 6499 25 13 15 16 27 16 7 4333 9749 7 12 26 9027 8 1805 5 15 14 9 9 6138 30 59 27 8666 9 9 9749 8 48 11915 6 13 26 7944 16 61 9 6 12 15165 13360 12 10 21 10110 13 0 4 13721 14082 28 7 9027 10 5 
68 3 9 3 14 3 8 7 14 29 40 12 12999 7 9 15 10 8 4 17 13 13 29 9 9749 13 53 4694 6 6138 22 2889 15526 9 17 4694 9 10 10110 49 11 6499 22 21 9388 9 17 6 7583 11 12 11554 14 6 10 22 66 12 39 19 18 13721 12 22 6 52 17 16 4 0 11 15 14 9749 5055 4694 2 
69 17 13 6 18 11 4 14 10214 9 34 17311 17032 13681 9 60 7 16 19 23831 20 5 2 11 16248 26 98 15165 8 4 25 10 21 81 15 10 11 1554 3 17 66 56 14 13 13 21 9 9 2443 15 18054 90 14443 15 59 11 35 69 7539 63 18 4 12 6 14082 25 74 38 13721 11 0 14 1998 64 43 4 25 
70 15 18 30 84 12277 6 17 20 8438 18 17590 16194 18 7539 27 4467 38 19 27 10 1332 20 16 84 31 53 32 8 14 8 7 42 28 32 31 11 5 2 17 18 15356 39 18415 20 43 7539 8216 4 5 22026 28 19 7106 17 8 60 28 21 32 15636 888 6661 10 23 74 17869 36 14082 15 14 0 2 67 15 25 17 
71 14082 14 6883 25 13 5 13721 10 11 18 17590 67 14240 9 16 5 18 16609 32 38 2443 3775 48 19137 92 26 15887 10 6 25 5773 21 43 14443 7994 11 3 2220 17311 19 30 17 15887 32 82 9 9 2887 5 82 30 32 9 29 8 117 25 7 16 21 1110 6 14 21 15887 73 19 28 14 1998 2 0 17 13 7 17 
72 7222 58 30 9 9 12 10 3997 7 2513 8 7 3 40 8 16 9749 12 10 13 31 13 34 29 11554 26 7 9 20 42 7550 4467 10 23 22 10 30 28 3630 6 6 17 23 16248 7 18 5329 10 9 11193 9 8 6 5584 8 12 20 25 6 11 70 13 10 24 42 20 6980 7 9749 64 67 17 0 12999 9 33 
73 9 7 2 8 8 10 5 15 16 51 15526 13681 40 20 13 39 19 9 13 12 14443 5 4 6 12 15 9 10 10 14 7 38 13 1805 12 11 10832 12277 14 16 38 12 22 9 9 6 6661 6 5 14 49 7 13 13 11 18 30 12 13721 32 19 18 1 3250 10 14240 31 9027 5055 43 15 13 12999 0 12 6499 
74 8 3997 2 28 6 4 6 6883 7 36 20 16 14 6 24 5 11 10 10436 16 6 7 4 8 9 44 12 9 1 4 5 14 10 4 4885 7328 4 4441 13 36 14 12 6 6 15 6 6 2443 1776 7328 11 8 5 10889 8 26 9 6 10 14798 12 3 2 6 6439 17 15077 10 4694 4 25 7 9 12 0 6 
75 1 33 5 7 7 7944 5 6 12 9 42 22 20 8 10471 9 14 3 12999 9 12 35 9749 22 24 12638 3250 11 8 5777 3972 14443 17 7 14 7 43 12 13 18 12 12 48 10832 15 5 5 8666 12 13 22 5 5055 9027 12 15887 13 9388 17 29 16 11193 27 9 14443 49 13721 5 2 25 17 17 33 6499 6 0 

;param cto[*,*]
: 0 1 2 3 4 5 6 7 8 9 10 11 12 13 14 15 16 17 18 19 20 21 22 23 24 25 26 27 28 29 30 31 32 33 34 35 36 37 38 39 40 41 42 43 44 45 46 47 48 49 50 51 52 53 54 55 56 57 58 59 60 61 62 63 64 65 66 67 68 69 70 71 72 73 74 75:=
0 0 46 44 45 39 42 43 44 40 42 42 43 40 42 43 43 41 39 48 42 44 43 43 43 48 44 39 41 42 41 40 44 42 41 40 41 44 44 42 42 40 44 44 43 41 40 44 42 41 43 43 40 40 42 43 45 44 43 45 45 46 44 42 42 46 43 48 39 39 44 49 45 41 41 41 38 
1 46 0 40 42 42 44 41 49 45 44 46 51 43 49 51 45 44 46 44 46 46 46 43 40 42 45 43 44 40 47 42 47 43 39 44 46 44 45 47 45 43 40 40 39 42 43 44 43 42 41 44 41 44 46 46 50 41 46 45 49 46 42 39 43 45 51 49 43 41 44 46 49 45 39 41 42 
2 44 40 0 46 40 41 43 43 42 44 49 46 42 46 45 42 41 41 45 44 44 40 41 42 44 45 45 41 40 41 43 47 47 40 41 43 42 42 45 44 46 42 42 42 42 40 45 41 40 42 44 40 45 44 44 47 43 43 44 47 44 41 43 41 43 46 47 41 39 46 44 43 44 39 39 40 
3 45 42 46 0 42 49 41 47 44 40 43 45 40 45 49 46 39 40 41 45 47 49 47 41 40 45 41 44 44 44 47 44 39 41 43 44 46 47 44 41 40 43 43 42 38 47 43 45 44 44 40 40 44 44 46 43 42 46 42 47 48 45 42 40 45 45 46 46 41 51 48 48 41 42 43 45 
4 39 42 40 42 0 41 40 40 40 43 43 43 41 41 43 41 42 40 45 42 43 42 43 48 45 45 40 40 42 40 43 46 43 45 39 45 42 46 43 43 42 44 48 44 46 39 39 41 40 44 48 41 43 42 42 47 49 42 42 45 44 43 42 46 45 44 45 39 43 47 44 44 46 42 40 39 
5 42 44 41 49 41 0 42 43 42 46 46 46 44 41 44 39 44 47 48 43 40 40 43 46 47 48 43 40 41 39 40 49 46 43 41 43 40 43 50 46 45 46 45 45 46 44 42 39 39 46 51 44 41 44 42 50 47 40 45 50 41 46 42 48 49 51 47 42 45 44 41 40 49 43 40 42 
6 43 41 43 41 40 42 0 42 42 42 44 48 41 43 44 47 40 40 44 44 45 42 42 42 43 44 40 42 41 41 40 49 45 39 41 43 47 44 44 42 41 46 42 46 45 41 41 42 41 42 43 39 42 43 44 45 43 44 42 46 46 47 40 44 44 45 46 40 39 44 45 45 42 40 40 39 
7 44 49 43 47 40 43 42 0 39 42 41 40 40 41 40 43 47 41 49 44 45 44 46 46 46 44 43 41 44 42 42 47 43 43 40 39 45 44 41 46 41 47 47 46 43 41 39 44 43 45 44 42 40 39 41 46 51 43 40 46 46 46 48 44 48 41 42 39 41 46 46 50 41 44 43 44 
8 40 45 42 44 40 42 42 39 0 44 42 45 41 40 40 46 48 42 46 39 47 44 46 46 46 45 40 44 48 45 42 45 44 44 39 39 44 43 46 43 42 47 47 46 44 40 42 43 42 46 45 42 39 44 40 47 47 41 42 46 45 46 44 45 48 42 43 40 41 49 45 45 42 44 43 41 
9 42 44 44 40 43 46 42 42 44 0 40 43 40 49 44 47 42 41 41 44 49 47 46 44 46 40 41 48 46 45 44 41 39 43 43 43 48 48 42 38 39 46 46 45 40 44 47 47 46 42 40 41 44 43 46 41 45 47 40 46 50 51 45 43 48 42 44 42 43 49 53 53 39 44 45 46 
10 42 46 49 43 43 46 44 41 42 40 0 40 40 48 42 46 44 42 44 43 48 47 47 46 45 42 41 44 47 45 45 40 42 45 43 42 52 47 39 40 41 48 48 51 42 48 42 47 46 45 42 43 43 41 44 43 47 46 43 43 50 49 50 45 49 40 45 42 48 49 49 49 39 46 46 43 
11 43 51 46 45 43 46 48 40 45 43 40 0 42 43 40 49 46 43 46 41 47 47 48 48 51 45 46 43 47 45 45 42 44 46 42 40 48 47 39 42 43 49 49 49 45 44 42 51 46 47 49 44 43 39 46 46 49 45 40 44 49 53 47 47 55 39 39 42 44 49 48 49 41 47 46 43 
12 40 43 42 40 41 44 41 40 41 40 40 42 0 47 43 45 41 39 42 43 46 45 45 44 43 42 39 42 48 43 46 42 40 42 41 41 50 49 41 43 39 45 45 44 40 42 45 45 44 42 45 40 42 41 44 43 45 45 43 44 48 46 43 42 51 42 43 40 41 47 47 47 43 43 43 40 
13 42 49 46 45 41 41 43 41 40 49 48 43 47 0 42 40 45 43 48 40 42 43 45 51 51 47 42 39 44 44 45 47 46 44 40 41 42 41 44 45 44 47 47 46 46 40 40 46 41 51 47 44 39 42 39 49 48 39 44 43 43 45 44 45 48 48 44 41 46 48 43 43 44 44 46 46 
14 43 51 45 49 43 44 44 40 40 44 42 40 43 42 0 44 46 43 47 43 46 46 48 48 48 50 46 46 47 47 44 44 45 46 41 39 46 49 41 44 47 49 49 48 45 43 41 49 45 47 46 44 41 39 41 47 49 43 42 40 47 48 46 47 50 41 40 42 44 47 47 47 46 50 46 43 
15 43 45 42 46 41 39 47 43 46 47 46 49 45 40 44 0 45 44 49 46 40 42 44 47 48 52 43 44 43 40 41 49 47 44 41 42 44 39 49 46 45 47 46 46 46 40 42 40 44 47 48 44 41 44 41 54 48 38 49 49 41 43 44 45 47 46 46 46 42 42 41 45 46 44 42 46 
16 41 44 41 39 42 44 40 47 48 42 44 46 41 45 46 45 0 40 42 45 51 44 42 40 44 43 46 44 46 47 42 45 41 39 43 44 45 46 45 42 41 42 42 41 40 43 43 44 43 39 41 39 44 45 50 44 45 46 43 48 47 44 41 39 43 46 47 42 41 49 47 50 43 40 42 41 
17 39 46 41 40 40 47 40 41 42 41 42 43 39 43 43 44 40 0 42 43 46 44 43 43 42 42 43 42 43 42 45 44 44 41 41 42 45 49 42 44 43 44 44 47 40 42 41 44 43 42 42 39 42 42 44 44 44 44 41 45 47 45 42 41 45 43 48 40 44 46 46 46 41 41 42 43 
18 48 44 45 41 45 48 44 49 46 41 44 46 42 48 47 49 42 42 0 47 50 51 50 43 40 44 48 51 46 47 46 43 44 43 46 46 49 49 45 42 42 45 49 44 40 46 46 48 47 45 39 42 46 46 48 40 47 49 43 53 51 48 45 43 51 46 47 48 44 50 55 51 42 48 46 44 
19 42 46 44 45 42 43 44 44 39 44 43 41 43 40 43 46 45 43 47 0 44 45 47 51 48 46 42 40 45 42 43 49 45 45 40 43 48 44 42 44 44 48 52 51 45 42 40 44 43 47 46 44 40 40 39 48 49 45 42 41 46 47 45 46 49 46 42 41 43 46 45 46 43 45 44 46 
20 44 46 44 47 43 40 45 45 47 49 48 47 46 42 46 40 51 46 50 44 0 42 45 48 49 50 45 42 43 41 42 51 48 45 43 48 40 39 48 52 47 47 51 47 48 42 43 44 41 52 50 46 46 46 43 52 49 40 47 51 40 43 44 50 47 48 52 44 44 41 39 40 48 45 46 48 
21 43 46 40 49 42 40 42 44 44 47 47 47 45 43 46 42 44 44 51 45 42 0 41 44 46 48 44 42 43 44 40 49 50 42 43 45 40 41 47 47 45 47 43 47 45 41 43 39 39 45 47 43 46 46 44 53 45 46 46 52 42 40 44 43 43 48 49 43 41 40 42 41 46 41 39 42 
22 43 43 41 47 43 43 42 46 46 46 47 48 45 45 48 44 42 43 50 47 45 41 0 42 44 51 48 44 39 43 42 49 45 41 44 46 43 44 48 46 44 44 40 40 44 43 45 42 42 43 49 42 48 47 50 48 42 49 47 50 45 40 39 41 40 49 50 44 42 42 45 44 46 40 40 43 
23 43 40 42 41 48 46 42 46 46 44 46 48 44 51 48 47 40 43 43 51 48 44 42 0 44 44 44 46 42 45 44 47 43 40 45 47 46 47 47 48 43 40 40 40 42 45 45 45 44 40 43 42 46 47 48 49 42 47 46 50 48 44 45 39 42 52 49 44 43 46 48 47 45 41 43 43 
24 48 42 44 40 45 47 43 46 46 46 45 51 43 51 48 48 44 42 40 48 49 46 44 44 0 42 44 46 45 46 49 45 41 42 49 46 48 48 46 43 42 42 43 42 40 46 46 47 46 39 40 42 46 47 49 43 45 49 44 53 50 46 44 41 45 47 48 45 44 48 50 49 44 43 49 44 
25 44 45 45 45 45 48 44 44 45 40 42 45 42 47 50 52 43 42 44 46 50 48 51 44 42 0 47 46 47 47 50 41 40 44 45 45 49 49 43 44 41 46 47 46 41 46 49 48 47 42 39 43 46 45 48 39 45 52 42 47 55 49 46 44 48 44 45 44 44 50 51 55 41 49 47 44 
26 39 43 45 41 40 43 40 43 40 41 41 46 39 42 46 43 46 43 48 42 45 44 48 44 44 47 0 41 43 42 41 43 41 42 43 40 45 44 41 41 40 45 45 44 41 41 40 44 42 47 43 40 40 41 42 45 45 43 40 44 46 45 43 46 46 42 43 39 40 45 46 46 40 46 42 39 
27 41 44 41 44 40 40 42 41 44 48 44 43 42 39 46 44 44 42 51 40 42 42 44 46 46 46 41 0 42 39 40 46 45 43 39 41 42 41 47 44 47 46 46 45 44 39 39 41 40 46 46 42 42 42 40 48 50 40 43 44 47 44 43 44 50 48 48 40 45 47 47 43 47 43 41 40 
28 42 40 40 44 42 41 41 44 48 46 47 47 48 44 47 43 46 43 46 45 43 43 39 42 45 47 43 42 0 41 40 49 45 40 43 45 45 42 47 46 44 42 41 41 44 41 43 40 40 47 46 42 43 46 49 48 43 43 46 48 47 40 39 41 42 48 52 43 41 45 44 42 46 40 43 45 
29 41 47 41 44 40 39 41 42 45 45 45 45 43 44 47 40 47 42 47 42 41 44 43 45 46 47 42 39 41 0 39 51 45 42 40 42 41 40 49 45 44 45 45 44 45 38 44 40 43 45 46 42 40 43 42 49 50 44 44 49 42 42 42 44 45 49 46 41 40 42 42 42 45 42 40 41 
30 40 42 43 47 43 40 40 42 42 44 45 45 46 45 44 41 42 45 46 43 42 40 42 44 49 50 41 40 40 39 0 51 44 45 40 42 41 41 45 44 43 44 43 43 43 39 41 40 39 44 45 41 41 44 43 48 44 42 44 46 43 42 40 42 44 46 46 41 39 42 43 42 44 41 39 40 
31 44 47 47 44 46 49 49 47 45 41 40 42 42 47 44 49 45 44 43 49 51 49 49 47 45 41 43 46 49 51 51 0 42 46 45 44 50 50 41 41 42 49 49 48 43 47 45 49 52 45 42 48 46 43 51 42 48 48 41 45 52 50 48 46 51 41 42 44 46 55 51 55 41 47 48 45 
32 42 43 47 39 43 46 45 43 44 39 42 44 40 46 45 47 41 44 44 45 48 50 45 43 41 40 41 45 45 45 44 42 0 46 43 48 47 47 47 40 39 48 45 44 39 44 43 46 45 41 39 40 44 44 46 41 47 51 41 47 49 47 44 42 46 44 49 42 46 48 49 49 40 43 44 42 
33 41 39 40 41 45 43 39 43 44 43 45 46 42 44 46 44 39 41 43 45 45 42 41 40 42 44 42 43 40 42 45 46 46 0 42 48 44 44 45 43 42 41 41 44 41 42 43 46 46 41 43 40 47 45 49 46 41 45 44 48 50 42 39 39 42 46 47 46 40 44 46 45 44 39 44 41 
34 40 44 41 43 39 41 41 40 39 43 43 42 41 40 41 41 43 41 46 40 43 43 44 45 49 45 43 39 43 40 40 45 43 42 0 40 43 42 42 43 46 46 46 45 43 40 38 42 41 45 45 42 38 41 41 47 46 41 42 43 45 48 43 43 47 43 44 39 40 44 44 44 42 43 42 40 
35 41 46 43 44 45 43 43 39 39 43 42 40 41 41 39 42 44 42 46 43 48 45 46 47 46 45 40 41 45 42 42 44 48 48 40 0 45 44 45 42 42 47 47 47 48 45 43 44 43 49 45 47 40 39 40 47 48 42 41 41 50 46 49 45 49 41 46 40 46 46 46 46 42 45 44 45 
36 44 44 42 46 42 40 47 45 44 48 52 48 50 42 46 44 45 45 49 48 40 40 43 46 48 49 45 42 45 41 41 50 47 44 43 45 0 39 48 48 50 45 49 45 51 41 44 39 40 47 49 45 43 46 44 55 51 41 47 52 40 45 42 45 45 49 49 44 47 39 40 39 47 43 45 43 
37 44 45 42 47 46 43 44 44 43 48 47 47 49 41 49 39 46 49 49 44 39 41 44 47 48 49 44 41 42 40 41 50 47 44 42 44 39 0 47 47 46 46 46 46 47 41 43 40 40 47 52 45 42 45 42 51 47 40 47 47 40 42 43 45 46 48 48 43 43 44 39 40 47 44 41 43 
38 42 47 45 44 43 50 44 41 46 42 39 39 41 44 41 49 45 42 45 42 48 47 48 47 46 43 41 47 47 49 45 41 47 45 42 45 48 47 0 41 42 49 49 48 43 44 42 47 46 46 44 44 43 40 44 44 48 45 39 42 49 49 47 50 50 39 44 46 44 53 53 49 40 46 50 43 
39 42 45 44 41 43 46 42 46 43 38 40 42 43 45 44 46 42 44 42 44 52 47 46 48 43 44 41 44 46 45 44 41 40 43 43 42 48 47 41 0 43 46 46 46 40 44 43 47 45 43 40 42 44 42 49 46 45 46 40 45 49 47 45 43 48 42 43 42 43 48 53 49 39 44 45 42 
40 40 43 46 40 42 45 41 41 42 39 41 43 39 44 47 45 41 43 42 44 47 45 44 43 42 41 40 47 44 44 43 42 39 42 46 42 50 46 42 43 0 44 45 44 39 43 42 45 48 42 41 40 42 42 45 43 44 45 40 45 48 46 43 42 46 43 48 41 41 47 48 47 40 42 43 41 
41 44 40 42 43 44 46 46 47 47 46 48 49 45 47 49 47 42 44 45 48 47 47 44 40 42 46 45 46 42 45 44 49 48 41 46 47 45 46 49 46 44 0 42 38 44 49 46 45 44 42 45 43 46 52 49 47 40 47 51 51 47 42 41 40 44 49 51 45 43 49 47 50 50 41 43 48 
42 44 40 42 43 48 45 42 47 47 46 48 49 45 47 49 46 42 44 49 52 51 43 40 40 43 47 45 46 41 45 43 49 45 41 46 47 49 46 49 46 45 42 0 42 44 48 46 44 44 42 45 43 46 48 52 48 40 47 47 51 47 42 41 41 39 53 51 45 43 48 47 46 47 40 46 44 
43 43 39 42 42 44 45 46 46 46 45 51 49 44 46 48 46 41 47 44 51 47 47 40 40 42 46 44 45 41 44 43 48 44 44 45 47 45 46 48 46 44 38 42 0 43 44 49 48 44 45 48 42 45 47 48 47 40 47 46 54 47 42 44 40 40 49 50 44 42 48 47 46 46 40 42 43 
44 41 42 42 38 46 46 45 43 44 40 42 45 40 46 45 46 40 40 40 45 48 45 44 42 40 41 41 44 44 45 43 43 39 41 43 48 51 47 43 40 39 44 44 43 0 48 47 46 45 40 43 40 44 48 46 42 43 46 42 47 49 46 43 41 46 44 46 42 42 47 49 48 41 46 44 42 
45 40 43 40 47 39 44 41 41 40 44 48 44 42 40 43 40 43 42 46 42 42 41 43 45 46 46 41 39 41 38 39 47 44 42 40 45 41 41 44 44 43 49 48 44 48 0 40 44 39 45 46 42 39 43 41 48 46 40 43 45 43 43 42 43 49 45 45 40 40 42 43 42 44 46 40 40 
46 44 44 45 43 39 42 41 39 42 47 42 42 45 40 41 42 43 41 46 40 43 43 45 45 46 49 40 39 43 44 41 45 43 43 38 43 44 43 42 43 42 46 46 49 47 40 0 43 42 45 45 42 39 40 41 47 46 41 42 47 49 45 47 48 47 47 43 39 40 45 44 44 42 43 42 40 
47 42 43 41 45 41 39 42 44 43 47 47 51 45 46 49 40 44 44 48 44 44 39 42 45 47 48 44 41 40 40 40 49 46 46 42 44 39 40 47 47 45 45 44 48 46 44 43 0 39 46 47 43 46 49 43 50 50 41 46 51 41 41 41 44 44 48 48 43 42 40 41 40 50 42 40 42 
48 41 42 40 44 40 39 41 43 42 46 46 46 44 41 45 44 43 43 47 43 41 39 42 44 46 47 42 40 40 43 39 52 45 46 41 43 40 40 46 45 48 44 44 44 45 39 42 39 0 45 46 42 41 44 46 49 45 41 45 46 46 41 41 43 44 47 47 42 40 41 46 41 49 42 39 41 
49 43 41 42 44 44 46 42 45 46 42 45 47 42 51 47 47 39 42 45 47 52 45 43 40 39 42 47 46 47 45 44 45 41 41 45 49 47 47 46 43 42 42 42 45 40 45 45 46 45 0 41 41 45 46 48 44 44 47 44 49 49 45 42 40 44 47 52 44 42 47 49 48 43 41 44 43 
50 43 44 44 40 48 51 43 44 45 40 42 49 45 47 46 48 41 42 39 46 50 47 49 43 40 39 43 46 46 46 45 42 39 43 45 45 49 52 44 40 41 45 45 48 43 46 45 47 46 41 0 42 49 45 51 44 44 52 42 48 51 47 45 42 47 44 49 44 44 49 50 50 41 44 46 43 
51 40 41 40 40 41 44 39 42 42 41 43 44 40 44 44 44 39 39 42 44 46 43 42 42 42 43 40 42 42 42 41 48 40 40 42 47 45 45 44 42 40 43 43 42 40 42 42 43 42 41 42 0 42 43 45 44 42 48 42 46 50 44 41 40 44 44 49 44 40 45 46 46 42 40 45 40 
52 40 44 45 44 43 41 42 40 39 44 43 43 42 39 41 41 44 42 46 40 46 46 48 46 46 46 40 42 43 40 41 46 44 47 38 40 43 42 43 44 42 46 46 45 44 39 39 46 41 45 49 42 0 41 40 47 47 40 42 43 44 48 43 44 51 44 44 39 41 44 44 44 47 43 42 40 
53 42 46 44 44 42 44 43 39 44 43 41 39 41 42 39 44 45 42 46 40 46 46 47 47 47 45 41 42 46 43 44 43 44 45 41 39 46 45 40 42 42 52 48 47 48 43 40 49 44 46 45 43 41 0 41 46 48 43 44 41 51 47 46 46 49 40 40 41 47 47 47 47 41 46 45 42 
54 43 46 44 46 42 42 44 41 40 46 44 46 44 39 41 41 50 44 48 39 43 44 50 48 49 48 42 40 49 42 43 51 46 49 41 40 44 42 44 49 45 49 52 48 46 41 41 43 46 48 51 45 40 41 0 53 53 40 44 46 44 46 45 46 49 44 44 42 43 45 44 48 48 46 44 43 
55 45 50 47 43 47 50 45 46 47 41 43 46 43 49 47 54 44 44 40 48 52 53 48 49 43 39 45 48 48 49 48 42 41 46 47 47 55 51 44 46 43 47 48 47 42 48 47 50 49 44 44 44 47 46 53 0 50 50 43 49 53 50 51 45 49 45 46 49 46 52 53 52 42 50 48 46 
56 44 41 43 42 49 47 43 51 47 45 47 49 45 48 49 48 45 44 47 49 49 45 42 42 45 45 45 50 43 50 44 48 47 41 46 48 51 47 48 45 44 40 40 40 43 46 46 50 45 44 44 42 47 48 53 50 0 48 46 51 49 48 42 40 42 53 54 45 47 46 49 48 46 42 44 48 
57 43 46 43 46 42 40 44 43 41 47 46 45 45 39 43 38 46 44 49 45 40 46 49 47 49 52 43 40 43 44 42 48 51 45 41 42 41 40 45 46 45 47 47 47 46 40 41 41 41 47 52 48 40 43 40 50 48 0 45 44 46 44 44 46 47 50 46 46 43 43 41 42 46 45 46 42 
58 45 45 44 42 42 45 42 40 42 40 43 40 43 44 42 49 43 41 43 42 47 46 47 46 44 42 40 43 46 44 44 41 41 44 42 41 47 47 39 40 40 51 47 46 42 43 42 46 45 44 42 42 42 44 44 43 46 45 0 47 49 47 45 44 49 40 41 45 43 48 48 52 39 45 45 42 
59 45 49 47 47 45 50 46 46 46 46 43 44 44 43 40 49 48 45 53 41 51 52 50 50 53 47 44 44 48 49 46 45 47 48 43 41 52 47 42 45 45 51 51 54 47 45 47 51 46 49 48 46 43 41 46 49 51 44 47 0 49 50 48 49 52 41 40 48 46 53 48 49 44 48 47 45 
60 46 46 44 48 44 41 46 46 45 50 50 49 48 43 47 41 47 47 51 46 40 42 45 48 50 55 46 47 47 42 43 52 49 50 45 50 40 40 49 49 48 47 47 47 49 43 49 41 46 49 51 50 44 51 44 53 49 46 49 49 0 43 44 47 47 50 50 45 45 40 38 39 49 45 43 45 
61 44 42 41 45 43 46 47 46 46 51 49 53 46 45 48 43 44 45 48 47 43 40 40 44 46 49 45 44 40 42 42 50 47 42 48 46 45 42 49 47 46 42 42 42 46 43 45 41 41 45 47 44 48 47 46 50 48 44 47 50 43 0 40 43 42 53 54 44 43 40 43 42 47 41 40 43 
62 42 39 43 42 42 42 40 48 44 45 50 47 43 44 46 44 41 42 45 45 44 44 39 45 44 46 43 43 39 42 40 48 44 39 43 49 42 43 47 45 43 41 41 44 43 42 47 41 41 42 45 41 43 46 45 51 42 44 45 48 44 40 0 44 42 47 48 42 40 42 44 44 45 42 43 41 
63 42 43 41 40 46 48 44 44 45 43 45 47 42 45 47 45 39 41 43 46 50 43 41 39 41 44 46 44 41 44 42 46 42 39 43 45 45 45 50 43 42 40 41 40 41 43 48 44 43 40 42 40 44 46 46 45 40 46 44 49 47 43 44 0 46 47 48 46 45 45 47 46 44 39 42 42 
64 46 45 43 45 45 49 44 48 48 48 49 55 51 48 50 47 43 45 51 49 47 43 40 42 45 48 46 50 42 45 44 51 46 42 47 49 45 46 50 48 46 44 39 40 46 49 47 44 44 44 47 44 51 49 49 49 42 47 49 52 47 42 42 46 0 51 52 46 44 44 47 46 48 42 43 45 
65 43 51 46 45 44 51 45 41 42 42 40 39 42 48 41 46 46 43 46 46 48 48 49 52 47 44 42 48 48 49 46 41 44 46 43 41 49 48 39 42 43 49 53 49 44 45 47 48 47 47 44 44 44 40 44 45 53 50 40 41 50 53 47 47 51 0 39 43 45 50 49 49 41 47 47 44 
66 48 49 47 46 45 47 46 42 43 44 45 39 43 44 40 46 47 48 47 42 52 49 50 49 48 45 43 48 52 46 46 42 49 47 44 46 49 48 44 43 48 51 51 50 46 45 43 48 47 52 49 49 44 40 44 46 54 46 41 40 50 54 48 48 52 39 0 44 49 50 49 54 42 48 47 45 
67 39 43 41 46 39 42 40 39 40 42 42 42 40 41 42 46 42 40 48 41 44 43 44 44 45 44 39 40 43 41 41 44 42 46 39 40 44 43 46 42 41 45 45 44 42 40 39 43 42 44 44 44 39 41 42 49 45 46 45 48 45 44 42 46 46 43 44 0 40 45 45 45 45 42 42 39 
68 39 41 39 41 43 45 39 41 41 43 48 44 41 46 44 42 41 44 44 43 44 41 42 43 44 44 40 45 41 40 39 46 46 40 40 46 47 43 44 43 41 43 43 42 42 40 40 42 40 42 44 40 41 47 43 46 47 43 43 46 45 43 40 45 44 45 49 40 0 47 44 44 43 40 40 38 
69 44 44 46 51 47 44 44 46 49 49 49 49 47 48 47 42 49 46 50 46 41 40 42 46 48 50 45 47 45 42 42 55 48 44 44 46 39 44 53 48 47 49 48 48 47 42 45 40 41 47 49 45 44 47 45 52 46 43 48 53 40 40 42 45 44 50 50 45 47 0 41 39 48 43 41 44 
70 49 46 44 48 44 41 45 46 45 53 49 48 47 43 47 41 47 46 55 45 39 42 45 48 50 51 46 47 44 42 43 51 49 46 44 46 40 39 53 53 48 47 47 47 49 43 44 41 46 49 50 46 44 47 44 53 49 41 48 48 38 43 44 47 47 49 49 45 44 41 0 43 49 49 43 45 
71 45 49 43 48 44 40 45 50 45 53 49 49 47 43 47 45 50 46 51 46 40 41 44 47 49 55 46 43 42 42 42 55 49 45 44 46 39 40 49 49 47 50 46 46 48 42 44 40 41 48 50 46 44 47 48 52 48 42 52 49 39 42 44 46 46 49 54 45 44 39 43 0 52 48 42 44 
72 41 45 44 41 46 49 42 41 42 39 39 41 43 44 46 46 43 41 42 43 48 46 46 45 44 41 40 47 46 45 44 41 40 44 42 42 47 47 40 39 40 50 47 46 41 44 42 50 49 43 41 42 47 41 48 42 46 46 39 44 49 47 45 44 48 41 42 45 43 48 49 52 0 44 49 42 
73 41 39 39 42 42 43 40 44 44 44 46 47 43 44 50 44 40 41 48 45 45 41 40 41 43 49 46 43 40 42 41 47 43 39 43 45 43 44 46 44 42 41 40 40 46 46 43 42 42 41 44 40 43 46 46 50 42 45 45 48 45 41 42 39 42 47 48 42 40 43 49 48 44 0 40 41 
74 41 41 39 43 40 40 40 43 43 45 46 46 43 46 46 42 42 42 46 44 46 39 40 43 49 47 42 41 43 40 39 48 44 44 42 44 45 41 50 45 43 43 46 42 44 40 42 40 39 44 46 45 42 45 44 48 44 46 45 47 43 40 43 42 43 47 47 42 40 41 43 42 49 40 0 45 
75 38 42 40 45 39 42 39 44 41 46 43 43 40 46 43 46 41 43 44 46 48 42 43 43 44 44 39 40 45 41 40 45 42 41 40 45 43 43 43 42 41 48 44 43 42 40 40 42 41 43 43 40 40 42 43 46 48 42 42 45 45 43 41 42 45 44 45 39 38 44 45 44 42 41 45 0 

;param d[*,*]
: 0 1 2 3 4 5 6 7 8 9 10 11 12 13 14 15 16 17 18 19 20 21 22 23 24 25 26 27 28 29 30 31 32 33 34 35 36 37 38 39 40 41 42 43 44 45 46 47 48 49 50 51 52 53 54 55 56 57 58 59 60 61 62 63 64 65 66 67 68 69 70 71 72 73 74 75:=
0 0.0 0 0 0 0.43 0.98 0 0 1.9 0.9 2.45 1.13 0.74 2.79 1.06 3.42 0.74 1.01 0 0.38 1.41 3.42 1.85 1.21 0 3.11 0.1 1.51 3.04 0.3 0.55 2.28 1.36 2.15 0.62 2.28 4.18 4.05 2.45 0.86 1.32 2.22 4.56 1.21 0.33 0.23 0 0.43 1.88 0.47 0.48 0.43 0.55 2.79 2.54 1.64 0.62 2.63 0 1.49 0.72 4.31 2.07 2.79 4.05 1.21 0 0.31 0.27 1.45 0 4.94 2.53 0.78 0.33 0.05 
1 0 0.0 0 2.91 1.02 0.55 0.99 0 2.46 1.45 1.84 0 2.92 0 0 0.67 0 0 0.6 2.9 1.72 0 0 1.13 1.54 5.32 3.8 0.58 0 0 0 0.9 1.21 1.01 2.03 0 4.31 4.81 1.96 0.63 3.67 0.68 0.39 0.76 3.29 0 1.37 1.72 0.43 2.28 2.09 1.69 2.16 0.8 0 0 0.27 0.72 2.59 2.46 5.7 0 0.31 0 0 0 1.02 3.8 0.74 0.55 0.77 0 3.76 0.47 1.11 2.16 
2 0 0 0.0 0 1.52 0 0 1.66 0 2.09 0 1.68 1.54 0 1.56 1.02 1.11 1.11 0 0.57 1.97 0 0.99 0.42 2.03 0 0 1.23 0.39 0.63 0 0 0 0.62 0.32 1.85 0 0 3.86 0 0 0 0.94 0 1.02 0.86 0 0.66 0.22 0.43 0 0.23 0 0.6 1.33 0 1.85 1.79 0.57 4.71 0.58 0.78 0 0.27 1.13 4.33 4.71 2.28 0.27 0 1.33 1.91 1.33 0 0 0.43 
3 0 2.91 0 0.0 0.43 0 0.63 0 4.31 0.86 3.55 1.52 1.41 0.7 0 4.33 0.55 1.52 2.03 2.53 2.11 0 0 0.32 0.55 0 2.53 4.43 1.97 4.56 0 1.97 0.75 1.51 2.73 2.09 6.08 1.92 0.55 0.28 0.17 1.13 2.92 3.29 0.38 0 1.17 1.6 0 0 1.52 0.62 4.18 0.6 5.83 2.54 2.35 1.84 1.48 2.03 3.63 2.53 1.6 0.25 0.67 0.63 0 0 1.23 0 5.46 2.15 0.78 0.35 1.21 0 
4 0.43 1.02 1.52 0.43 0.0 0.7 0.47 1.9 0.23 2.82 0.52 1.21 2.28 0.28 2.54 0.78 2.26 0.92 5.19 0.82 3.67 1.36 3.67 0 1.49 1.56 1.39 1.27 2.66 1.39 0 5.45 0.48 0 0.89 0 1.02 0 3.93 3.67 1.98 4.69 0 2.03 0 0.12 0.15 1.23 1.32 2.03 0 2.03 0 1.48 0.37 0.82 0 1.29 2.35 4.81 4.56 0.5 1.29 0 5.32 4.43 1.49 0.27 0 0 4.31 0.55 0 0.35 0.25 0.47 
5 0.98 0.55 0 0 0.7 0.0 3.29 1.17 1.54 2.96 4.52 0 3.39 0.27 0.62 0 3.48 0 0.97 0 1.13 0.8 2.73 1.72 3.26 0.97 1.79 0 0.78 0.37 0.8 1.0 4.33 2.82 0.78 0 0.62 0 0 0 3.67 2.65 3.76 1.52 1.72 0 0 0 0.43 1.8 0 1.25 0.3 0.62 2.26 4.13 4.61 1.13 2.59 0 0.7 0 0.98 0 0 0 4.89 0.94 0 0 0.27 0 0 0.47 0 2.79 
6 0 0.99 0 0.63 0.47 3.29 0.0 0.38 1.48 2.35 4.05 0 1.6 0.48 4.69 0 0.47 0.62 1.97 1.97 0.63 0.9 0.37 2.79 0.45 0.57 0.55 0.86 0.7 2.53 1.52 0 0 1.01 1.11 1.06 0 4.18 1.33 1.6 0.99 0 3.29 0 0 1.05 0.32 3.17 2.41 2.66 3.55 0.76 0.35 1.91 0.57 1.64 3.55 1.97 1.02 1.84 0.72 0 0.55 0 3.2 4.94 5.57 0.55 0.47 0.57 0.7 4.81 0.43 0.43 0.25 0.43 
7 0 0 1.66 0 1.9 1.17 0.38 0.0 0.43 1.54 0.7 0.92 0 0.32 0 2.63 0 1.11 0 0 2.4 1.45 2.71 2.71 0.72 0.58 0 0.99 1.45 0.4 1.54 0 2.63 1.21 0 0.2 2.46 2.22 0.63 0 1.23 0 0 0 3.67 0.33 0 2.16 1.13 3.67 2.16 2.91 0.47 0.49 1.17 2.71 0 2.54 0 0 2.96 0 0 0 3.51 1.88 2.16 0.35 1.23 2.83 0.73 0 1.11 0.57 1.91 0 
8 1.9 2.46 0 4.31 0.23 1.54 1.48 0.43 0.0 0.53 0 0 0.33 0.2 0.51 0 0 0.86 1.84 0.27 0 0 0.72 2.9 0.8 3.95 1.32 0 0 0 1.36 0 4.18 0.55 0.27 0.2 0 0 0 1.79 0.42 0 0.83 0.77 1.33 0.92 0 1.85 1.54 0.72 2.53 3.29 0.43 0 0.2 1.99 3.2 0.78 0 0 2.53 0 1.37 1.49 0.94 1.54 0.45 0.62 1.88 0 2.34 0 0 0.58 0 1.05 
9 0.9 1.45 2.09 0.86 2.82 2.96 2.35 1.54 0.53 0.0 0.25 0.48 0 0 3.39 1.96 2.16 2.03 0.66 2.28 1.0 0 5.83 1.33 0 0.39 2.41 0 0 3.95 0 1.6 0.89 2.82 0.5 0 0.94 5.18 2.07 0.38 0.85 4.14 0.77 1.6 1.52 3.48 0 0 0.72 3.17 0.68 1.23 0 1.79 0 0.74 1.52 0.83 0.23 4.14 1.1 0 0.65 2.73 2.15 2.45 1.29 3.17 2.63 2.35 0 0 0.85 3.29 1.6 0 
10 2.45 1.84 0 3.55 0.52 4.52 4.05 0.7 0 0.25 0.0 0 1.41 0 0.38 1.84 1.37 0.9 1.97 1.72 2.27 0.89 6.84 5.95 5.07 1.42 0.33 0.58 3.08 2.53 1.56 0.22 2.79 3.67 0 0 0 3.33 0.66 1.04 0 3.45 3.51 0 1.6 0 0 0 0 0.65 1.6 3.67 1.21 1.6 1.41 1.17 6.72 4.33 0 0.5 2.58 2.35 0 5.19 1.09 0.94 0 0.94 0 5.83 5.93 5.93 0.43 5.45 0.77 2.73 
11 1.13 0 1.68 1.52 1.21 0 0 0.92 0 0.48 0 0.0 0.4 0.5 0.17 0 4.14 0.5 4.33 1.11 4.89 0 5.55 2.23 0 0.63 0 0.52 3.2 0 3.76 1.02 2.16 4.33 2.35 1.41 0 0.83 0.13 1.54 1.13 1.07 1.07 2.35 2.34 3.29 0.38 0 0 3.08 0 4.56 1.06 0 0 2.77 3.88 3.67 0.25 0 3.76 0 0.85 0.82 0 0.43 0.27 0.98 4.56 5.74 5.46 3.7 0.33 4.61 0.78 1.91 
12 0.74 2.92 1.54 1.41 2.28 3.39 1.6 0 0.33 0 1.41 0.4 0.0 0 1.66 2.34 1.88 0.43 3.29 0.45 0 1.52 0.65 0.55 3.67 2.79 0.43 2.45 0 2.82 0 0.42 0.51 1.42 0.7 0.33 0 0 0.74 0 0 3.86 3.95 4.69 0.55 0.98 0 2.4 0 0.43 0 0.8 0 1.88 2.03 3.93 1.49 2.34 0 2.28 2.15 0 0 2.35 0 0.4 1.17 0.8 0.3 4.61 0.89 4.8 0 2.63 0.52 1.32 
13 2.79 0 0 0.7 0.28 0.27 0.48 0.32 0.2 0 0 0.5 0 0.0 2.07 1.04 3.86 0.5 3.51 0.8 0.82 0.47 1.64 0 0 3.26 2.91 0.66 1.29 0 0 4.8 0.72 0.6 0.22 0.27 1.02 1.23 1.33 0 3.29 2.07 0.85 2.96 4.05 0.8 0 0 0.74 0 3.14 0.55 0 0 0.66 7.86 5.27 0 0 2.82 0 2.34 1.37 3.95 0 0 3.48 2.28 0 0 2.54 0 2.22 1.41 0 0 
14 1.06 0 1.56 0 2.54 0.62 4.69 0 0.51 3.39 0.38 0.17 1.66 2.07 0.0 3.11 2.83 1.21 4.99 0 0.72 4.42 5.27 0.97 3.45 0 0 0 3.02 0 0 3.39 2.46 4.23 1.88 0.55 4.42 0 0 0.53 0 1.07 3.88 3.63 2.53 2.73 1.69 0 0.63 0 1.84 1.45 0.78 0.27 1.51 0.89 1.07 1.85 2.07 0 3.26 5.36 0.8 0.82 4.31 0.28 1.41 0.37 1.29 3.33 1.92 0 0 0 1.68 3.67 
15 3.42 0.67 1.02 4.33 0.78 0 0 2.63 0 1.96 1.84 0 2.34 1.04 3.11 0.0 0.7 1.37 3.76 0 0.94 0 0.62 1.99 3.57 0 3.8 0 0 0 1.17 0 6.21 1.41 1.88 2.45 0 0.15 0 2.96 0.68 4.71 2.96 4.33 4.42 1.22 1.29 0.92 0 4.8 7.1 2.22 0.63 0.55 0 0 0 0.38 0 0 1.23 1.91 1.25 0.7 0 2.9 0.8 0 0.42 0 1.51 0 0.75 2.16 0 0 
16 0.74 0 1.11 0.55 2.26 3.48 0.47 0 0 2.16 1.37 4.14 1.88 3.86 2.83 0.7 0.0 1.77 2.16 2.59 0 1.97 0.9 0.2 0 2.63 0 3.2 0 0 1.48 3.86 1.6 0.75 1.79 1.41 2.59 2.71 2.4 0.42 0.27 0.35 0.86 2.15 0.2 1.79 0.5 0 1.85 0.55 2.53 0.75 2.03 2.4 0 2.16 0 2.71 2.82 0 3.26 0 0 0.37 1.91 1.72 4.71 3.04 0.66 0 3.26 0 3.42 1.22 0.4 1.17 
17 1.01 0 1.11 1.52 0.92 0 0.62 1.11 0.86 2.03 0.9 0.5 0.43 0.5 1.21 1.37 1.77 0.0 3.29 1.13 0.73 0.53 2.92 0.45 3.29 3.17 0 0.4 1.72 1.02 0 1.97 0 0.27 0.66 2.79 1.52 0 3.29 0 0 1.33 4.31 0 0.2 0.37 1.69 2.03 0.45 1.98 2.66 0.23 1.29 2.35 3.2 2.09 4.18 0.6 1.05 0.7 3.08 1.49 1.48 2.41 3.95 1.91 0 0.47 0 1.68 0.8 5.83 0.99 0.78 0.42 0 
18 0 0.6 0 2.03 5.19 0.97 1.97 0 1.84 0.66 1.97 4.33 3.29 3.51 4.99 3.76 2.16 3.29 0.0 4.99 8.87 0 0 3.55 1.22 0 0 0 1.84 4.89 2.77 3.67 0 1.91 2.71 1.8 6.02 1.09 0.65 0.35 1.98 4.94 0 0.62 1.77 6.08 0.73 2.23 0 0 0.37 2.45 1.88 1.8 7.48 0.55 0 7.98 1.91 0 9.5 0.94 0.68 3.55 0 4.05 0.83 0 1.45 8.36 0 2.78 0.43 0 2.9 4.56 
19 0.38 2.9 0.57 2.53 0.82 0 1.97 0 0.27 2.28 1.72 1.11 0.45 0.8 0 0 2.59 1.13 4.99 0.0 0 1.52 0 0 6.97 2.9 1.29 1.41 0 0.94 0 0 0.67 0.67 0 0 0 0 1.42 0 1.25 0 0 0 5.19 0.35 0 1.37 1.17 0.83 0.78 0.57 0 0.68 0.13 3.45 3.7 0 1.54 0.28 0.73 0.82 0 1.76 0 0 2.26 2.28 1.09 0.75 0 1.68 0.48 0 0.58 0 
20 1.41 1.72 1.97 2.11 3.67 1.13 0.63 2.4 0 1.0 2.27 4.89 0 0.82 0.72 0.94 0 0.73 8.87 0 0.0 0.86 0.67 7.1 2.54 8.87 5.07 2.07 1.21 0.7 0 2.78 7.35 2.59 1.17 0 0 0.23 3.39 0 3.08 3.33 0 6.33 2.19 0 0.52 0 0 0 2.58 0.73 0 4.14 0 4.87 1.02 0.8 0 0 0.39 1.91 1.41 0 3.14 2.27 0 2.16 0.55 0 0.37 0.68 2.15 5.07 0 0 
21 3.42 0 0 0 1.36 0.8 0.9 1.45 0 0 0.89 0 1.52 0.47 4.42 0 1.97 0.53 0 1.52 0.86 0.0 0 0 0 0.95 3.11 0.9 0 0 0 0 0 1.48 1.66 2.34 0 0 4.99 3.02 0 0 0 0 0 0 1.13 0.1 0.13 0 0.85 3.8 0 1.76 0 0 2.4 0 1.84 0 0 0 0 1.79 0 0.95 3.7 1.13 1.88 0 0.86 1.05 0 0 0.31 2.26 
22 1.85 0 0.99 0 3.67 2.73 0.37 2.71 0.72 5.83 6.84 5.55 0.65 1.64 5.27 0.62 0.9 2.92 0 0 0.67 0 0.0 2.66 0.58 0 0 3.29 0 1.13 1.29 3.88 3.76 0.63 1.41 0 1.09 3.2 0 1.84 3.48 0 0.68 0.68 1.37 1.13 0 0.94 1.42 0.47 0 2.45 0 2.03 0 2.31 2.91 0 1.92 4.13 4.94 0.74 0 2.28 1.22 5.74 1.1 1.33 0.38 0.98 0.67 3.11 2.9 0.18 0 3.42 
23 1.21 1.13 0.42 0.32 0 1.72 2.79 2.71 2.9 1.33 5.95 2.23 0.55 0 0.97 1.99 0.2 0.45 3.55 0 7.1 0 2.66 0.0 0 2.22 0.57 4.14 0 3.86 1.97 6.59 1.66 0.25 1.56 3.02 1.8 1.96 2.03 0 0.48 1.04 1.32 0.62 2.07 3.67 2.59 2.53 1.45 1.27 2.63 2.66 1.72 4.89 0 0 0 0 5.45 2.7 3.57 0 0 1.14 2.91 0 3.88 1.41 3.42 5.7 5.46 6.72 2.46 0.27 0 1.85 
24 0 1.54 2.03 0.55 1.49 3.26 0.45 0.72 0.8 0 5.07 0 3.67 0 3.45 3.57 0 3.29 1.22 6.97 2.54 0 0.58 0 0.0 0.38 2.09 6.08 2.34 1.88 0 1.56 0.7 0.9 0 6.08 3.51 3.63 4.33 1.72 2.26 1.02 2.82 2.35 0.23 2.71 5.57 1.99 0 0.89 1.9 1.36 5.95 0.83 1.0 1.06 0 3.7 1.45 0 2.7 0 0.53 2.28 4.81 0.83 0.95 2.34 0.53 2.27 2.66 6.02 4.05 1.06 0 2.03 
25 3.11 5.32 0 0 1.56 0.97 0.57 0.58 3.95 0.39 1.42 0.63 2.79 3.26 0 0 2.63 3.17 0 2.9 8.87 0.95 0 2.22 0.38 0.0 0 0.8 0 6.46 0 1.11 0.47 2.22 5.07 2.46 2.54 8.24 0.5 0 2.41 2.9 0.83 0.75 0.63 1.84 0 0 3.26 3.29 0.13 2.54 5.7 1.49 3.39 0.85 3.76 0 2.16 0.89 0 0 2.77 4.31 7.48 1.29 3.76 1.37 3.48 6.4 4.56 0 1.69 0 1.92 4.43 
26 0.1 3.8 0 2.53 1.39 1.79 0.55 0 1.32 2.41 0.33 0 0.43 2.91 0 3.8 0 0 0 1.29 5.07 3.11 0 0.57 2.09 0 0.0 0.7 3.8 2.07 2.53 1.21 0.33 1.36 0 1.32 1.49 3.39 1.88 1.6 1.39 1.6 2.53 4.56 2.53 2.28 0.62 4.05 1.54 0 3.42 0.22 0.92 1.6 3.29 1.52 5.07 3.8 1.77 0.57 2.9 1.56 1.72 0 4.52 2.35 1.85 0.47 1.65 5.32 2.77 5.57 0.59 0 1.02 1.14 
27 1.51 0.58 1.23 4.43 1.27 0 0.86 0.99 0 0 0.58 0.52 2.45 0.66 0 0 3.2 0.4 0 1.41 2.07 0.9 3.29 4.14 6.08 0.8 0.7 0.0 1.6 0.75 0 4.52 1.49 0.48 0.66 0.63 2.26 1.79 0 2.22 0 0 0 0.68 2.22 0.56 0.31 1.17 0.55 2.65 1.76 1.02 0 2.16 0.8 3.51 0 0 1.17 0.55 0 0 1.09 3.29 0 0 0 1.52 0 0 0 0.48 0 0.48 0.33 0.92 
28 3.04 0 0.39 1.97 2.66 0.78 0.7 1.45 0 0 3.08 3.2 0 1.29 3.02 0 0 1.72 1.84 0 1.21 0 0 0 2.34 0 3.8 1.6 0.0 0.74 0.2 3.7 0 0 0 1.52 0 0 0.85 0 0 0 0 0 2.09 0.78 1.85 0.25 0.51 0 1.72 2.91 1.79 0.75 0 0 1.85 1.91 0 0 0 0.62 0 0 0 2.19 0 3.42 2.15 0 0.53 0 0.73 0.43 0 0 
29 0.3 0 0.63 4.56 1.39 0.37 2.53 0.4 0 3.95 2.53 0 2.82 0 0 0 0 1.02 4.89 0.94 0.7 0 1.13 3.86 1.88 6.46 2.07 0.75 0.74 0.0 0.35 0 2.46 0 0.86 2.26 0 0 0 0 1.25 2.53 0.63 2.22 0.63 0.38 0 0.43 0 3.86 4.42 2.45 1.13 0.52 1.29 7.6 0 0 0.6 0 1.54 0 0.86 1.25 1.64 0 1.8 0.28 1.41 1.36 0.37 1.36 2.34 0.98 0 2.03 
30 0.55 0 0 0 0 0.8 1.52 1.54 1.36 0 1.56 3.76 0 0 0 1.17 1.48 0 2.77 0 0 0 1.29 1.97 0 0 2.53 0 0.2 0.35 0.0 0 1.33 0 0.59 1.02 0.74 0.33 1.56 1.41 0 0 0.5 0 1.21 0 0 0.22 0.27 0 0.68 0.32 0.27 1.29 0.47 0 1.45 0.86 1.33 4.33 0 0 0.23 1.42 2.16 1.72 4.52 0.99 1.01 0.38 0 1.6 2.09 0.27 0.23 1.39 
31 2.28 0.9 0 1.97 5.45 1.0 0 0 0 1.6 0.22 1.02 0.42 4.8 3.39 0 3.86 1.97 3.67 0 2.78 0 3.88 6.59 1.56 1.11 1.21 4.52 3.7 0 0 0.0 1.48 4.42 0 1.37 1.15 0 1.11 0 2.45 3.76 2.5 5.46 1.13 0.82 0 2.46 0 0.7 1.54 0 1.72 2.82 0 2.66 5.27 2.31 0 1.56 0 4.31 0 5.95 6.78 0.74 2.45 2.22 5.45 0 2.97 0 1.51 3.2 0 5.07 
32 1.36 1.21 0 0.75 0.48 4.33 0 2.63 4.18 0.89 2.79 2.16 0.51 0.72 2.46 6.21 1.6 0 0 0.67 7.35 0 3.76 1.66 0.7 0.47 0.33 1.49 0 2.46 1.33 1.48 0.0 0 1.85 0 0.89 2.07 0 1.27 0.75 0 1.52 4.31 0.31 1.41 3.93 2.9 2.53 0.3 0.12 0.59 2.16 1.29 4.33 1.23 0 0 1.17 0.82 8.11 0.82 2.03 2.91 4.52 1.25 0 3.17 0 5.27 2.42 3.7 0.86 1.13 0 1.48 
33 2.15 1.01 0.62 1.51 0 2.82 1.01 1.21 0.55 2.82 3.67 4.33 1.42 0.6 4.23 1.41 0.75 0.27 1.91 0.67 2.59 1.48 0.63 0.25 0.9 2.22 1.36 0.48 0 0 0 4.42 0 0.0 0 0 4.18 4.56 0 1.91 2.66 2.28 2.28 0 0.32 1.48 0 0 0 0.27 3.67 0.17 0 2.46 0 0.73 2.53 2.4 1.33 5.27 0 0 0.15 0.37 3.29 1.84 0.89 0 1.13 1.33 2.77 5.07 1.97 0.63 0 0.63 
34 0.62 2.03 0.32 2.73 0.89 0.78 1.11 0 0.27 0.5 0 2.35 0.7 0.22 1.88 1.88 1.79 0.66 2.71 0 1.17 1.66 1.41 1.56 0 5.07 0 0.66 0 0.86 0.59 0 1.85 0 0.0 0 0 0 1.6 1.09 0 0.73 1.68 1.52 1.85 0.39 0.08 1.54 0.74 4.81 4.81 1.98 0 1.6 0 3.08 0 0.32 0 0 2.34 0 1.72 1.21 3.02 1.85 3.01 0.63 1.65 0 1.37 2.22 0.98 0.47 1.36 0.94 
35 2.28 0 1.85 2.09 0 0 1.06 0.2 0.2 0 0 1.41 0.33 0.27 0.55 2.45 1.41 2.79 1.8 0 0 2.34 0 3.02 6.08 2.46 1.32 0.63 1.52 2.26 1.02 1.37 0 0 0 0.0 1.56 0.58 0 1.6 0.98 2.11 0 3.02 0 0 0 0 0.48 0 2.46 0 0 0.27 0.92 4.61 0 0.98 0 1.23 0 0 0 0 0 0 0 0.47 0 0 0 0 0.37 0 2.03 0 
36 4.18 4.31 0 6.08 1.02 0.62 0 2.46 0 0.94 0 0 0 1.02 4.42 0 2.59 1.52 6.02 0 0 0 1.09 1.8 3.51 2.54 1.49 2.26 0 0 0.74 1.15 0.89 4.18 0 1.56 0.0 0 5.27 3.39 0 1.64 0 3.67 0 1.88 0 0.37 0.74 6.33 2.35 3.58 0 1.84 1.29 0 0 1.23 4.8 0 0.68 0 1.02 4.94 0.65 0 2.42 1.29 0 0.43 0.2 0.12 2.07 3.8 0 2.82 
37 4.05 4.81 0 1.92 0 0 4.18 2.22 0 5.18 3.33 0.83 0 1.23 0 0.15 2.71 0 1.09 0 0.23 0 3.2 1.96 3.63 8.24 3.39 1.79 0 0 0.33 0 2.07 4.56 0 0.58 0 0.0 4.89 0.9 1.8 1.88 0.75 0.73 4.8 1.11 1.09 0 0.8 6.72 0 1.52 0.9 0 1.6 2.89 5.08 0.51 0.82 1.96 0.68 0.42 1.85 5.32 0.77 5.18 2.23 1.17 3.55 0 0 0.62 1.99 4.31 1.23 0.48 
38 2.45 1.96 3.86 0.55 3.93 0 1.33 0.63 0 2.07 0.66 0.13 0.74 1.33 0 0 2.4 3.29 0.65 1.42 3.39 4.99 0 2.03 4.33 0.5 1.88 0 0.85 0 1.56 1.11 0 0 1.6 0 5.27 4.89 0.0 0.3 2.16 0 5.74 5.27 1.91 3.39 0.4 1.99 0 4.14 2.03 4.05 1.09 1.13 0.53 0 0 3.95 0 0 3.94 0 4.61 0 1.14 0 0 0 3.2 0 0 5.83 1.22 0 0 1.13 
39 0.86 0.63 0 0.28 3.67 0 1.6 0 1.79 0.38 1.04 1.54 0 0 0.53 2.96 0.42 0 0.35 0 0 3.02 1.84 0 1.72 0 1.6 2.22 0 0 1.41 0 1.27 1.91 1.09 1.6 3.39 0.9 0.3 0.0 0 2.83 6.08 0.72 1.41 3.39 0 0 2.59 0.47 1.9 1.98 1.97 0.98 0 0 1.64 4.52 0.39 2.46 4.0 0 1.56 1.91 3.51 0.86 2.73 0.38 0.47 3.63 0 0 0.31 1.41 1.6 1.54 
40 1.32 3.67 0 0.17 1.98 3.67 0.99 1.23 0.42 0.85 0 1.13 0 3.29 0 0.68 0.27 0 1.98 1.25 3.08 0 3.48 0.48 2.26 2.41 1.39 0 0 1.25 0 2.45 0.75 2.66 0 0.98 0 1.8 2.16 0 0.0 4.69 1.52 2.09 0.35 1.72 1.36 1.56 0 2.66 2.03 1.39 0 0 0 0.47 4.31 1.6 0.55 3.95 2.23 0 0 0.86 2.9 0 0 2.15 2.28 3.08 5.18 2.07 0.43 2.45 0.52 0.99 
41 2.22 0.68 0 1.13 4.69 2.65 0 0 0 4.14 3.45 1.07 3.86 2.07 1.07 4.71 0.35 1.33 4.94 0 3.33 0 0 1.04 1.02 2.9 1.6 0 0 2.53 0 3.76 0 2.28 0.73 2.11 1.64 1.88 0 2.83 4.69 0.0 0 0.16 1.97 0 0 2.34 1.41 0.82 2.4 1.66 0.77 0 2.35 3.26 0.17 0.89 0 0 6.72 0 0.3 1.9 0 2.54 0 2.53 1.85 0 3.33 0 0 0.99 0.47 0 
42 4.56 0.39 0.94 2.92 0 3.76 3.29 0 0.83 0.77 3.51 1.07 3.95 0.85 3.88 2.96 0.86 4.31 0 0 0 0 0.68 1.32 2.82 0.83 2.53 0 0 0.63 0.5 2.5 1.52 2.28 1.68 0 0 0.75 5.74 6.08 1.52 0 0.0 0 0.57 0 2.77 0.58 2.03 3.04 0.7 3.55 2.77 0 0 3.45 0.55 4.8 6.59 1.24 6.33 0.37 0.27 2.03 0.55 0 4.37 3.86 1.79 0 6.46 5.57 1.96 1.41 0 3.11 
43 1.21 0.76 0 3.29 2.03 1.52 0 0 0.77 1.6 0 2.35 4.69 2.96 3.63 4.33 2.15 0 0.62 0 6.33 0 0.68 0.62 2.35 0.75 4.56 0.68 0 2.22 0 5.46 4.31 0 1.52 3.02 3.67 0.73 5.27 0.72 2.09 0.16 0 0.0 1.13 3.29 0 0 1.97 0 0 2.91 0 2.11 0 6.46 0.68 0 5.95 0 6.33 0 0 0.43 0.55 0 2.62 2.28 3.29 0 0.85 2.77 5.7 0.74 0 3.8 
44 0.33 3.29 1.02 0.38 0 1.72 0 3.67 1.33 1.52 1.6 2.34 0.55 4.05 2.53 4.42 0.2 0.2 1.77 5.19 2.19 0 1.37 2.07 0.23 0.63 2.53 2.22 2.09 0.63 1.21 1.13 0.31 0.32 1.85 0 0 4.8 1.91 1.41 0.35 1.97 0.57 1.13 0.0 0 0 0.72 0 1.65 0 1.52 0.57 0 5.83 2.26 1.06 4.52 2.79 3.14 2.39 2.71 0 2.28 2.65 0 4.05 3.04 0.37 0.87 3.7 5.36 0.3 0 0.55 1.29 
45 0.23 0 0.86 0 0.12 0 1.05 0.33 0.92 3.48 0 3.29 0.98 0.8 2.73 1.22 1.79 0.37 6.08 0.35 0 0 1.13 3.67 2.71 1.84 2.28 0.56 0.78 0.38 0 0.82 1.41 1.48 0.39 0 1.88 1.11 3.39 3.39 1.72 0 0 3.29 0 0.0 0.74 0 0 4.81 0.72 0.86 0 1.66 0 7.1 1.72 0.92 2.92 3.67 0 1.66 0.86 1.17 0 0 0.7 0.8 1.13 0.43 2.54 0.43 1.29 0 0.23 0.47 
46 0 1.37 0 1.17 0.15 0 0.32 0 0 0 0 0.38 0 0 1.69 1.29 0.5 1.69 0.73 0 0.52 1.13 0 2.59 5.57 0 0.62 0.31 1.85 0 0 0 3.93 0 0.08 0 0 1.09 0.4 0 1.36 0 2.77 0 0 0.74 0.0 1.66 0.82 3.67 2.34 2.79 0.2 0.25 0.27 4.61 0.8 1.88 1.29 0 0 0 0 0 3.14 0 1.85 0.56 0.25 0 2.28 0 1.48 1.85 0 0.47 
47 0.43 1.72 0.66 1.6 1.23 0 3.17 2.16 1.85 0 0 0 2.4 0 0 0.92 0 2.03 2.23 1.37 0 0.1 0.94 2.53 1.99 0 4.05 1.17 0.25 0.43 0.22 2.46 2.9 0 1.54 0 0.37 0 1.99 0 1.56 2.34 0.58 0 0.72 0 1.66 0.0 0 2.71 2.07 3.93 0 0 1.91 1.14 0 1.17 2.83 0 1.05 0.99 0.78 1.29 0 0.92 5.36 3.42 2.66 0.68 0 0.8 0 0 0.68 3.04 
48 1.88 0.43 0.22 0 1.32 0.43 2.41 1.13 1.54 0.72 0 0 0 0.74 0.63 0 1.85 0.45 0 1.17 0 0.13 1.42 1.45 0 3.26 1.54 0.55 0.51 0 0.27 0 2.53 0 0.74 0.48 0.74 0.8 0 2.59 0 1.41 2.03 1.97 0 0 0.82 0 0.0 0.65 2.96 3.29 0 3.39 0 0 0 0 1.52 0.8 0 1.17 1.11 0 1.41 4.61 1.99 0.35 0.92 0.66 0 0 0 0 0.49 1.05 
49 0.47 2.28 0.43 0 2.03 1.8 2.66 3.67 0.72 3.17 0.65 3.08 0.43 0 0 4.8 0.55 1.98 0 0.83 0 0 0.47 1.27 0.89 3.29 0 2.65 0 3.86 0 0.7 0.3 0.27 4.81 0 6.33 6.72 4.14 0.47 2.66 0.82 3.04 0 1.65 4.81 3.67 2.71 0.65 0.0 2.28 2.15 2.59 4.42 0.92 4.05 0 5.08 4.43 2.46 2.42 2.46 0.42 1.04 4.18 1.92 0 3.11 1.02 6.33 7.73 5.36 3.93 1.23 2.03 1.09 
50 0.48 2.09 0 1.52 0 0 3.55 2.16 2.53 0.68 1.6 0 0 3.14 1.84 7.1 2.53 2.66 0.37 0.78 2.58 0.85 0 2.63 1.9 0.13 3.42 1.76 1.72 4.42 0.68 1.54 0.12 3.67 4.81 2.46 2.35 0 2.03 1.9 2.03 2.4 0.7 0 0 0.72 2.34 2.07 2.96 2.28 0.0 2.07 0 0.67 0 0 3.01 0 3.17 3.39 1.19 0 0 0.43 3.14 0.62 0 4.18 4.05 5.83 1.17 2.62 0.78 3.2 0 1.91 
51 0.43 1.69 0.23 0.62 2.03 1.25 0.76 2.91 3.29 1.23 3.67 4.56 0.8 0.55 1.45 2.22 0.75 0.23 2.45 0.57 0.73 3.8 2.45 2.66 1.36 2.54 0.22 1.02 2.91 2.45 0.32 0 0.59 0.17 1.98 0 3.58 1.52 4.05 1.98 1.39 1.66 3.55 2.91 1.52 0.86 2.79 3.93 3.29 2.15 2.07 0.0 1.54 1.21 2.34 2.22 0.43 0 0.38 4.52 0 4.18 1.79 1.52 4.56 3.48 0 0 0.94 5.07 0.8 2.77 0.35 0.59 0 0.43 
52 0.55 2.16 0 4.18 0 0.3 0.35 0.47 0.43 0 1.21 1.06 0 0 0.78 0.63 2.03 1.29 1.88 0 0 0 0 1.72 5.95 5.7 0.92 0 1.79 1.13 0.27 1.72 2.16 0 0 0 0 0.9 1.09 1.97 0 0.77 2.77 0 0.57 0 0.2 0 0 2.59 0 1.54 0.0 1.79 0.22 2.11 0 1.41 1.6 0 2.16 0 0 0 0 0 1.33 0.85 0.27 0.57 1.97 0 0 0.5 0 1.77 
53 2.79 0.8 0.6 0.6 1.48 0.62 1.91 0.49 0 1.79 1.6 0 1.88 0 0.27 0.55 2.4 2.35 1.8 0.68 4.14 1.76 2.03 4.89 0.83 1.49 1.6 2.16 0.75 0.52 1.29 2.82 1.29 2.46 1.6 0.27 1.84 0 1.13 0.98 0 0 0 2.11 0 1.66 0.25 0 3.39 4.42 0.67 1.21 1.79 0.0 0.78 0.77 0.97 2.92 0 0.63 0 2.11 4.14 4.14 6.12 0.51 0 1.69 0 3.26 0.83 2.03 1.88 0 3.67 3.17 
54 2.54 0 1.33 5.83 0.37 2.26 0.57 1.17 0.2 0 1.41 0 2.03 0.66 1.51 0 0 3.2 7.48 0.13 0 0 0 0 1.0 3.39 3.29 0.8 0 1.29 0.47 0 4.33 0 0 0.92 1.29 1.6 0.53 0 0 2.35 0 0 5.83 0 0.27 1.91 0 0.92 0 2.34 0.22 0.78 0.0 0 0 0.55 1.29 0 0 0 1.64 0 3.88 2.03 1.97 2.79 1.85 0 0 0 0 0 0 1.06 
55 1.64 0 0 2.54 0.82 4.13 1.64 2.71 1.99 0.74 1.17 2.77 3.93 7.86 0.89 0 2.16 2.09 0.55 3.45 4.87 0 2.31 0 1.06 0.85 1.52 3.51 0 7.6 0 2.66 1.23 0.73 3.08 4.61 0 2.89 0 0 0.47 3.26 3.45 6.46 2.26 7.1 4.61 1.14 0 4.05 0 2.22 2.11 0.77 0 0.0 0 8.74 3.93 0 1.42 1.15 0 2.53 8.24 3.76 0 0 4.33 3.01 5.11 7.62 1.02 0 0.97 5.57 
56 0.62 0.27 1.85 2.35 0 4.61 3.55 0 3.2 1.52 6.72 3.88 1.49 5.27 1.07 0 0 4.18 0 3.7 1.02 2.4 2.91 0 0 3.76 5.07 0 1.85 0 1.45 5.27 0 2.53 0 0 0 5.08 0 1.64 4.31 0.17 0.55 0.68 1.06 1.72 0.8 0 0 0 3.01 0.43 0 0.97 0 0 0.0 2.31 6.08 2.89 7.73 0 1.48 1.77 0.35 0 0 3.95 0 4.52 2.42 2.19 1.76 1.98 0 0 
57 2.63 0.72 1.79 1.84 1.29 1.13 1.97 2.54 0.78 0.83 4.33 3.67 2.34 0 1.85 0.38 2.71 0.6 7.98 0 0.8 0 0 0 3.7 0 3.8 0 1.91 0 0.86 2.31 0 2.4 0.32 0.98 1.23 0.51 3.95 4.52 1.6 0.89 4.8 0 4.52 0.92 1.88 1.17 0 5.08 0 0 1.41 2.92 0.55 8.74 2.31 0.0 0 0.62 0 2.16 0 2.77 0 0 4.23 0 2.54 2.54 1.17 0 1.72 0 0 3.29 
58 0 2.59 0.57 1.48 2.35 2.59 1.02 0 0 0.23 0 0.25 0 0 2.07 0 2.82 1.05 1.91 1.54 0 1.84 1.92 5.45 1.45 2.16 1.77 1.17 0 0.6 1.33 0 1.17 1.33 0 0 4.8 0.82 0 0.39 0.55 0 6.59 5.95 2.79 2.92 1.29 2.83 1.52 4.43 3.17 0.38 1.6 0 1.29 3.93 6.08 0 0.0 0 0 3.33 2.53 3.39 3.7 0.23 1.88 0 1.66 3.45 2.27 0 0.31 4.81 0 1.42 
59 1.49 2.46 4.71 2.03 4.81 0 1.84 0 0 4.14 0.5 0 2.28 2.82 0 0 0 0.7 0 0.28 0 0 4.13 2.7 0 0.89 0.57 0.55 0 0 4.33 1.56 0.82 5.27 0 1.23 0 1.96 0 2.46 3.95 0 1.24 0 3.14 3.67 0 0 0.8 2.46 3.39 4.52 0 0.63 0 0 2.89 0.62 0 0.0 3.7 0 5.55 5.65 7.53 0.33 1.41 0 0.73 0 5.27 1.0 0 2.27 4.99 2.46 
60 0.72 5.7 0.58 3.63 4.56 0.7 0.72 2.96 2.53 1.1 2.58 3.76 2.15 0 3.26 1.23 3.26 3.08 9.5 0.73 0.39 0 4.94 3.57 2.7 0 2.9 0 0 1.54 0 0 8.11 0 2.34 0 0.68 0.68 3.94 4.0 2.23 6.72 6.33 6.33 2.39 0 0 1.05 0 2.42 1.19 0 2.16 0 0 1.42 7.73 0 0 3.7 0.0 0 2.28 0.85 1.92 4.13 0 5.32 4.81 0 0.25 0.31 3.88 1.64 0.47 0.67 
61 4.31 0 0.78 2.53 0.5 0 0 0 0 0 2.35 0 0 2.34 5.36 1.91 0 1.49 0.94 0.82 1.91 0 0.74 0 0 0 1.56 0 0.62 0 0 4.31 0.82 0 0 0 0 0.42 0 0 0 0 0.37 0 2.71 1.66 0 0.99 1.17 2.46 0 4.18 0 2.11 0 1.15 0 2.16 3.33 0 0 0.0 0 1.72 0.82 0 0 4.69 1.06 0.55 1.85 0 0 0.78 0 3.93 
62 2.07 0.31 0 1.6 1.29 0.98 0.55 0 1.37 0.65 0 0.85 0 1.37 0.8 1.25 0 1.48 0.68 0 1.41 0 0 0 0.53 2.77 1.72 1.09 0 0.86 0.23 0 2.03 0.15 1.72 0 1.02 1.85 4.61 1.56 0 0.3 0.27 0 0 0.86 0 0.78 1.11 0.42 0 1.79 0 4.14 1.64 0 1.48 0 2.53 5.55 2.28 0 0.0 0 0 3.26 5.46 1.02 1.41 0 0 0.53 0 0 0 1.79 
63 2.79 0 0.27 0.25 0 0 0 0 1.49 2.73 5.19 0.82 2.35 3.95 0.82 0.7 0.37 2.41 3.55 1.76 0 1.79 2.28 1.14 2.28 4.31 0 3.29 0 1.25 1.42 5.95 2.91 0.37 1.21 0 4.94 5.32 0 1.91 0.86 1.9 2.03 0.43 2.28 1.17 0 1.29 0 1.04 0.43 1.52 0 4.14 0 2.53 1.77 2.77 3.39 5.65 0.85 1.72 0 0.0 0 3.08 5.18 0 0 4.94 1.96 1.8 2.03 1.14 0 0.82 
64 4.05 0 1.13 0.67 5.32 0 3.2 3.51 0.94 2.15 1.09 0 0 0 4.31 0 1.91 3.95 0 0 3.14 0 1.22 2.91 4.81 7.48 4.52 0 0 1.64 2.16 6.78 4.52 3.29 3.02 0 0.65 0.77 1.14 3.51 2.9 0 0.55 0.55 2.65 0 3.14 0 1.41 4.18 3.14 4.56 0 6.12 3.88 8.24 0.35 0 3.7 7.53 1.92 0.82 0 0 0.0 0 1.32 1.84 3.39 2.16 4.8 5.57 3.57 0.86 1.79 5.07 
65 1.21 0 4.33 0.63 4.43 0 4.94 1.88 1.54 2.45 0.94 0.43 0.4 0 0.28 2.9 1.72 1.91 4.05 0 2.27 0.95 5.74 0 0.83 1.29 2.35 0 2.19 0 1.72 0.74 1.25 1.84 1.85 0 0 5.18 0 0.86 0 2.54 0 0 0 0 0 0.92 4.61 1.92 0.62 3.48 0 0.51 2.03 3.76 0 0 0.23 0.33 4.13 0 3.26 3.08 0 0.0 0 3.55 1.49 4.07 6.02 4.0 1.11 4.8 0.83 3.2 
66 0 1.02 4.71 0 1.49 4.89 5.57 2.16 0.45 1.29 0 0.27 1.17 3.48 1.41 0.8 4.71 0 0.83 2.26 0 3.7 1.1 3.88 0.95 3.76 1.85 0 0 1.8 4.52 2.45 0 0.89 3.01 0 2.42 2.23 0 2.73 0 0 4.37 2.62 4.05 0.7 1.85 5.36 1.99 0 0 0 1.33 0 1.97 0 0 4.23 1.88 1.41 0 0 5.46 5.18 1.32 0 0.0 0.53 0 2.66 2.5 0 2.35 2.19 5.08 4.81 
67 0.31 3.8 2.28 0 0.27 0.94 0.55 0.35 0.62 3.17 0.94 0.98 0.8 2.28 0.37 0 3.04 0.47 0 2.28 2.16 1.13 1.33 1.41 2.34 1.37 0.47 1.52 3.42 0.28 0.99 2.22 3.17 0 0.63 0.47 1.29 1.17 0 0.38 2.15 2.53 3.86 2.28 3.04 0.8 0.56 3.42 0.35 3.11 4.18 0 0.85 1.69 2.79 0 3.95 0 0 0 5.32 4.69 1.02 0 1.84 3.55 0.53 0.0 0.18 4.81 4.94 2.4 0 3.17 0.86 0.43 
68 0.27 0.74 0.27 1.23 0 0 0.47 1.23 1.88 2.63 0 4.56 0.3 0 1.29 0.42 0.66 0 1.45 1.09 0.55 1.88 0.38 3.42 0.53 3.48 1.65 0 2.15 1.41 1.01 5.45 0 1.13 1.65 0 0 3.55 3.2 0.47 2.28 1.85 1.79 3.29 0.37 1.13 0.25 2.66 0.92 1.02 4.05 0.94 0.27 0 1.85 4.33 0 2.54 1.66 0.73 4.81 1.06 1.41 0 3.39 1.49 0 0.18 0.0 0 0.62 0.58 3.42 1.77 1.65 0.16 
69 1.45 0.55 0 0 0 0 0.57 2.83 0 2.35 5.83 5.74 4.61 0 3.33 0 0 1.68 8.36 0.75 0 0 0.98 5.7 2.27 6.4 5.32 0 0 1.36 0.38 0 5.27 1.33 0 0 0.43 0 0 3.63 3.08 0 0 0 0.87 0.43 0 0.68 0.66 6.33 5.83 5.07 0.57 3.26 0 3.01 4.52 2.54 3.45 0 0 0.55 0 4.94 2.16 4.07 2.66 4.81 0 0.0 0.63 0.55 3.51 2.82 0 2.09 
70 0 0.77 1.33 5.46 4.31 0.27 0.7 0.73 2.34 0 5.93 5.46 0.89 2.54 1.92 1.51 3.26 0.8 0 0 0.37 0.86 0.67 5.46 2.66 4.56 2.77 0 0.53 0.37 0 2.97 2.42 2.77 1.37 0 0.2 0 0 0 5.18 3.33 6.46 0.85 3.7 2.54 2.28 0 0 7.73 1.17 0.8 1.97 0.83 0 5.11 2.42 1.17 2.27 5.27 0.25 1.85 0 1.96 4.8 6.02 2.5 4.94 0.62 0.63 0.0 0 3.7 0 1.09 1.49 
71 4.94 0 1.91 2.15 0.55 0 4.81 0 0 0 5.93 3.7 4.8 0 0 0 0 5.83 2.78 1.68 0.68 1.05 3.11 6.72 6.02 0 5.57 0.48 0 1.36 1.6 0 3.7 5.07 2.22 0 0.12 0.62 5.83 0 2.07 0 5.57 2.77 5.36 0.43 0 0.8 0 5.36 2.62 2.77 0 2.03 0 7.62 2.19 0 0 1.0 0.31 0 0.53 1.8 5.57 4.0 0 2.4 0.58 0.55 0 0.0 0 0 0 1.45 
72 2.53 3.76 1.33 0.78 0 0 0.43 1.11 0 0.85 0.43 0.33 0 2.22 0 0.75 3.42 0.99 0.43 0.48 2.15 0 2.9 2.46 4.05 1.69 0.59 0 0.73 2.34 2.09 1.51 0.86 1.97 0.98 0.37 2.07 1.99 1.22 0.31 0.43 0 1.96 5.7 0.3 1.29 1.48 0 0 3.93 0.78 0.35 0 1.88 0 1.02 1.76 1.72 0.31 0 3.88 0 0 2.03 3.57 1.11 2.35 0 3.42 3.51 3.7 0 0.0 4.56 0 2.16 
73 0.78 0.47 0 0.35 0.35 0.47 0.43 0.57 0.58 3.29 5.45 4.61 2.63 1.41 0 2.16 1.22 0.78 0 0 5.07 0 0.18 0.27 1.06 0 0 0.48 0.43 0.98 0.27 3.2 1.13 0.63 0.47 0 3.8 4.31 0 1.41 2.45 0.99 1.41 0.74 0 0 1.85 0 0 1.23 3.2 0.59 0.5 0 0 0 1.98 0 4.81 2.27 1.64 0.78 0 1.14 0.86 4.8 2.19 3.17 1.77 2.82 0 0 4.56 0.0 0.51 2.28 
74 0.33 1.11 0 1.21 0.25 0 0.25 1.91 0 1.6 0.77 0.78 0.52 0 1.68 0 0.4 0.42 2.9 0.58 0 0.31 0 0 0 1.92 1.02 0.33 0 0 0.23 0 0 0 1.36 2.03 0 1.23 0 1.6 0.52 0.47 0 0 0.55 0.23 0 0.68 0.49 2.03 0 0 0 3.67 0 0.97 0 0 0 4.99 0.47 0 0 0 1.79 0.83 5.08 0.86 1.65 0 1.09 0 0 0.51 0.0 0 
75 0.05 2.16 0.43 0 0.47 2.79 0.43 0 1.05 0 2.73 1.91 1.32 0 3.67 0 1.17 0 4.56 0 0 2.26 3.42 1.85 2.03 4.43 1.14 0.92 0 2.03 1.39 5.07 1.48 0.63 0.94 0 2.82 0.48 1.13 1.54 0.99 0 3.11 3.8 1.29 0.47 0.47 3.04 1.05 1.09 1.91 0.43 1.77 3.17 1.06 5.57 0 3.29 1.42 2.46 0.67 3.93 1.79 0.82 5.07 3.2 4.81 0.43 0.16 2.09 1.49 1.45 2.16 2.28 0 0.0 

;