set O:= 0;
set N:= 1 2 3 4 5 6 7 8 9 10 11 12 13 14 15 16 17 18 19 20 21 22 23 24 25 26 27 28 29 30 31 32 33 34 35 36 37 38 39 40 41 42 43 44 45 46 47 48 49 50 51 52 53 54 55 56 57 58 59 60 61 62 63 64 65 66 67 68 69;
set K:= 1 2 3 4 5 6 7 8 9 10;
param V:= 10;
param cp:= 135;
param dm:= 2.0;
param o:=
0 0
1 18
2 26
3 11
4 30
5 21
6 19
7 15
8 16
9 29
10 26
11 37
12 16
13 12
14 31
15 8
16 19
17 20
18 13
19 15
20 22
21 28
22 12
23 6
24 27
25 14
26 18
27 17
28 29
29 13
30 22
31 25
32 28
33 27
34 19
35 10
36 12
37 14
38 24
39 16
40 33
41 15
42 11
43 18
44 17
45 21
46 27
47 19
48 20
49 5
50 22
51 12
52 19
53 22
54 16
55 7
56 26
57 14
58 21
59 24
60 13
61 15
62 18
63 11
64 28
65 9
66 37
67 30
68 10
69 8
;
param c[*,*]
: 0 1 2 3 4 5 6 7 8 9 10 11 12 13 14 15 16 17 18 19 20 21 22 23 24 25 26 27 28 29 30 31 32 33 34 35 36 37 38 39 40 41 42 43 44 45 46 47 48 49 50 51 52 53 54 55 56 57 58 59 60 61 62 63 64 65 66 67 68 69:=
0 0 7 4 5 5 7 3 5 5416 6 29 13 7 7944 12 5995 9 2234 8 9 10 7539 17 14 12 29 2 23 6701 4 5 21 10 4747 7 6499 7328 7106 29 8 16 20 10051 11 5 6 4 6 18 11 7 4 6 7944 39 12 15 25 6 17 11 9493 25 7944 48 11 13 4 2 10 
1 7 0 5 6422 9 12 9 11 11168 13 16 19 35 12 19 14 4 7 11 13123 15 6 3 13 14 11727 8376 12 5 8 7 17 11 2234 9214 13 9493 10610 28 12 8097 6 3 1675 7259 9 39 7818 15 5026 19 20 9772 22 17 14 5 15 23 45 12564 7 9 2 5 15 28 8376 7 10 
2 4 5 0 7 4333 5 2 9749 12 7550 11 31 6980 10 29 23 6499 10 10 25 7106 4 3553 18 11915 10 6 7222 9 14 2 17 7 2220 14 10832 7 7 11448 11 7 9 27 7 23 5055 8 15 6 19 9 4 8 16 49 14 10832 6439 19 18054 16 18 2 12 32 12844 18054 6499 2 6 
3 5 6422 7 0 10 9 6 10 12277 6 7818 28 17 17 15 41 6 3350 3553 30 15 11 9 8 6 4 5584 12638 8935 7994 8 18 7 18 42 25 10658 14 12 5 3 10 35 7259 666 12 14 36 10 4 2665 6 11915 16 16609 24 36 13 13 38 26 11448 7259 6 12 13 18 9 11 11 
4 5 9 4333 10 0 5 5 5416 6 27 10 14 6499 7 39 6 35 11 9104 9 6439 16 10471 12 17 11 3972 3611 7583 2443 3 12006 7 7 2528 6 7 6 8655 8097 30 10331 10 18 6 3 4 9 12 24 8 5777 3 17 9 12 14 9 28 13721 7994 12 15 9 11727 9772 17 3 3 7 
5 7 12 5 9 5 0 5773 13 22 43 13402 18 7994 4 17 2 13360 7 14 7 2665 2887 6439 32 38 14 13 3 18 5 2887 21 41 6661 9 7 9 2 13 15 8660 48 11168 22 12 2 5 2 1554 21 12 9 5 17 5329 30 17693 2665 47 17 8 5 22 13 12 14 18776 7 5 4 
6 3 9 2 6 5 5773 0 9 17 22 8935 14 19 12 13360 7 5 6 14 23 9 8 7 7944 11 8 5 10 6 4441 3350 12 5 2234 13 12 7 7328 12 15 9 8 7259 6 4 12 8 5551 4219 7583 6217 1675 8 22 14 12 10110 14 9 21 11 8 5 5 38 10889 15887 6 6 8 
7 5 11 9749 10 5416 13 9 0 2528 5551 20 22 6 9 5 6217 12 13 9 4 8660 53 15887 15887 17 9 3 23 53 7 9027 9 25 45 4 7 8882 7994 9 6 7222 17 16 14 6439 9 3 7772 26 56 16 8305 17 12 6860 20 18 5995 4 9 10658 18 13 14 15915 5584 8305 4 14 10214 
8 5416 11168 12 12277 6 22 17 2528 0 14 8 7 14 5 9 5 13 10 13 10 7 13 31 16971 19 37 20 4 13 4 7944 12 7328 24 10 7 10 8 6 8097 18 18 28 26 9 22 2 6661 5551 17 18 9388 2528 4 9 14 18776 9 7 9 9104 17 51 55 31 28 12 7 29 9 
9 6 13 7550 6 27 43 22 5551 14 0 4 13 3 10 12999 22 20 3553 5 8216 17 14 10214 9 5 3 4219 8 12 9326 10 3775 1554 27 13 7 16 12213 4885 888 1998 49 14 14 2665 8216 7 12 19 5551 5 9 9 42 11 5 11 14 4 15887 18 12 17 26 19 5773 24 5551 25 27 
10 29 16 11 7818 10 13402 8935 20 8 4 0 6 4188 11 10 26 16 8 14 7818 32 30 15077 16971 14443 10 6 12 13960 46 45 5 4885 44 9 7 16 60 1954 3071 6 31 32 15 12 10 8 18 14 16 12 8097 35 6138 40 8 19137 12844 2 14 37 67 13 14804 20 2792 6 8 9 17311 
11 13 19 31 28 14 18 14 22 7 13 6 0 11 14 5 15 15887 12 16609 26 18776 21 21303 41 19 17 8 14 75 16 14443 19 51 16609 9027 5416 22 23 4 36 21 29 29 43 55 12638 10 18 18 72 15 12999 19 3 9 65 91 14082 7 5 88 22 23 22 26 10 5 11 12999 22026 
12 7 35 6980 17 6499 7994 19 6 14 3 4188 11 0 11 39 34 29 4 5773 19 12 44 12 13 10471 4885 4 9388 10 6661 7 9 4 13 26 14 10 10 11 3 2 46 47 10331 4 18 6 8660 8 10 4 7 9 7222 11915 6883 17 34 3 53 24 16 10 36 14 8 22 9 6 10880 
13 7944 12 10 17 7 4 12 9 5 10 11 14 11 0 7944 2443 14804 12 25 19 9 20 30 18 20 24 8305 2528 48 3 8 14240 11 16 6 7 12 18 19 12 12638 30 18 54 38 19 5 5 17 18 23 13 3 9 2528 13767 20220 2 10 10832 8 13721 51 15165 17 10 13360 6499 9 7 
14 12 19 29 15 39 17 13360 5 9 12999 10 5 39 7944 0 11915 66 14 19137 3 19 16971 20220 26 81 16 8 9 71 12 14 12999 58 16248 7222 13 16971 15 7 14 12 29 91 85 59 10471 6499 16 17 21 34 17 14 5 5777 24 29 43 7944 4 77 20581 22 22 101 8 5416 9 15 78 
15 5995 14 23 41 6 2 7 6217 5 22 26 15 34 2443 11915 0 19 10 27 5 2220 5 10 37 42 13 6661 3 8 2 4219 19 10880 16 4441 5773 4 2 12 54 11 13960 54 12844 42 2887 19 3331 3 74 12435 16 7 15 4 15 22 888 12 14 18 6883 28 19 16 52 22 5 6 6 
16 9 4 6499 6 35 13360 5 12 13 20 16 15887 29 14804 66 19 0 5055 20 15165 18 11554 10 5 5 25 8 12277 9 12 8666 59 15 12 10471 52 30 32 56 10 6 7 8 4747 3 42 22 16 10832 6 4441 12 11915 56 17 16 6 64 43 22 38 15 8 4 17 32 18054 8666 8 16 
17 2234 7 10 3350 11 7 6 13 10 3553 8 12 4 12 14 10 5055 0 5773 13 11 10 35 11 9388 5551 2 10 16 7 6 18 3 5 8 7944 11 9 7259 4 2 12 9493 8 3 9 26 15 7 30 4663 2 15 36 49 15 11915 9 9 17 22 13 13 6860 47 17 13 5 3 12 
18 8 11 10 3553 9104 14 14 9 13 5 14 16609 5773 25 19137 27 20 5773 0 47 15543 12 10 6217 12 2 7 11 42 46 9992 6439 3 14 20 13 57 16 11 5 19 10889 12 11 3109 10658 11 51 14 4 3 23 13 33 13101 4 7 13989 14 22 16654 25 18 6217 14 9548 23 8 10 14655 
19 9 13123 25 30 9 7 23 4 10 8216 7818 26 19 19 3 5 15165 13 47 0 9 56 20 19 19859 21 15 5416 16 11 12 11 10 29 6 3 8 8 26 12 46 18 16 15 9104 9 5 31 27 20 12 14 5 16 6 25 21665 5 6980 8 20 35 17 65 20 7 8666 6499 13 20 
20 10 15 7106 15 6439 2665 9 8660 7 17 32 18776 12 9 19 2220 18 11 15543 9 0 20 10 20220 29 15543 8882 4885 28 8 6 40 12879 19 27 8 3 5 61 16 44 30 14 13960 16 5 14 4 5 21 18 11 6 15887 7 35 24 12 16 18 9 6883 32 17 28 32 21 16 8 5 
21 7539 6 4 11 16 2887 8 53 13 14 30 21 44 20 16971 5 11554 10 12 56 20 0 5 16 19 25 37 33 2 3 3 20 10 5329 9749 13721 3 4 14798 13681 12 9 9 8 11 8 42 3 4 18 23 8376 9 32 14 15 14082 6 52 21 5 2 3 10471 9 20 87 13 22 2 
22 17 3 3553 9 10471 6439 7 15887 31 10214 15077 21303 12 30 20220 10 10 35 10 20 10 5 0 7583 14 11 10 12638 2 13 4663 35 36 4 52 21 8 30 18 16 41 4 6 6 10 21 17 21 5107 11 10 29 13 38 18 16 8305 9 17 97 8660 2665 2 6499 15 17032 30 15 7 7 
23 14 13 18 8 12 32 7944 15887 16971 9 16971 41 13 18 26 37 5 11 6217 19 20220 16 7583 0 5 16 14 15887 12 14804 11554 18776 12 6 58 17693 21 23 38 13 12 12 16 6 20 14082 15165 14804 53 3611 25 7583 64 18776 26 9 2 22 15526 50 42 15 7 3250 6422 21 91 16 9749 16248 
24 12 14 11915 6 17 38 11 17 19 5 14443 19 10471 20 81 42 5 9388 12 19859 29 19 14 5 0 6 25 17332 13721 22 14 18 5 10 16 17332 41 43 16609 20 35 9 34 28 3 32 15887 74 18 2528 3331 16 16971 23 24 7 6 43 17 24 31 21 23 6499 10610 23 26 27 13 26 
25 29 11727 10 4 11 14 8 9 37 3 10 17 4885 24 16 13 25 5551 2 21 15543 25 11 16 6 0 7 12 13 11324 10 8 3 16 8882 18 18 14433 8 3 4219 26 16 14 4 13 9 15 11769 5773 2 24 9992 27 24 8 36 13 20 24 17 17 9992 7550 16473 15 14443 10 33 60 
26 2 8376 6 5584 3972 13 5 3 20 4219 6 8 4 8305 8 6661 8 2 7 15 8882 37 10 14 25 7 0 8 8376 20 5584 11 5 12 4 20 11 32 22 19 3071 14 23 10051 4441 6499 7 7106 11 11 5995 4 11 25 9388 11 14443 6661 3909 14 21 14 16 9 54 28 22 7 3630 9326 
27 23 12 7222 12638 3611 3 10 23 4 8 12 14 9388 2528 9 3 12277 10 11 5416 4885 33 12638 15887 17332 12 8 0 9388 1776 6 13402 11 13 2528 12 5329 4219 9 40 10 14 14 14 16 2166 6 4219 12 31 12 12 1 8305 19 25 18 3 17 15 7 15 40 12638 14 10 14 4333 6 7 
28 6701 5 9 8935 7583 18 6 53 13 12 13960 75 10 48 71 8 9 16 42 16 28 2 2 12 13721 13 8376 9388 0 17 5 16752 10 4 11 56 4 6 18 15 11 7 6 7 7550 29 10832 7 12 11 39 6422 10471 20 14 15 10832 6883 15 24 7 2220 2 9 7 31 22 9749 4747 4 
29 4 8 14 7994 2443 5 4441 7 4 9326 46 16 6661 3 12 2 12 7 46 11 8 3 13 14804 22 11324 20 1776 17 0 8 15 18 6 12 5329 4 3 11 12 14 46 13 40 9 888 4 10 1 59 42 23 2665 14 19 13323 17 3 13 15 22 6 20 23 23 12 33 4 13 20 
30 5 7 2 8 3 2887 3350 9027 7944 10 45 14443 7 8 14 4219 8666 6 9992 12 6 3 4663 11554 14 10 5584 6 5 8 0 14 30 4 22 38 17 9 22 40 8 10 17 8 28 4 7 6 6 15 18 6 12 24 20 15 53 20 38 16609 8 5 6 8305 9772 25 17332 12 2234 10 
31 21 17 17 18 12006 21 12 9 12 3775 5 19 9 14240 12999 19 59 18 6439 11 40 20 35 18776 18 8 11 13402 16752 15 14 0 11 52 12 39 24 21 20 5 7259 34 22 65 8 17 12 70 16 17 11 10 49 10832 14 4663 81 33 6 29 25 19545 17 16971 80 11 9388 20 12006 21 
32 10 11 7 7 7 41 5 25 7328 1554 4885 51 4 11 58 10880 15 3 3 10 12879 10 36 12 5 3 5 11 10 18 30 11 0 5 13 7 13 15 6 2220 7 10 14 9493 2 10 6883 10436 9104 4 2 4 16 24 41 9 7 11 8 22 14211 22 7328 5107 54 14 14 5551 6 50 
33 4747 2234 2220 18 7 6661 2234 45 24 27 44 16609 13 16 16248 16 12 5 14 29 19 5329 4 6 10 16 12 13 4 6 4 52 5 0 10 13 7328 7994 13 17 5863 5026 5026 4 5 35 11 6 5 6 6439 3 10 58 15 11 7222 35 12 20220 10 6 4 4 7259 26 24 8 13 9 
34 7 9214 14 42 2528 9 13 4 10 13 9 9027 26 6 7222 4441 10471 8 20 6 27 9749 52 58 16 8882 4 2528 11 12 22 12 13 10 0 5 8 6 29 31 8 25 48 44 13 7 3 5551 17 13721 8438 30 2 6138 7 22 21 5 8 12 8438 13 10110 45 13681 34 11554 1805 4694 10 
35 6499 13 10832 25 6 7 12 7 7 7 7 5416 14 7 13 5773 52 7944 13 3 8 13721 21 17693 17332 18 20 12 56 5329 38 39 7 13 5 0 36 16 5 7259 36 60 18 13681 8 7 3 10 13 16 18 10 5 5 5416 44 22 11 6 29 10 21 14 18 19 6 8 5 9 11 
36 7328 9493 7 10658 7 9 7 8882 10 16 16 22 10 12 16971 4 30 11 57 8 3 3 8 21 41 18 11 5329 4 4 17 24 13 7328 8 36 0 2 15636 61 10 15 11 44 11 4441 8 1332 2665 18054 17 34 8 34 29 16 18 18 14240 20 2443 4 23 14082 12 19 45 9 6 1554 
37 7106 10610 7 14 6 2 7328 7994 8 12213 60 23 10 18 15 2 32 9 16 8 5 4 30 23 43 14433 32 4219 6 3 9 21 15 7994 6 16 2 0 14519 19 20 17 14 14 45 16 25 2 2887 19137 13 11 20 17 5773 21 78 6 17 36 2443 11 6661 15165 14 15356 41 8 6217 3 
38 29 28 11448 12 8655 13 12 9 6 4885 1954 4 11 19 7 12 56 7259 11 26 61 14798 18 38 16609 8 22 9 18 11 22 20 6 13 29 5 15636 14519 0 6 6422 19 17032 15636 28 10051 8 28 14 15887 29 8935 16 4333 11 9 23 11727 3 9 71 19 13681 16 24 2 4 7 38 17 
39 8 12 11 5 8097 15 15 6 8097 888 3071 36 3 12 14 54 10 4 5 12 16 13681 16 13 20 3 19 40 15 12 40 5 2220 17 31 7259 61 19 6 0 3 26 13402 13 13 10051 9 15 11727 11 3331 23 8935 18 11 5 19 13402 6 58 73 19 45 22 32 12 10471 7 9 66 
40 16 8097 7 3 30 8660 9 7222 18 1998 6 21 2 12638 12 11 6 2 19 46 44 12 41 12 35 4219 3071 10 11 14 8 7259 7 5863 8 36 10 20 6422 3 0 10331 14 19 2 40 7944 36 8 7583 3553 3071 10 10 15 7 12277 18 8 15165 25 14 9 10 26 9 12 6138 5026 44 
41 20 6 9 10 10331 48 8 17 18 49 31 29 46 30 29 13960 7 12 10889 18 30 9 4 12 9 26 14 14 7 46 10 34 10 5026 25 60 15 17 19 26 10331 0 1 1 18 11 14 10610 40 7 22 15 26 21 67 30 3 18 14 30 14798 9 10 4188 3 36 28 23 17 11 
42 10051 3 27 35 10 11168 7259 16 28 14 32 29 47 18 91 54 8 9493 12 16 14 9 6 16 34 16 23 14 6 13 17 22 14 5026 48 18 11 14 17032 13402 14 1 0 1 11 11 12564 20 9214 6701 13 7818 12564 23 16 31 5 14240 14519 33 13960 12 9 4467 5 18 103 46 16 10 
43 11 1675 7 7259 18 22 6 14 26 14 15 43 10331 54 85 12844 4747 8 11 15 13960 8 6 6 28 14 10051 14 7 40 8 65 9493 4 44 13681 44 14 15636 13 19 1 1 0 10 9772 11 9 8935 5 10 6422 13 39 19 14240 6 15 13123 25 13960 7 4 4 5 19 48 21 7259 10 
44 5 7259 23 666 6 12 4 6439 9 2665 12 55 4 38 59 42 3 3 3109 9104 16 11 10 20 3 4 4441 16 7550 9 28 8 2 5 13 8 11 45 28 13 2 18 11 10 0 8 7 19 11 2887 2 2665 8 13 10214 21 7 43 4885 74 17 9770 8 3997 24 9 15526 5329 5 13 
45 6 9 5055 12 3 2 12 9 22 8216 10 12638 18 19 10471 2887 42 9 10658 9 5 8 21 14082 32 13 6499 2166 29 888 4 17 10 35 7 7 4441 16 10051 10051 40 11 11 9772 8 0 17 3 2 13721 11 10 3 39 8 12435 32 13 8655 14082 7 9749 32 22 12 12 19 9 17 7 
46 4 39 8 14 4 5 8 3 2 7 8 10 6 5 6499 19 22 26 11 5 14 42 17 15165 15887 9 7 6 10832 4 7 12 6883 11 3 3 8 25 8 9 7944 14 12564 11 7 17 0 5995 19 56 17 7944 7 7 12 44 35 4441 5863 10 9 18 11 12 14240 8 43 9 6 9 
47 6 7818 15 36 9 2 5551 7772 6661 12 18 18 8660 5 16 3331 16 15 51 31 4 3 21 14804 74 15 7106 4219 7 10 6 70 10436 6 5551 10 1332 2 28 15 36 10610 20 9 19 3 5995 0 1 15887 47 6883 5 15 6883 30 16 4219 12844 19 3775 3553 18 48 11 19 20581 5995 4663 2443 
48 18 15 6 10 12 1554 4219 26 5551 19 14 18 8 17 17 3 10832 7 14 27 5 4 5107 53 18 11769 11 12 12 1 6 16 9104 5 17 13 2665 2887 14 11727 8 40 9214 8935 11 2 19 1 0 28 10658 5773 5 12999 6 15 19 5 44 22 5 4219 3997 13 40 13681 37 5 7 15 
49 11 5026 19 4 24 21 7583 56 17 5551 16 72 10 18 21 74 6 30 4 20 21 18 11 3611 2528 5773 11 31 11 59 15 17 4 6 13721 16 18054 19137 15887 11 7583 7 6701 5 2887 13721 56 15887 28 0 3997 6138 30 16971 22 7106 5 78 12638 45 28 14443 18 16 9214 35 20 48 12 18054 
50 7 19 9 2665 8 12 6217 16 18 5 12 15 4 23 34 12435 4441 4663 3 12 18 23 10 25 3331 2 5995 12 39 42 18 11 2 6439 8438 18 17 13 29 3331 3553 22 13 10 2 11 17 47 10658 3997 0 20 9 18 12 3 28 13 5551 79 18 13 11 6 28 10 16 7328 7106 55 
51 4 20 4 6 5777 9 1675 8305 9388 9 8097 12999 7 13 17 16 12 2 23 14 11 8376 29 7583 16 24 4 12 6422 23 6 10 4 3 30 10 34 11 8935 23 3071 15 7818 6422 2665 10 7944 6883 5773 6138 20 0 18 14 27 16 10 8 7 69 11 9214 21 4333 10051 41 16 6 11 8882 
52 6 9772 8 11915 3 5 8 17 2528 9 35 19 9 3 14 7 11915 15 13 5 6 9 13 64 16971 9992 11 1 10471 2665 12 49 16 10 2 5 8 20 16 8935 10 26 12564 13 8 3 7 5 5 30 9 18 0 6860 9 15 20 3331 7259 12 7772 13 12 15 14 10 25 13 6 15 
53 7944 22 16 16 17 17 22 12 4 42 6138 3 7222 9 5 15 56 36 33 16 15887 32 38 18776 23 27 25 8305 20 14 24 10832 24 58 6138 5 34 17 4333 18 10 21 23 39 13 39 7 15 12999 16971 18 14 6860 0 14 21 26 11193 5 12 19 39 15887 15887 23470 9 6 26 10 77 
54 39 17 49 16609 9 5329 14 6860 9 11 40 9 11915 2528 5777 4 17 49 13101 6 7 14 18 26 24 24 9388 19 14 19 20 14 41 15 7 5416 29 5773 11 11 15 67 16 19 10214 8 12 6883 6 22 12 27 9 14 0 14 23 6 37 8 10 18 61 19 17590 37 46 7944 22 11 
55 12 14 14 24 12 30 12 20 14 5 8 65 6883 13767 24 15 16 15 4 25 35 15 16 9 7 8 11 25 15 13323 15 4663 9 11 22 44 16 21 9 5 7 30 31 14240 21 12435 44 30 15 7106 3 16 15 21 14 0 10 15321 6883 24 21 31 12 18 18149 8882 19 10 41 21 
56 15 5 10832 36 14 17693 10110 18 18776 11 19137 91 17 20220 29 22 6 11915 7 21665 24 14082 8305 2 6 36 14443 18 10832 17 53 81 7 7222 21 22 18 78 23 19 12277 3 5 6 7 32 35 16 19 5 28 10 20 26 23 10 0 43 17332 53 22026 13 8666 5055 7 22 25 61 12 69 
57 25 15 6439 13 9 2665 14 5995 9 14 12844 14082 34 2 43 888 64 9 13989 5 12 6 9 22 43 13 6661 3 6883 3 20 33 11 35 5 11 18 6 11727 13402 18 18 14240 15 43 13 4441 4219 5 78 13 8 3331 11193 6 15321 43 0 13 17 5 7772 9 65 17 13 16248 6 24 5995 
58 6 23 19 13 28 47 9 4 7 4 2 7 3 10 7944 12 43 9 14 6980 16 52 17 15526 17 20 3909 17 15 13 38 6 8 12 8 6 14240 17 3 6 8 14 14519 13123 4885 8655 5863 12844 44 12638 5551 7 7259 5 37 6883 17332 13 0 11 19 15077 11448 52 34 5 7222 5 15 63 
59 17 45 18054 38 13721 17 21 9 9 15887 14 5 53 10832 4 14 22 17 22 8 18 21 97 50 24 24 14 15 24 15 16609 29 22 20220 12 29 20 36 9 58 15165 30 33 25 74 14082 10 19 22 45 79 69 12 12 8 24 53 17 11 0 87 27 21303 21665 28886 9 5416 12 18 23 
60 11 12564 16 26 7994 8 11 10658 9104 18 37 88 24 8 77 18 38 22 16654 20 9 5 8660 42 31 17 21 7 7 22 8 25 14211 10 8438 10 2443 2443 71 73 25 14798 13960 13960 17 7 9 3775 5 28 18 11 7772 19 10 21 22026 5 19 87 0 8 8216 20 17 75 27 9326 8438 4 
61 9493 7 18 11448 12 5 8 18 17 12 67 22 16 13721 20581 6883 15 13 25 35 6883 2 2665 15 21 17 14 15 2220 6 5 19545 22 6 13 21 4 11 19 19 14 9 12 7 9770 9749 18 3553 4219 14443 13 9214 13 39 18 31 13 7772 15077 27 8 0 4 10110 23 18 25 13360 9 12 
62 25 9 2 7259 15 22 5 13 51 17 13 23 10 51 22 28 8 13 18 17 32 3 2 7 23 9992 16 40 2 20 6 17 7328 4 10110 14 23 6661 13681 45 9 10 9 4 8 32 11 18 3997 18 11 21 12 15887 61 12 8666 9 11448 21303 8216 4 0 5 7 59 20942 12 17 6 
63 7944 2 12 6 9 13 5 14 55 26 14804 22 36 15165 22 19 4 6860 6217 65 17 10471 6499 3250 6499 7550 9 12638 9 23 8305 16971 5107 4 45 18 14082 15165 16 22 10 4188 4467 4 3997 22 12 48 13 16 6 4333 15 15887 19 18 5055 65 52 21665 20 10110 5 0 7 72 19859 10 6 14082 
64 48 5 32 12 11727 12 38 15915 31 19 20 26 14 17 101 16 17 47 14 20 28 9 15 6422 10610 16473 54 14 7 23 9772 80 54 7259 13681 19 12 14 24 32 26 3 5 5 24 12 14240 11 40 9214 28 10051 14 23470 17590 18149 7 17 34 28886 17 23 7 7 0 23 36 16 40 20 
65 11 15 12844 13 9772 14 10889 5584 28 5773 2792 10 8 10 8 52 32 17 9548 7 32 20 17032 21 23 15 28 10 31 12 25 11 14 26 34 6 19 15356 2 12 9 36 18 19 9 12 8 19 13681 35 10 41 10 9 37 8882 22 13 5 9 75 18 59 72 23 0 3 7818 13 74 
66 13 28 18054 18 17 18776 15887 8305 12 24 6 5 22 13360 5416 22 18054 13 23 8666 21 87 30 91 26 14443 22 14 22 33 17332 9388 14 24 11554 8 45 41 4 10471 12 28 103 48 15526 19 43 20581 37 20 16 16 25 6 46 19 25 16248 7222 5416 27 25 20942 19859 36 3 0 13 16 49 
67 4 8376 6499 9 3 7 6 4 7 5551 8 11 9 6499 9 5 8666 5 8 6499 16 13 15 16 27 10 7 4333 9749 4 12 20 5551 8 1805 5 9 8 7 7 6138 23 46 21 5329 9 9 5995 5 48 7328 6 13 26 7944 10 61 6 5 12 9326 13360 12 10 16 7818 13 0 4 8438 
68 2 7 2 11 3 5 6 14 29 25 9 12999 6 9 15 6 8 3 10 13 8 22 7 9749 13 33 3630 6 4747 13 2234 12006 6 13 4694 9 6 6217 38 9 5026 17 16 7259 5 17 6 4663 7 12 7106 11 6 10 22 41 12 24 15 18 8438 9 17 6 40 13 16 4 0 7 
69 10 10 6 11 7 4 8 10214 9 27 17311 22026 10880 7 78 6 16 12 14655 20 5 2 7 16248 26 60 9326 7 4 20 10 21 50 9 10 11 1554 3 17 66 44 11 10 10 13 7 9 2443 15 18054 55 8882 15 77 11 21 69 5995 63 23 4 12 6 14082 20 74 49 8438 7 0 

;param cto[*,*]
: 0 1 2 3 4 5 6 7 8 9 10 11 12 13 14 15 16 17 18 19 20 21 22 23 24 25 26 27 28 29 30 31 32 33 34 35 36 37 38 39 40 41 42 43 44 45 46 47 48 49 50 51 52 53 54 55 56 57 58 59 60 61 62 63 64 65 66 67 68 69:=
0 0 46 44 45 39 42 43 44 40 42 42 43 40 42 43 43 41 39 48 42 44 43 43 43 48 44 39 41 42 41 40 44 42 41 40 41 44 44 42 42 40 44 44 43 41 40 44 42 41 43 43 40 40 42 43 45 44 43 45 45 46 44 42 42 46 43 48 39 39 44 
1 46 0 40 42 42 44 41 49 45 44 46 51 43 49 51 45 44 46 44 46 46 46 43 40 42 45 43 44 40 47 42 47 43 39 44 46 44 45 47 45 43 40 40 39 42 43 44 43 42 41 44 41 44 46 46 50 41 46 45 49 46 42 39 43 45 51 49 43 41 44 
2 44 40 0 46 40 41 43 43 42 44 49 46 42 46 45 42 41 41 45 44 44 40 41 42 44 45 45 41 40 41 43 47 47 40 41 43 42 42 45 44 46 42 42 42 42 40 45 41 40 42 44 40 45 44 44 47 43 43 44 47 44 41 43 41 43 46 47 41 39 46 
3 45 42 46 0 42 49 41 47 44 40 43 45 40 45 49 46 39 40 41 45 47 49 47 41 40 45 41 44 44 44 47 44 39 41 43 44 46 47 44 41 40 43 43 42 38 47 43 45 44 44 40 40 44 44 46 43 42 46 42 47 48 45 42 40 45 45 46 46 41 51 
4 39 42 40 42 0 41 40 40 40 43 43 43 41 41 43 41 42 40 45 42 43 42 43 48 45 45 40 40 42 40 43 46 43 45 39 45 42 46 43 43 42 44 48 44 46 39 39 41 40 44 48 41 43 42 42 47 49 42 42 45 44 43 42 46 45 44 45 39 43 47 
5 42 44 41 49 41 0 42 43 42 46 46 46 44 41 44 39 44 47 48 43 40 40 43 46 47 48 43 40 41 39 40 49 46 43 41 43 40 43 50 46 45 46 45 45 46 44 42 39 39 46 51 44 41 44 42 50 47 40 45 50 41 46 42 48 49 51 47 42 45 44 
6 43 41 43 41 40 42 0 42 42 42 44 48 41 43 44 47 40 40 44 44 45 42 42 42 43 44 40 42 41 41 40 49 45 39 41 43 47 44 44 42 41 46 42 46 45 41 41 42 41 42 43 39 42 43 44 45 43 44 42 46 46 47 40 44 44 45 46 40 39 44 
7 44 49 43 47 40 43 42 0 39 42 41 40 40 41 40 43 47 41 49 44 45 44 46 46 46 44 43 41 44 42 42 47 43 43 40 39 45 44 41 46 41 47 47 46 43 41 39 44 43 45 44 42 40 39 41 46 51 43 40 46 46 46 48 44 48 41 42 39 41 46 
8 40 45 42 44 40 42 42 39 0 44 42 45 41 40 40 46 48 42 46 39 47 44 46 46 46 45 40 44 48 45 42 45 44 44 39 39 44 43 46 43 42 47 47 46 44 40 42 43 42 46 45 42 39 44 40 47 47 41 42 46 45 46 44 45 48 42 43 40 41 49 
9 42 44 44 40 43 46 42 42 44 0 40 43 40 49 44 47 42 41 41 44 49 47 46 44 46 40 41 48 46 45 44 41 39 43 43 43 48 48 42 38 39 46 46 45 40 44 47 47 46 42 40 41 44 43 46 41 45 47 40 46 50 51 45 43 48 42 44 42 43 49 
10 42 46 49 43 43 46 44 41 42 40 0 40 40 48 42 46 44 42 44 43 48 47 47 46 45 42 41 44 47 45 45 40 42 45 43 42 52 47 39 40 41 48 48 51 42 48 42 47 46 45 42 43 43 41 44 43 47 46 43 43 50 49 50 45 49 40 45 42 48 49 
11 43 51 46 45 43 46 48 40 45 43 40 0 42 43 40 49 46 43 46 41 47 47 48 48 51 45 46 43 47 45 45 42 44 46 42 40 48 47 39 42 43 49 49 49 45 44 42 51 46 47 49 44 43 39 46 46 49 45 40 44 49 53 47 47 55 39 39 42 44 49 
12 40 43 42 40 41 44 41 40 41 40 40 42 0 47 43 45 41 39 42 43 46 45 45 44 43 42 39 42 48 43 46 42 40 42 41 41 50 49 41 43 39 45 45 44 40 42 45 45 44 42 45 40 42 41 44 43 45 45 43 44 48 46 43 42 51 42 43 40 41 47 
13 42 49 46 45 41 41 43 41 40 49 48 43 47 0 42 40 45 43 48 40 42 43 45 51 51 47 42 39 44 44 45 47 46 44 40 41 42 41 44 45 44 47 47 46 46 40 40 46 41 51 47 44 39 42 39 49 48 39 44 43 43 45 44 45 48 48 44 41 46 48 
14 43 51 45 49 43 44 44 40 40 44 42 40 43 42 0 44 46 43 47 43 46 46 48 48 48 50 46 46 47 47 44 44 45 46 41 39 46 49 41 44 47 49 49 48 45 43 41 49 45 47 46 44 41 39 41 47 49 43 42 40 47 48 46 47 50 41 40 42 44 47 
15 43 45 42 46 41 39 47 43 46 47 46 49 45 40 44 0 45 44 49 46 40 42 44 47 48 52 43 44 43 40 41 49 47 44 41 42 44 39 49 46 45 47 46 46 46 40 42 40 44 47 48 44 41 44 41 54 48 38 49 49 41 43 44 45 47 46 46 46 42 42 
16 41 44 41 39 42 44 40 47 48 42 44 46 41 45 46 45 0 40 42 45 51 44 42 40 44 43 46 44 46 47 42 45 41 39 43 44 45 46 45 42 41 42 42 41 40 43 43 44 43 39 41 39 44 45 50 44 45 46 43 48 47 44 41 39 43 46 47 42 41 49 
17 39 46 41 40 40 47 40 41 42 41 42 43 39 43 43 44 40 0 42 43 46 44 43 43 42 42 43 42 43 42 45 44 44 41 41 42 45 49 42 44 43 44 44 47 40 42 41 44 43 42 42 39 42 42 44 44 44 44 41 45 47 45 42 41 45 43 48 40 44 46 
18 48 44 45 41 45 48 44 49 46 41 44 46 42 48 47 49 42 42 0 47 50 51 50 43 40 44 48 51 46 47 46 43 44 43 46 46 49 49 45 42 42 45 49 44 40 46 46 48 47 45 39 42 46 46 48 40 47 49 43 53 51 48 45 43 51 46 47 48 44 50 
19 42 46 44 45 42 43 44 44 39 44 43 41 43 40 43 46 45 43 47 0 44 45 47 51 48 46 42 40 45 42 43 49 45 45 40 43 48 44 42 44 44 48 52 51 45 42 40 44 43 47 46 44 40 40 39 48 49 45 42 41 46 47 45 46 49 46 42 41 43 46 
20 44 46 44 47 43 40 45 45 47 49 48 47 46 42 46 40 51 46 50 44 0 42 45 48 49 50 45 42 43 41 42 51 48 45 43 48 40 39 48 52 47 47 51 47 48 42 43 44 41 52 50 46 46 46 43 52 49 40 47 51 40 43 44 50 47 48 52 44 44 41 
21 43 46 40 49 42 40 42 44 44 47 47 47 45 43 46 42 44 44 51 45 42 0 41 44 46 48 44 42 43 44 40 49 50 42 43 45 40 41 47 47 45 47 43 47 45 41 43 39 39 45 47 43 46 46 44 53 45 46 46 52 42 40 44 43 43 48 49 43 41 40 
22 43 43 41 47 43 43 42 46 46 46 47 48 45 45 48 44 42 43 50 47 45 41 0 42 44 51 48 44 39 43 42 49 45 41 44 46 43 44 48 46 44 44 40 40 44 43 45 42 42 43 49 42 48 47 50 48 42 49 47 50 45 40 39 41 40 49 50 44 42 42 
23 43 40 42 41 48 46 42 46 46 44 46 48 44 51 48 47 40 43 43 51 48 44 42 0 44 44 44 46 42 45 44 47 43 40 45 47 46 47 47 48 43 40 40 40 42 45 45 45 44 40 43 42 46 47 48 49 42 47 46 50 48 44 45 39 42 52 49 44 43 46 
24 48 42 44 40 45 47 43 46 46 46 45 51 43 51 48 48 44 42 40 48 49 46 44 44 0 42 44 46 45 46 49 45 41 42 49 46 48 48 46 43 42 42 43 42 40 46 46 47 46 39 40 42 46 47 49 43 45 49 44 53 50 46 44 41 45 47 48 45 44 48 
25 44 45 45 45 45 48 44 44 45 40 42 45 42 47 50 52 43 42 44 46 50 48 51 44 42 0 47 46 47 47 50 41 40 44 45 45 49 49 43 44 41 46 47 46 41 46 49 48 47 42 39 43 46 45 48 39 45 52 42 47 55 49 46 44 48 44 45 44 44 50 
26 39 43 45 41 40 43 40 43 40 41 41 46 39 42 46 43 46 43 48 42 45 44 48 44 44 47 0 41 43 42 41 43 41 42 43 40 45 44 41 41 40 45 45 44 41 41 40 44 42 47 43 40 40 41 42 45 45 43 40 44 46 45 43 46 46 42 43 39 40 45 
27 41 44 41 44 40 40 42 41 44 48 44 43 42 39 46 44 44 42 51 40 42 42 44 46 46 46 41 0 42 39 40 46 45 43 39 41 42 41 47 44 47 46 46 45 44 39 39 41 40 46 46 42 42 42 40 48 50 40 43 44 47 44 43 44 50 48 48 40 45 47 
28 42 40 40 44 42 41 41 44 48 46 47 47 48 44 47 43 46 43 46 45 43 43 39 42 45 47 43 42 0 41 40 49 45 40 43 45 45 42 47 46 44 42 41 41 44 41 43 40 40 47 46 42 43 46 49 48 43 43 46 48 47 40 39 41 42 48 52 43 41 45 
29 41 47 41 44 40 39 41 42 45 45 45 45 43 44 47 40 47 42 47 42 41 44 43 45 46 47 42 39 41 0 39 51 45 42 40 42 41 40 49 45 44 45 45 44 45 38 44 40 43 45 46 42 40 43 42 49 50 44 44 49 42 42 42 44 45 49 46 41 40 42 
30 40 42 43 47 43 40 40 42 42 44 45 45 46 45 44 41 42 45 46 43 42 40 42 44 49 50 41 40 40 39 0 51 44 45 40 42 41 41 45 44 43 44 43 43 43 39 41 40 39 44 45 41 41 44 43 48 44 42 44 46 43 42 40 42 44 46 46 41 39 42 
31 44 47 47 44 46 49 49 47 45 41 40 42 42 47 44 49 45 44 43 49 51 49 49 47 45 41 43 46 49 51 51 0 42 46 45 44 50 50 41 41 42 49 49 48 43 47 45 49 52 45 42 48 46 43 51 42 48 48 41 45 52 50 48 46 51 41 42 44 46 55 
32 42 43 47 39 43 46 45 43 44 39 42 44 40 46 45 47 41 44 44 45 48 50 45 43 41 40 41 45 45 45 44 42 0 46 43 48 47 47 47 40 39 48 45 44 39 44 43 46 45 41 39 40 44 44 46 41 47 51 41 47 49 47 44 42 46 44 49 42 46 48 
33 41 39 40 41 45 43 39 43 44 43 45 46 42 44 46 44 39 41 43 45 45 42 41 40 42 44 42 43 40 42 45 46 46 0 42 48 44 44 45 43 42 41 41 44 41 42 43 46 46 41 43 40 47 45 49 46 41 45 44 48 50 42 39 39 42 46 47 46 40 44 
34 40 44 41 43 39 41 41 40 39 43 43 42 41 40 41 41 43 41 46 40 43 43 44 45 49 45 43 39 43 40 40 45 43 42 0 40 43 42 42 43 46 46 46 45 43 40 38 42 41 45 45 42 38 41 41 47 46 41 42 43 45 48 43 43 47 43 44 39 40 44 
35 41 46 43 44 45 43 43 39 39 43 42 40 41 41 39 42 44 42 46 43 48 45 46 47 46 45 40 41 45 42 42 44 48 48 40 0 45 44 45 42 42 47 47 47 48 45 43 44 43 49 45 47 40 39 40 47 48 42 41 41 50 46 49 45 49 41 46 40 46 46 
36 44 44 42 46 42 40 47 45 44 48 52 48 50 42 46 44 45 45 49 48 40 40 43 46 48 49 45 42 45 41 41 50 47 44 43 45 0 39 48 48 50 45 49 45 51 41 44 39 40 47 49 45 43 46 44 55 51 41 47 52 40 45 42 45 45 49 49 44 47 39 
37 44 45 42 47 46 43 44 44 43 48 47 47 49 41 49 39 46 49 49 44 39 41 44 47 48 49 44 41 42 40 41 50 47 44 42 44 39 0 47 47 46 46 46 46 47 41 43 40 40 47 52 45 42 45 42 51 47 40 47 47 40 42 43 45 46 48 48 43 43 44 
38 42 47 45 44 43 50 44 41 46 42 39 39 41 44 41 49 45 42 45 42 48 47 48 47 46 43 41 47 47 49 45 41 47 45 42 45 48 47 0 41 42 49 49 48 43 44 42 47 46 46 44 44 43 40 44 44 48 45 39 42 49 49 47 50 50 39 44 46 44 53 
39 42 45 44 41 43 46 42 46 43 38 40 42 43 45 44 46 42 44 42 44 52 47 46 48 43 44 41 44 46 45 44 41 40 43 43 42 48 47 41 0 43 46 46 46 40 44 43 47 45 43 40 42 44 42 49 46 45 46 40 45 49 47 45 43 48 42 43 42 43 48 
40 40 43 46 40 42 45 41 41 42 39 41 43 39 44 47 45 41 43 42 44 47 45 44 43 42 41 40 47 44 44 43 42 39 42 46 42 50 46 42 43 0 44 45 44 39 43 42 45 48 42 41 40 42 42 45 43 44 45 40 45 48 46 43 42 46 43 48 41 41 47 
41 44 40 42 43 44 46 46 47 47 46 48 49 45 47 49 47 42 44 45 48 47 47 44 40 42 46 45 46 42 45 44 49 48 41 46 47 45 46 49 46 44 0 42 38 44 49 46 45 44 42 45 43 46 52 49 47 40 47 51 51 47 42 41 40 44 49 51 45 43 49 
42 44 40 42 43 48 45 42 47 47 46 48 49 45 47 49 46 42 44 49 52 51 43 40 40 43 47 45 46 41 45 43 49 45 41 46 47 49 46 49 46 45 42 0 42 44 48 46 44 44 42 45 43 46 48 52 48 40 47 47 51 47 42 41 41 39 53 51 45 43 48 
43 43 39 42 42 44 45 46 46 46 45 51 49 44 46 48 46 41 47 44 51 47 47 40 40 42 46 44 45 41 44 43 48 44 44 45 47 45 46 48 46 44 38 42 0 43 44 49 48 44 45 48 42 45 47 48 47 40 47 46 54 47 42 44 40 40 49 50 44 42 48 
44 41 42 42 38 46 46 45 43 44 40 42 45 40 46 45 46 40 40 40 45 48 45 44 42 40 41 41 44 44 45 43 43 39 41 43 48 51 47 43 40 39 44 44 43 0 48 47 46 45 40 43 40 44 48 46 42 43 46 42 47 49 46 43 41 46 44 46 42 42 47 
45 40 43 40 47 39 44 41 41 40 44 48 44 42 40 43 40 43 42 46 42 42 41 43 45 46 46 41 39 41 38 39 47 44 42 40 45 41 41 44 44 43 49 48 44 48 0 40 44 39 45 46 42 39 43 41 48 46 40 43 45 43 43 42 43 49 45 45 40 40 42 
46 44 44 45 43 39 42 41 39 42 47 42 42 45 40 41 42 43 41 46 40 43 43 45 45 46 49 40 39 43 44 41 45 43 43 38 43 44 43 42 43 42 46 46 49 47 40 0 43 42 45 45 42 39 40 41 47 46 41 42 47 49 45 47 48 47 47 43 39 40 45 
47 42 43 41 45 41 39 42 44 43 47 47 51 45 46 49 40 44 44 48 44 44 39 42 45 47 48 44 41 40 40 40 49 46 46 42 44 39 40 47 47 45 45 44 48 46 44 43 0 39 46 47 43 46 49 43 50 50 41 46 51 41 41 41 44 44 48 48 43 42 40 
48 41 42 40 44 40 39 41 43 42 46 46 46 44 41 45 44 43 43 47 43 41 39 42 44 46 47 42 40 40 43 39 52 45 46 41 43 40 40 46 45 48 44 44 44 45 39 42 39 0 45 46 42 41 44 46 49 45 41 45 46 46 41 41 43 44 47 47 42 40 41 
49 43 41 42 44 44 46 42 45 46 42 45 47 42 51 47 47 39 42 45 47 52 45 43 40 39 42 47 46 47 45 44 45 41 41 45 49 47 47 46 43 42 42 42 45 40 45 45 46 45 0 41 41 45 46 48 44 44 47 44 49 49 45 42 40 44 47 52 44 42 47 
50 43 44 44 40 48 51 43 44 45 40 42 49 45 47 46 48 41 42 39 46 50 47 49 43 40 39 43 46 46 46 45 42 39 43 45 45 49 52 44 40 41 45 45 48 43 46 45 47 46 41 0 42 49 45 51 44 44 52 42 48 51 47 45 42 47 44 49 44 44 49 
51 40 41 40 40 41 44 39 42 42 41 43 44 40 44 44 44 39 39 42 44 46 43 42 42 42 43 40 42 42 42 41 48 40 40 42 47 45 45 44 42 40 43 43 42 40 42 42 43 42 41 42 0 42 43 45 44 42 48 42 46 50 44 41 40 44 44 49 44 40 45 
52 40 44 45 44 43 41 42 40 39 44 43 43 42 39 41 41 44 42 46 40 46 46 48 46 46 46 40 42 43 40 41 46 44 47 38 40 43 42 43 44 42 46 46 45 44 39 39 46 41 45 49 42 0 41 40 47 47 40 42 43 44 48 43 44 51 44 44 39 41 44 
53 42 46 44 44 42 44 43 39 44 43 41 39 41 42 39 44 45 42 46 40 46 46 47 47 47 45 41 42 46 43 44 43 44 45 41 39 46 45 40 42 42 52 48 47 48 43 40 49 44 46 45 43 41 0 41 46 48 43 44 41 51 47 46 46 49 40 40 41 47 47 
54 43 46 44 46 42 42 44 41 40 46 44 46 44 39 41 41 50 44 48 39 43 44 50 48 49 48 42 40 49 42 43 51 46 49 41 40 44 42 44 49 45 49 52 48 46 41 41 43 46 48 51 45 40 41 0 53 53 40 44 46 44 46 45 46 49 44 44 42 43 45 
55 45 50 47 43 47 50 45 46 47 41 43 46 43 49 47 54 44 44 40 48 52 53 48 49 43 39 45 48 48 49 48 42 41 46 47 47 55 51 44 46 43 47 48 47 42 48 47 50 49 44 44 44 47 46 53 0 50 50 43 49 53 50 51 45 49 45 46 49 46 52 
56 44 41 43 42 49 47 43 51 47 45 47 49 45 48 49 48 45 44 47 49 49 45 42 42 45 45 45 50 43 50 44 48 47 41 46 48 51 47 48 45 44 40 40 40 43 46 46 50 45 44 44 42 47 48 53 50 0 48 46 51 49 48 42 40 42 53 54 45 47 46 
57 43 46 43 46 42 40 44 43 41 47 46 45 45 39 43 38 46 44 49 45 40 46 49 47 49 52 43 40 43 44 42 48 51 45 41 42 41 40 45 46 45 47 47 47 46 40 41 41 41 47 52 48 40 43 40 50 48 0 45 44 46 44 44 46 47 50 46 46 43 43 
58 45 45 44 42 42 45 42 40 42 40 43 40 43 44 42 49 43 41 43 42 47 46 47 46 44 42 40 43 46 44 44 41 41 44 42 41 47 47 39 40 40 51 47 46 42 43 42 46 45 44 42 42 42 44 44 43 46 45 0 47 49 47 45 44 49 40 41 45 43 48 
59 45 49 47 47 45 50 46 46 46 46 43 44 44 43 40 49 48 45 53 41 51 52 50 50 53 47 44 44 48 49 46 45 47 48 43 41 52 47 42 45 45 51 51 54 47 45 47 51 46 49 48 46 43 41 46 49 51 44 47 0 49 50 48 49 52 41 40 48 46 53 
60 46 46 44 48 44 41 46 46 45 50 50 49 48 43 47 41 47 47 51 46 40 42 45 48 50 55 46 47 47 42 43 52 49 50 45 50 40 40 49 49 48 47 47 47 49 43 49 41 46 49 51 50 44 51 44 53 49 46 49 49 0 43 44 47 47 50 50 45 45 40 
61 44 42 41 45 43 46 47 46 46 51 49 53 46 45 48 43 44 45 48 47 43 40 40 44 46 49 45 44 40 42 42 50 47 42 48 46 45 42 49 47 46 42 42 42 46 43 45 41 41 45 47 44 48 47 46 50 48 44 47 50 43 0 40 43 42 53 54 44 43 40 
62 42 39 43 42 42 42 40 48 44 45 50 47 43 44 46 44 41 42 45 45 44 44 39 45 44 46 43 43 39 42 40 48 44 39 43 49 42 43 47 45 43 41 41 44 43 42 47 41 41 42 45 41 43 46 45 51 42 44 45 48 44 40 0 44 42 47 48 42 40 42 
63 42 43 41 40 46 48 44 44 45 43 45 47 42 45 47 45 39 41 43 46 50 43 41 39 41 44 46 44 41 44 42 46 42 39 43 45 45 45 50 43 42 40 41 40 41 43 48 44 43 40 42 40 44 46 46 45 40 46 44 49 47 43 44 0 46 47 48 46 45 45 
64 46 45 43 45 45 49 44 48 48 48 49 55 51 48 50 47 43 45 51 49 47 43 40 42 45 48 46 50 42 45 44 51 46 42 47 49 45 46 50 48 46 44 39 40 46 49 47 44 44 44 47 44 51 49 49 49 42 47 49 52 47 42 42 46 0 51 52 46 44 44 
65 43 51 46 45 44 51 45 41 42 42 40 39 42 48 41 46 46 43 46 46 48 48 49 52 47 44 42 48 48 49 46 41 44 46 43 41 49 48 39 42 43 49 53 49 44 45 47 48 47 47 44 44 44 40 44 45 53 50 40 41 50 53 47 47 51 0 39 43 45 50 
66 48 49 47 46 45 47 46 42 43 44 45 39 43 44 40 46 47 48 47 42 52 49 50 49 48 45 43 48 52 46 46 42 49 47 44 46 49 48 44 43 48 51 51 50 46 45 43 48 47 52 49 49 44 40 44 46 54 46 41 40 50 54 48 48 52 39 0 44 49 50 
67 39 43 41 46 39 42 40 39 40 42 42 42 40 41 42 46 42 40 48 41 44 43 44 44 45 44 39 40 43 41 41 44 42 46 39 40 44 43 46 42 41 45 45 44 42 40 39 43 42 44 44 44 39 41 42 49 45 46 45 48 45 44 42 46 46 43 44 0 40 45 
68 39 41 39 41 43 45 39 41 41 43 48 44 41 46 44 42 41 44 44 43 44 41 42 43 44 44 40 45 41 40 39 46 46 40 40 46 47 43 44 43 41 43 43 42 42 40 40 42 40 42 44 40 41 47 43 46 47 43 43 46 45 43 40 45 44 45 49 40 0 47 
69 44 44 46 51 47 44 44 46 49 49 49 49 47 48 47 42 49 46 50 46 41 40 42 46 48 50 45 47 45 42 42 55 48 44 44 46 39 44 53 48 47 49 48 48 47 42 45 40 41 47 49 45 44 47 45 52 46 43 48 53 40 40 42 45 44 50 50 45 47 0 

;param d[*,*]
: 0 1 2 3 4 5 6 7 8 9 10 11 12 13 14 15 16 17 18 19 20 21 22 23 24 25 26 27 28 29 30 31 32 33 34 35 36 37 38 39 40 41 42 43 44 45 46 47 48 49 50 51 52 53 54 55 56 57 58 59 60 61 62 63 64 65 66 67 68 69:=
0 0.0 0 0 0 0.43 0 0 0 1.9 0 1.6 1.13 0.47 2.79 1.06 1.66 0.74 0.75 0 0.38 0 2.54 1.17 1.21 0 1.29 0 1.51 2.26 0 0.23 1.45 0.37 1.6 0.62 2.28 2.03 1.97 1.6 0.37 0.86 1.41 3.39 0.52 0 0.23 0 0 0.78 0.47 0 0.18 0.55 2.79 2.54 0 0.62 1.09 0 1.49 0 3.2 1.36 2.79 2.65 0.52 0 0.31 0.12 0 
1 0 0.0 0.23 2.16 0.43 0.55 0.63 0 3.76 0.62 0.78 0 1.91 0 0 0.67 0 0 0 4.42 0.73 0 0 0.74 0.98 3.95 2.82 0.58 0.23 0 0 0 0.52 0.75 3.11 0 3.2 3.58 1.96 0 2.73 0.43 0.17 0.56 2.45 0 2.16 2.63 1.02 1.69 1.33 1.11 3.29 1.88 0.8 0 0 0.72 1.64 3.88 4.23 0.35 0.49 0 0 0 2.39 2.82 0.32 0 
2 0 0.23 0.0 0 1.52 0 0 3.42 1.02 2.09 0 2.65 2.35 0 2.46 1.02 2.28 0.7 0 2.09 1.97 0 0.99 1.54 4.18 0 0 2.53 0.39 0.63 0 0.83 0 0.62 1.17 3.8 0 0 3.86 0 0 0.42 1.48 0 1.02 1.77 0 0.66 0.22 1.6 0 0 0 1.41 3.2 0 3.8 1.79 1.33 6.33 0.58 0.78 0 0.99 1.79 4.33 6.33 2.28 0.12 0 
3 0 2.16 0 0.0 0.43 0 0.27 0 4.31 0.23 2.63 2.4 0.92 0.7 0 1.8 0.55 1.13 0.99 2.53 0 0 0 0.32 0.55 0 1.88 4.43 3.01 2.22 0 1.25 0.31 0.99 2.73 2.09 2.96 0 0.55 0 0 0.48 1.91 2.45 0.18 0 1.17 1.6 0 0 0.74 0.39 4.18 1.41 5.83 1.06 2.35 0 0.94 3.2 0.99 3.86 2.45 0.25 0 0.63 0.75 0 0.78 0 
4 0.43 0.43 1.52 0.43 0.0 0 0.47 1.9 0.23 1.17 0 1.21 2.28 0.28 2.54 0 2.26 0.92 2.53 0.82 1.79 1.36 3.67 0 1.49 0 1.39 1.27 2.66 0.68 0 4.05 0 0 0.89 0 0 0 2.92 2.73 1.98 3.48 0 1.29 0 0.12 0.15 0.33 0.55 2.03 0 2.03 0 1.48 0.37 0 0 0.35 1.54 4.81 2.22 0.5 1.29 0 3.95 3.29 1.49 0.27 0 0 
5 0 0.55 0 0 0 0.0 1.6 0.5 0.98 1.88 4.52 0.75 2.22 0 1.45 0 4.69 0 0 0 0.74 0.8 1.79 2.71 3.26 0 0.48 0 0.78 0.23 0.8 1.0 1.8 1.85 0.33 0 0.39 0 0 0 2.4 2.65 3.76 1.52 0 0 0 0 0.43 1.8 0 0 0 1.45 1.48 1.12 6.21 0.74 2.59 0 0.3 0 0.98 0 0 0 6.59 0 0 0 
6 0 0.63 0 0.27 0.47 1.6 0.0 0.38 1.48 0.98 3.01 0 1.05 0.48 4.69 0 0.47 0.39 0.53 1.97 0 0.38 0 2.79 0.45 0 0.23 0.86 0.3 1.23 1.13 0 0 0.75 1.11 1.06 0 2.03 0.57 1.02 0.63 0 2.45 0 0 1.05 0.32 1.54 1.17 2.66 1.72 0.56 0.35 1.91 0.57 0 3.55 0.53 0.43 1.84 0 0 0.23 0 2.09 3.67 5.57 0.55 0.31 0 
7 0 0 3.42 0 1.9 0.5 0.38 0.0 0.89 1.54 1.11 1.41 0.25 0.74 0.22 1.72 0 1.11 0 0 2.4 3.48 5.57 5.57 0.72 0 0 1.51 3.48 0 3.17 0 1.09 2.92 0.17 0.47 2.46 2.22 0.63 0 2.53 0.83 0 0 1.79 0.78 0.13 2.16 1.13 3.67 0.58 2.91 1.13 0.75 2.41 0.73 0 1.66 0 0 2.96 0.77 0 0.6 5.36 1.88 2.91 0.35 1.23 2.83 
8 1.9 3.76 1.02 4.31 0.23 0.98 1.48 0.89 0.0 0.53 0 0 1.23 0.47 0.8 0 0 0.86 0 0.66 0 0.55 2.65 5.95 0.8 1.64 1.32 0 0 0 2.79 0 2.03 2.03 0.66 0.47 0 0 0 2.73 1.54 0.85 1.96 1.8 0 1.41 0 1.85 1.54 0.72 0.68 3.29 0.89 0 0.74 0 6.59 0.33 0 0 2.53 0.72 3.29 3.58 2.19 1.54 1.06 0.62 1.88 0 
9 0 0.62 2.09 0.23 1.17 1.88 0.98 1.54 0.53 0.0 0 1.13 0 0 4.56 0.83 0.9 0.99 0 2.28 0 0 2.83 0 0 0 1.17 0 0 2.59 0 1.05 0.43 1.17 0.5 0 0 3.39 1.36 0.25 0.55 2.71 0 0.68 0.74 2.28 0 0 0.72 1.54 0.18 0.33 0 2.73 0 0 0 0 0 5.57 0 0 0.65 1.13 0.92 1.6 2.03 1.54 1.09 1.0 
10 1.6 0.78 0 2.63 0 4.52 3.01 1.11 0 0 0.0 0.25 1.41 0 0.9 1.84 1.37 0.38 0.53 2.63 2.27 2.07 5.08 5.95 5.07 0.38 0 0.58 4.71 2.53 2.46 0.22 1.36 2.4 0.45 0.35 0 3.33 0.66 1.04 0 2.19 2.23 0 0.43 0 0 0.85 0 0.65 0.43 2.73 1.91 2.15 2.22 0 6.72 4.33 0 1.17 2.58 3.7 0 5.19 0 0.94 0 0.4 0 5.83 
11 1.13 0 2.65 2.4 1.21 0.75 0 1.41 0 1.13 0.25 0.0 0.94 1.17 0.39 0 5.57 0.5 5.83 1.69 6.59 0.89 7.48 3.51 0 1.49 0 1.21 4.89 0.65 5.07 1.6 3.29 5.83 3.17 1.9 0.92 1.96 0.31 2.35 1.79 2.5 2.5 3.7 3.58 4.43 0.9 0 0.73 4.71 0 4.56 1.66 0.13 0 4.23 5.93 4.94 0.59 0 5.74 0 1.99 1.92 0 0.66 0.43 0.98 4.56 7.73 
12 0.47 1.91 2.35 0.92 2.28 2.22 1.05 0.25 1.23 0 1.41 0.94 0.0 0 2.54 1.49 1.88 0.27 1.6 1.66 0 2.4 0 0.55 3.67 1.36 0.27 3.29 0 1.85 0 0.42 0 0.9 1.69 1.23 0 0 0.74 0 0 2.53 2.59 3.48 0 1.54 0 2.4 0 0.43 0 0.51 0.38 2.53 4.18 1.91 1.49 1.49 0 3.48 0.92 0.75 0 2.35 0 0.4 1.85 0.8 0 3.02 
13 2.79 0 0 0.7 0.28 0 0.48 0.74 0.47 0 0 1.17 0 0.0 2.79 0.68 5.19 0.5 0.95 1.22 0.35 1.72 2.59 0 0 0.89 2.91 0.89 3.11 0 0 4.8 0 1.41 0.51 0.63 0.43 0.78 1.33 0 4.43 2.07 0.85 2.96 1.68 1.22 0.22 0 0.74 0 0.85 0.55 0.13 0.38 0.89 3.82 7.1 0 0 3.8 0 4.81 3.29 5.32 0 0 4.69 2.28 0 0 
14 1.06 0 2.46 0 2.54 1.45 4.69 0.22 0.8 4.56 0.9 0.39 2.54 2.79 0.0 4.18 4.33 1.21 6.72 0 1.68 5.95 7.1 2.27 5.27 0 0 0 4.61 0 0.6 4.56 3.76 5.7 2.53 0.85 5.95 0 0.28 1.25 0 2.5 5.93 5.55 3.86 3.67 2.28 0 1.49 0.89 2.9 1.45 1.23 0.43 2.03 2.07 2.5 2.82 2.79 0.17 4.99 7.22 1.88 1.92 6.59 0.66 1.9 0.37 1.29 5.08 
15 1.66 0.67 1.02 1.8 0 0 0 1.72 0 0.83 1.84 0 1.49 0.68 4.18 0.0 1.64 0 1.02 0 0.62 0 0 3.14 3.57 0 1.85 0 0 0 1.17 0 3.02 0.6 1.23 1.6 0 0 0 2.96 0 4.71 2.96 4.33 1.84 0.8 0.82 0.92 0 4.8 3.45 0.6 0.27 1.29 0 0 0.94 0.25 0 0 0.78 1.91 1.25 1.64 0 2.9 1.88 0 0 0 
16 0.74 0 2.28 0.55 2.26 4.69 0.47 0 0 0.9 1.37 5.57 1.88 5.19 4.33 1.64 0.0 1.77 0.9 5.32 0 4.05 0.9 0.2 0 1.09 0 4.31 0 0 3.04 3.86 0.66 0.75 3.67 3.39 2.59 2.71 3.67 0.42 0.27 0 0.37 1.6 0 2.73 1.85 1.37 3.8 0.55 1.23 0.75 4.18 3.67 0 0.58 0 4.14 2.82 0.94 3.26 1.29 0.7 0.37 1.21 2.71 6.33 3.04 0.66 0 
17 0.75 0 0.7 1.13 0.92 0 0.39 1.11 0.86 0.99 0.38 0.5 0.27 0.5 1.21 0 1.77 0.0 1.6 1.13 0 0 1.91 0.45 3.29 1.54 0 0.4 1.09 0 0 1.25 0 0 0.66 2.79 0 0 2.45 0 0 0.57 3.2 0 0 0.37 1.69 0.55 0 1.98 1.29 0.1 1.29 2.35 3.2 0.57 4.18 0 0.66 0.7 0.83 0.63 0.94 2.41 2.59 1.21 0 0.47 0 0 
18 0 0 0 0.99 2.53 0 0.53 0 0 0 0.53 5.83 1.6 0.95 6.72 1.02 0.9 1.6 0.0 2.07 4.31 0 0 1.72 0.51 0 0 0 1.84 2.03 2.77 1.79 0 0.52 0.73 0 2.5 0 0 0 0.82 3.67 0 0 0.86 2.96 0 2.23 0 0 0.1 1.02 0 2.83 3.63 0 0 3.88 0.52 0 4.62 0.94 0.68 1.72 0 2.65 1.96 0 0 4.07 
19 0.38 4.42 2.09 2.53 0.82 0 1.97 0 0.66 2.28 2.63 1.69 1.66 1.22 0 0 5.32 1.13 2.07 0.0 0 3.67 0.83 0 6.97 0.78 1.29 1.9 0.68 0.4 0.48 0 0 2.46 0.23 0 0 0 1.42 0.57 3.01 0 0 0 2.53 0.82 0.47 1.37 1.17 0.83 0 0.57 0.2 1.04 0.49 0.94 7.6 0 2.35 0.66 0.73 3.02 0.7 4.23 0 0 3.04 2.28 1.09 0.75 
20 0 0.73 1.97 0 1.79 0.74 0 2.4 0 0 2.27 6.59 0 0.35 1.68 0.62 0 0 4.31 0 0.0 0.86 0 7.1 2.54 4.31 2.46 1.36 1.21 0.3 0 2.78 3.57 0.7 1.17 0 0 0.23 3.39 0 1.96 2.11 0 4.71 0 0 0.52 0 0 0 0 0 0 5.57 0 1.32 1.02 0.51 0 0 0.39 1.91 1.41 0 1.99 2.27 0 0.58 0 0 
21 2.54 0 0 0 1.36 0.8 0.38 3.48 0.55 0 2.07 0.89 2.4 1.72 5.95 0 4.05 0 0 3.67 0.86 0.0 0 1.41 0.78 0.95 2.03 2.16 0 0 0 0 0 1.48 3.42 4.81 0 0 4.99 4.61 0 0 0 0 0 0.7 2.73 0.1 0.13 1.56 0.85 2.82 0 2.77 0.6 0 4.94 0 2.9 0 0 0 0 3.67 0 0.95 5.65 1.13 1.23 0 
22 1.17 0 0.99 0 3.67 1.79 0 5.57 2.65 2.83 5.08 7.48 0 2.59 7.1 0 0.9 1.91 0 0.83 0 0 0.0 2.66 0.58 0 0 4.43 0 0.48 1.29 2.46 1.56 0 3.39 1.84 0 1.33 0 0.78 2.28 0 0.43 0.43 0 1.79 1.49 0.94 1.42 0.47 0 1.6 0 3.2 0 0 2.91 0 0.82 6.3 2.4 0.74 0 2.28 0.8 5.74 2.58 1.33 0 0 
23 1.21 0.74 1.54 0.32 0 2.71 2.79 5.57 5.95 0 5.95 3.51 0.55 0 2.27 3.14 0.2 0.45 1.72 0 7.1 1.41 2.66 0.0 0 0.6 0.57 5.57 1.02 5.19 4.05 6.59 0.45 0.25 3.76 6.21 1.8 1.96 3.2 0 0.48 0.68 0.86 0.39 0.86 4.94 5.32 5.19 3.48 1.27 1.09 2.66 4.14 6.59 2.23 0 0 0.9 5.45 4.25 3.57 1.29 0 1.14 2.16 0 5.93 1.41 3.42 5.7 
24 0 0.98 4.18 0.55 1.49 3.26 0.45 0.72 0.8 0 5.07 0 3.67 0 5.27 3.57 0 3.29 0.51 6.97 2.54 0.78 0.58 0 0.0 0 2.09 6.08 4.81 1.88 0 1.56 0 0.9 0 6.08 3.51 3.63 5.83 1.72 2.26 0.43 1.85 1.54 0 2.71 5.57 4.8 0.77 0.89 0.92 1.36 5.95 1.96 1.0 0 0 3.7 1.45 0 2.7 1.84 1.97 2.28 3.58 1.96 2.23 2.34 0.53 2.27 
25 1.29 3.95 0 0 0 0 0 0 1.64 0 0.38 1.49 1.36 0.89 0 0 1.09 1.54 0 0.78 4.31 0.95 0 0.6 0 0.0 0 0 0 3.14 0 0.3 0 0.6 2.46 0.67 0 4.0 0 0 1.17 1.84 0 0 0 0 0 0 3.26 1.6 0 1.06 2.77 2.34 0.92 0.35 1.56 0 0.9 2.07 0 0 2.77 2.09 5.55 0.55 5.07 0 1.45 2.66 
26 0 2.82 0 1.88 1.39 0.48 0.23 0 1.32 1.17 0 0 0.27 2.91 0 1.85 0 0 0 1.29 2.46 2.03 0 0.57 2.09 0 0.0 0.7 2.82 0.86 1.88 0.52 0 0.86 0 1.32 0 1.41 1.23 1.05 1.04 0.68 1.6 3.39 1.23 2.28 0.62 1.97 0.42 0 1.66 0 0.92 1.6 3.29 0 5.07 1.85 1.32 0.57 0.78 0.67 1.09 0 2.96 1.54 1.85 0.47 1.22 2.59 
27 1.51 0.58 2.53 4.43 1.27 0 0.86 1.51 0 0 0.58 1.21 3.29 0.89 0 0 4.31 0.4 0 1.9 1.36 2.16 4.43 5.57 6.08 0 0.7 0.0 3.29 0.49 0.55 4.52 0 1.13 0.89 0.99 1.48 1.17 0 2.22 0 0 0 0.68 0.6 0.76 0.49 1.17 0.55 2.65 0 1.02 0 2.91 1.22 0.95 0 0 1.17 1.29 0 1.29 2.63 4.43 0 0 0 1.52 0 0 
28 2.26 0.23 0.39 3.01 2.66 0.78 0.3 3.48 0 0 4.71 4.89 0 3.11 4.61 0 0 1.09 1.84 0.68 1.21 0 0 1.02 4.81 0 2.82 3.29 0.0 0.74 0.2 5.65 0 0 0.47 3.67 0 0 0.85 0.73 0 0 0 0.32 2.09 1.88 3.8 0.25 0.51 0 1.72 2.16 3.67 1.76 0 0 3.8 1.91 0.73 0.99 0 0.62 0 0.78 0 2.19 0 3.42 1.6 0 
29 0 0 0.63 2.22 0.68 0.23 1.23 0 0 2.59 2.53 0.65 1.85 0 0 0 0 0 2.03 0.4 0.3 0 0.48 5.19 1.88 3.14 0.86 0.49 0.74 0.0 0.35 0 0.67 0 0.55 1.48 0 0 0 0 0.53 2.53 0.63 2.22 0 0.25 0 0.43 0 3.86 1.84 1.02 0.74 1.21 0.82 3.7 0 0 0.6 0 0.98 0 0.86 1.97 1.64 0 2.83 0 0.59 0.86 
30 0.23 0 0 0 0 0.8 1.13 3.17 2.79 0 2.46 5.07 0 0 0.6 1.17 3.04 0 2.77 0.48 0 0 1.29 4.05 0 0 1.88 0.55 0.2 0.35 0.0 0 1.33 0 1.41 2.45 0.74 0.33 1.56 2.22 0 0 1.17 0 1.21 0.31 0.28 0.22 0.27 1.29 0.68 0 0.99 2.03 1.72 0 3.48 0.86 2.09 5.83 0 0 0.23 2.91 3.29 1.72 6.08 0.99 0.75 0.38 
31 1.45 0 0.83 1.25 4.05 1.0 0 0 0 1.05 0.22 1.6 0.42 4.8 4.56 0 3.86 1.25 1.79 0 2.78 0 2.46 6.59 1.56 0.3 0.52 4.52 5.65 0 0 0.0 0.4 2.9 0 2.16 1.15 0 1.11 0 2.45 2.39 1.07 3.57 0 0.82 0 3.88 0 0.7 0.42 0 2.71 3.8 0 1.29 5.27 2.31 0 2.46 0 6.59 0 5.95 4.44 0.74 3.29 1.41 4.05 0 
32 0.37 0.52 0 0.31 0 1.8 0 1.09 2.03 0.43 1.36 3.29 0 0 3.76 3.02 0.66 0 0 0 3.57 0 1.56 0.45 0 0 0 0 0 0.67 1.33 0.4 0.0 0 0.5 0 0 0 0 0.62 0.31 0 0.65 3.2 0.08 0 1.91 2.9 2.53 0 0 0 0.58 2.03 1.8 0.33 0 0 0.32 1.92 3.94 0.82 2.03 1.42 2.96 0.53 0 1.54 0 2.19 
33 1.6 0.75 0.62 0.99 0 1.85 0.75 2.92 2.03 1.17 2.4 5.83 0.9 1.41 5.7 0.6 0.75 0 0.52 2.46 0.7 1.48 0 0.25 0.9 0.6 0.86 1.13 0 0 0 2.9 0 0.0 0.43 0 2.03 2.22 0 1.21 1.98 1.69 1.69 0 0 2.26 0.47 0 0 0.27 1.79 0 0 3.76 0 0 2.53 1.52 0.57 7.1 0 0 0.15 0.37 2.45 1.84 2.07 0 0.74 0 
34 0.62 3.11 1.17 2.73 0.89 0.33 1.11 0.17 0.66 0.5 0.45 3.17 1.69 0.51 2.53 1.23 3.67 0.66 0.73 0.23 1.17 3.42 3.39 3.76 0 2.46 0 0.89 0.47 0.55 1.41 0 0.5 0.43 0.0 0.43 0 0 1.6 1.72 0 1.72 2.65 2.4 0.5 0.62 0.19 1.54 0.74 4.81 2.34 1.98 0.07 2.15 0.28 0.83 1.8 0 0.37 0.52 2.34 0 3.55 2.92 4.61 1.85 4.05 0.63 1.65 0 
35 2.28 0 3.8 2.09 0 0 1.06 0.47 0.47 0 0.35 1.9 1.23 0.63 0.85 1.6 3.39 2.79 0 0 0 4.81 1.84 6.21 6.08 0.67 1.32 0.99 3.67 1.48 2.45 2.16 0 0 0.43 0.0 1.56 0.58 0 2.45 2.35 3.33 0.89 4.61 0 0 0 0 0.48 0 0.67 0 0.47 0.43 1.9 1.92 0.92 0.42 0 1.88 0 1.84 0 1.56 0 0 0 0.47 0 0 
36 2.03 3.2 0 2.96 0 0.39 0 2.46 0 0 0 0.92 0 0.43 5.95 0 2.59 0 2.5 0 0 0 0 1.8 3.51 0 0 1.48 0 0 0.74 1.15 0 2.03 0 1.56 0.0 0 5.27 3.39 0 0.7 0 2.4 0 1.23 0 0.37 0.74 6.33 0 1.49 0 2.9 1.29 0 0 0.78 4.8 0 0.68 0 1.02 4.94 0 0 3.82 0 0 0.43 
37 1.97 3.58 0 0 0 0 2.03 2.22 0 3.39 3.33 1.96 0 0.78 0 0 2.71 0 0 0 0.23 0 1.33 1.96 3.63 4.0 1.41 1.17 0 0 0.33 0 0 2.22 0 0.58 0 0.0 4.89 0.9 0.77 0.8 0 0 1.99 0.7 1.09 0 0.8 6.72 0 0 0.9 0.7 1.6 0 5.08 0.22 0.82 3.08 0.68 0.42 1.85 5.32 0 5.18 3.51 0 1.72 0 
38 1.6 1.96 3.86 0.55 2.92 0 0.57 0.63 0 1.36 0.66 0.31 0.74 1.33 0.28 0 3.67 2.45 0 1.42 3.39 4.99 0 3.2 5.83 0 1.23 0 0.85 0 1.56 1.11 0 0 1.6 0 5.27 4.89 0.0 0.3 2.16 0 5.74 5.27 1.21 3.39 0.4 1.99 0 5.57 1.29 3.01 1.09 1.52 0.53 0 0.95 3.95 0 0.38 3.94 0 4.61 0 1.14 0 0 0 2.09 0 
39 0.37 0 0 0 2.73 0 1.02 0 2.73 0.25 1.04 2.35 0 0 1.25 2.96 0.42 0 0 0.57 0 4.61 0.78 0 1.72 0 1.05 2.22 0.73 0 2.22 0 0.62 1.21 1.72 2.45 3.39 0.9 0.3 0.0 0 1.8 4.52 0 0.59 3.39 0.45 0 3.95 0.47 0.92 1.29 3.01 1.54 0 0 1.64 4.52 0.39 3.76 4.0 0.9 2.46 1.91 2.23 0.86 3.67 0 0 3.63 
40 0.86 2.73 0 0 1.98 2.4 0.63 2.53 1.54 0.55 0 1.79 0 4.43 0 0 0.27 0 0.82 3.01 1.96 0 2.28 0.48 2.26 1.17 1.04 0 0 0.53 0 2.45 0.31 1.98 0 2.35 0 0.77 2.16 0 0.0 3.48 0.65 1.33 0 2.63 2.79 1.56 0 2.66 0.99 1.04 0.43 0.42 0.63 0 4.31 0.68 0.55 5.32 0.95 0 0 0.86 1.84 0 0 2.15 1.69 1.96 
41 1.41 0.43 0.42 0.48 3.48 2.65 0 0.83 0.85 2.71 2.19 2.5 2.53 2.07 2.5 4.71 0 0.57 3.67 0 2.11 0 0 0.68 0.43 1.84 0.68 0 0 2.53 0 2.39 0 1.69 1.72 3.33 0.7 0.8 0 1.8 3.48 0.0 0 0.07 1.25 0 0 3.58 2.22 0.35 1.52 1.06 1.8 0 3.7 2.07 0 0.89 0 1.24 4.99 0.43 0.7 1.41 0 2.54 1.19 1.6 1.17 0 
42 3.39 0.17 1.48 1.91 0 3.76 2.45 0 1.96 0 2.23 2.5 2.59 0.85 5.93 2.96 0.37 3.2 0 0 0 0 0.43 0.86 1.85 0 1.6 0 0 0.63 1.17 1.07 0.65 1.69 2.65 0.89 0 0 5.74 4.52 0.65 0 0.0 0 0 0 4.23 1.37 3.11 2.26 0 2.63 4.23 0.97 0 2.19 0.23 4.8 4.89 2.89 4.71 0.86 0.63 1.51 0.35 0 6.68 2.53 1.13 0 
43 0.52 0.56 0 2.45 1.29 1.52 0 0 1.8 0.68 0 3.7 3.48 2.96 5.55 4.33 1.6 0 0 0 4.71 0 0.43 0.39 1.54 0 3.39 0.68 0.32 2.22 0 3.57 3.2 0 2.4 4.61 2.4 0 5.27 0 1.33 0.07 0 0.0 0.48 3.29 0 0 3.01 0 0 2.16 0 3.33 0.92 4.8 0.43 0 4.42 0 4.71 0 0 0.18 0.23 0 4.13 1.45 2.45 0 
44 0 2.45 1.02 0.18 0 0 0 1.79 0 0.74 0.43 3.58 0 1.68 3.86 1.84 0 0 0.86 2.53 0 0 0 0.86 0 0 1.23 0.6 2.09 0 1.21 0 0.08 0 0.5 0 0 1.99 1.21 0.59 0 1.25 0 0.48 0.0 0 0 0.72 0 0.8 0 0.74 0 0 2.83 0.94 0 1.88 1.36 4.8 0 2.71 0 1.11 1.68 0 5.45 1.48 0 0 
45 0.23 0 1.77 0 0.12 0 1.05 0.78 1.41 2.28 0 4.43 1.54 1.22 3.67 0.8 2.73 0.37 2.96 0.82 0 0.7 1.79 4.94 2.71 0 2.28 0.76 1.88 0.25 0.31 0.82 0 2.26 0.62 0 1.23 0.7 3.39 3.39 2.63 0 0 3.29 0 0.0 1.13 0 0 4.81 0 0.86 0.13 2.54 0.33 3.45 2.71 0.59 2.92 4.94 0 3.42 2.07 1.85 0 0 1.64 0.8 1.13 0 
46 0 2.16 0 1.17 0.15 0 0.32 0.13 0 0 0 0.9 0 0.22 2.28 0.82 1.85 1.69 0 0.47 0.52 2.73 1.49 5.32 5.57 0 0.62 0.49 3.8 0 0.28 0 1.91 0.47 0.19 0 0 1.09 0.4 0.45 2.79 0 4.23 0 0 1.13 0.0 1.66 0.82 3.67 0.63 2.79 0.47 0.59 0.99 1.92 2.96 1.23 1.98 0 0 1.52 0 0 4.8 0 2.82 0.56 0.25 0 
47 0 2.63 0.66 1.6 0.33 0 1.54 2.16 1.85 0 0.85 0 2.4 0 0 0.92 1.37 0.55 2.23 1.37 0 0.1 0.94 5.19 4.8 0 1.97 1.17 0.25 0.43 0.22 3.88 2.9 0 1.54 0 0.37 0 1.99 0 1.56 3.58 1.37 0 0.72 0 1.66 0.0 0 5.57 2.07 1.91 0 0 1.91 1.14 0 1.17 4.33 0 1.05 0.99 0.78 3.11 0 0.92 7.22 1.66 1.29 0.68 
48 0.78 1.02 0.22 0 0.55 0.43 1.17 1.13 1.54 0.72 0 0.73 0 0.74 1.49 0 3.8 0 0 1.17 0 0.13 1.42 3.48 0.77 3.26 0.42 0.55 0.51 0 0.27 0 2.53 0 0.74 0.48 0.74 0.8 0 3.95 0 2.22 3.11 3.01 0 0 0.82 0 0.0 2.4 2.96 1.6 0 4.56 0 0 1.64 0 2.4 1.88 0 1.17 1.11 1.13 2.22 4.61 3.14 0 0.25 0.66 
49 0.47 1.69 1.6 0 2.03 1.8 2.66 3.67 0.72 1.54 0.65 4.71 0.43 0 0.89 4.8 0.55 1.98 0 0.83 0 1.56 0.47 1.27 0.89 1.6 0 2.65 0 3.86 1.29 0.7 0 0.27 4.81 0 6.33 6.72 5.57 0.47 2.66 0.35 2.26 0 0.8 4.81 3.67 5.57 2.4 0.0 1.11 2.15 2.59 5.95 0.92 1.97 0 5.08 4.43 3.88 2.42 5.07 1.54 1.04 3.11 3.02 0 3.11 1.02 6.33 
50 0 1.33 0 0.74 0 0 1.72 0.58 0.68 0.18 0.43 0 0 0.85 2.9 3.45 1.23 1.29 0.1 0 0 0.85 0 1.09 0.92 0 1.66 0 1.72 1.84 0.68 0.42 0 1.79 2.34 0.67 0 0 1.29 0.92 0.99 1.52 0 0 0 0 0.63 2.07 2.96 1.11 0.0 0.86 0 1.56 0 0 1.25 0 1.54 5.18 0 0 0 0 1.99 0 0 2.03 1.97 2.42 
51 0.18 1.11 0 0.39 2.03 0 0.56 2.91 3.29 0.33 2.73 4.56 0.51 0.55 1.45 0.6 0.75 0.1 1.02 0.57 0 2.82 1.6 2.66 1.36 1.06 0 1.02 2.16 1.02 0 0 0 0 1.98 0 1.49 0 3.01 1.29 1.04 1.06 2.63 2.16 0.74 0.86 2.79 1.91 1.6 2.15 0.86 0.0 1.54 1.21 2.34 0.6 0.43 0 0 4.52 0 3.11 1.17 1.52 3.39 2.28 0 0 0.62 2.46 
52 0.55 3.29 0 4.18 0 0 0.35 1.13 0.89 0 1.91 1.66 0.38 0.13 1.23 0.27 4.18 1.29 0 0.2 0 0 0 4.14 5.95 2.77 0.92 0 3.67 0.74 0.99 2.71 0.58 0 0.07 0.47 0 0.9 1.09 3.01 0.43 1.8 4.23 0 0 0.13 0.47 0 0 2.59 0 1.54 0.0 2.41 0.8 0 0.82 0.92 2.45 0.5 2.16 0 0.5 1.33 0 0 2.09 0.85 0.27 0.57 
53 2.79 1.88 1.41 1.41 1.48 1.45 1.91 0.75 0 2.73 2.15 0.13 2.53 0.38 0.43 1.29 3.67 2.35 2.83 1.04 5.57 2.77 3.2 6.59 1.96 2.34 1.6 2.91 1.76 1.21 2.03 3.8 2.03 3.76 2.15 0.43 2.9 0.7 1.52 1.54 0.42 0 0.97 3.33 0 2.54 0.59 0 4.56 5.95 1.56 1.21 2.41 0.0 1.23 1.8 2.27 3.93 0 0.99 0 3.33 5.57 5.57 8.24 0.8 0.25 1.69 0 4.99 
54 2.54 0.8 3.2 5.83 0.37 1.48 0.57 2.41 0.74 0 2.22 0 4.18 0.89 2.03 0 0 3.2 3.63 0.49 0 0.6 0 2.23 1.0 0.92 3.29 1.22 0 0.82 1.72 0 1.8 0 0.28 1.9 1.29 1.6 0.53 0 0.63 3.7 0 0.92 2.83 0.33 0.99 1.91 0 0.92 0 2.34 0.8 1.23 0.0 0 0 0.23 2.03 0 0 0.77 3.95 0.8 5.93 2.03 3.01 2.79 1.85 0 
55 0 0 0 1.06 0 1.12 0 0.73 0 0 0 4.23 1.91 3.82 2.07 0 0.58 0.57 0 0.94 1.32 0 0 0 0 0.35 0 0.95 0 3.7 0 1.29 0.33 0 0.83 1.92 0 0 0 0 0 2.07 2.19 4.8 0.94 3.45 1.92 1.14 0 1.97 0 0.6 0 1.8 0 0.0 0 4.25 1.91 1.0 0 1.15 0 0.68 6.12 2.46 0.78 0 1.8 0 
56 0.62 0 3.8 2.35 0 6.21 3.55 0 6.59 0 6.72 5.93 1.49 7.1 2.5 0.94 0 4.18 0 7.6 1.02 4.94 2.91 0 0 1.56 5.07 0 3.8 0 3.48 5.27 0 2.53 1.8 0.92 0 5.08 0.95 1.64 4.31 0 0.23 0.43 0 2.71 2.96 0 1.64 0 1.25 0.43 0.82 2.27 0 0 0.0 3.63 6.08 4.56 7.73 0 3.04 1.77 0 0 0 3.95 0 4.52 
57 1.09 0.72 1.79 0 0.35 0.74 0.53 1.66 0.33 0 4.33 4.94 1.49 0 2.82 0.25 4.14 0 3.88 0 0.51 0 0 0.9 3.7 0 1.85 0 1.91 0 0.86 2.31 0 1.52 0 0.42 0.78 0.22 3.95 4.52 0.68 0.89 4.8 0 1.88 0.59 1.23 1.17 0 5.08 0 0 0.92 3.93 0.23 4.25 3.63 0.0 0 1.45 0 2.16 0 4.23 0 0 5.7 0 1.06 1.66 
58 0 1.64 1.33 0.94 1.54 2.59 0.43 0 0 0 0 0.59 0 0 2.79 0 2.82 0.66 0.52 2.35 0 2.9 0.82 5.45 1.45 0.9 1.32 1.17 0.73 0.6 2.09 0 0.32 0.57 0.37 0 4.8 0.82 0 0.39 0.55 0 4.89 4.42 1.36 2.92 1.98 4.33 2.4 4.43 1.54 0 2.45 0 2.03 1.91 6.08 0 0.0 0 0 5.08 3.86 3.39 2.35 0.23 2.53 0 1.06 3.45 
59 1.49 3.88 6.33 3.2 4.81 0 1.84 0 0 5.57 1.17 0 3.48 3.8 0.17 0 0.94 0.7 0 0.66 0 0 6.3 4.25 0 2.07 0.57 1.29 0.99 0 5.83 2.46 1.92 7.1 0.52 1.88 0 3.08 0.38 3.76 5.32 1.24 2.89 0 4.8 4.94 0 0 1.88 3.88 5.18 4.52 0.5 0.99 0 1.0 4.56 1.45 0 0.0 5.65 1.12 7.48 7.6 10.14 0.78 1.9 0 0.73 0 
60 0 4.23 0.58 0.99 2.22 0.3 0 2.96 2.53 0 2.58 5.74 0.92 0 4.99 0.78 3.26 0.83 4.62 0.73 0.39 0 2.4 3.57 2.7 0 0.78 0 0 0.98 0 0 3.94 0 2.34 0 0.68 0.68 3.94 4.0 0.95 4.99 4.71 4.71 0 0 0 1.05 0 2.42 0 0 2.16 0 0 0 7.73 0 0 5.65 0.0 0 2.28 0.85 0.82 4.13 1.14 2.59 2.34 0 
61 3.2 0.35 0.78 3.86 0.5 0 0 0.77 0.72 0 3.7 0 0.75 4.81 7.22 1.91 1.29 0.63 0.94 3.02 1.91 0 0.74 1.29 1.84 0 0.67 1.29 0.62 0 0 6.59 0.82 0 0 1.84 0 0.42 0 0.9 0 0.43 0.86 0 2.71 3.42 1.52 0.99 1.17 5.07 0 3.11 0 3.33 0.77 1.15 0 2.16 5.08 1.12 0 0.0 0 3.55 1.29 0 0 4.69 0.45 0.55 
62 1.36 0.49 0 2.45 1.29 0.98 0.23 0 3.29 0.65 0 1.99 0 3.29 1.88 1.25 0.7 0.94 0.68 0.7 1.41 0 0 0 1.97 2.77 1.09 2.63 0 0.86 0.23 0 2.03 0.15 3.55 0 1.02 1.85 4.61 2.46 0 0.7 0.63 0 0 2.07 0 0.78 1.11 1.54 0 1.17 0.5 5.57 3.95 0 3.04 0 3.86 7.48 2.28 0 0.0 0 0.35 3.26 7.35 1.02 0.92 0 
63 2.79 0 0.99 0.25 0 0 0 0.6 3.58 1.13 5.19 1.92 2.35 5.32 1.92 1.64 0.37 2.41 1.72 4.23 0 3.67 2.28 1.14 2.28 2.09 0 4.43 0.78 1.97 2.91 5.95 1.42 0.37 2.92 1.56 4.94 5.32 0 1.91 0.86 1.41 1.51 0.18 1.11 1.85 0 3.11 1.13 1.04 0 1.52 1.33 5.57 0.8 0.68 1.77 4.23 3.39 7.6 0.85 3.55 0 0.0 0 4.71 6.97 0 0 4.94 
64 2.65 0 1.79 0 3.95 0 2.09 5.36 2.19 0.92 0 0 0 0 6.59 0 1.21 2.59 0 0 1.99 0 0.8 2.16 3.58 5.55 2.96 0 0 1.64 3.29 4.44 2.96 2.45 4.61 0 0 0 1.14 2.23 1.84 0 0.35 0.23 1.68 0 4.8 0 2.22 3.11 1.99 3.39 0 8.24 5.93 6.12 0 0 2.35 10.14 0.82 1.29 0.35 0 0.0 0 3.09 0.78 2.22 1.37 
65 0.52 0 4.33 0.63 3.29 0 3.67 1.88 1.54 1.6 0.94 0.66 0.4 0 0.66 2.9 2.71 1.21 2.65 0 2.27 0.95 5.74 0 1.96 0.55 1.54 0 2.19 0 1.72 0.74 0.53 1.84 1.85 0 0 5.18 0 0.86 0 2.54 0 0 0 0 0 0.92 4.61 3.02 0 2.28 0 0.8 2.03 2.46 0 0 0.23 0.78 4.13 0 3.26 4.71 0 0.0 0.12 2.63 0.63 4.07 
66 0 2.39 6.33 0.75 1.49 6.59 5.57 2.91 1.06 2.03 0 0.43 1.85 4.69 1.9 1.88 6.33 0 1.96 3.04 0 5.65 2.58 5.93 2.23 5.07 1.85 0 0 2.83 6.08 3.29 0 2.07 4.05 0 3.82 3.51 0 3.67 0 1.19 6.68 4.13 5.45 1.64 2.82 7.22 3.14 0 0 0 2.09 0.25 3.01 0.78 0 5.7 2.53 1.9 1.14 0 7.35 6.97 3.09 0.12 0.0 0.53 0 4.19 
67 0.31 2.82 2.28 0 0.27 0 0.55 0.35 0.62 1.54 0.4 0.98 0.8 2.28 0.37 0 3.04 0.47 0 2.28 0.58 1.13 1.33 1.41 2.34 0 0.47 1.52 3.42 0 0.99 1.41 1.54 0 0.63 0.47 0 0 0 0 2.15 1.6 2.53 1.45 1.48 0.8 0.56 1.66 0 3.11 2.03 0 0.85 1.69 2.79 0 3.95 0 0 0 2.59 4.69 1.02 0 0.78 2.63 0.53 0.0 0.18 2.34 
68 0.12 0.32 0.12 0.78 0 0 0.31 1.23 1.88 1.09 0 4.56 0 0 1.29 0 0.66 0 0 1.09 0 1.23 0 3.42 0.53 1.45 1.22 0 1.6 0.59 0.75 4.05 0 0.74 1.65 0 0 1.72 2.09 0 1.69 1.17 1.13 2.45 0 1.13 0.25 1.29 0.25 1.02 1.97 0.62 0.27 0 1.85 1.8 0 1.06 1.06 0.73 2.34 0.45 0.92 0 2.22 0.63 0 0.18 0.0 0 
69 0 0 0 0 0 0 0 2.83 0 1.0 5.83 7.73 3.02 0 5.08 0 0 0 4.07 0.75 0 0 0 5.7 2.27 2.66 2.59 0 0 0.86 0.38 0 2.19 0 0 0 0.43 0 0 3.63 1.96 0 0 0 0 0 0 0.68 0.66 6.33 2.42 2.46 0.57 4.99 0 0 4.52 1.66 3.45 0 0 0.55 0 4.94 1.37 4.07 4.19 2.34 0 0.0 

;