set O:= 0;
set N:= 1 2 3 4 5 6 7 8 9 10 11 12 13 14 15 16 17 18 19 20 21 22 23 24 25 26 27 28 29 30 31 32 33 34 35 36 37 38 39 40 41 42 43 44 45 46 47 48 49 50 51 52 53 54 55 56 57 58 59 60 61 62 63 64 65 66 67 68 69 70 71 72 73 74 75;
set K:= 1 2 3 4 5;
param V:= 5;
param cp:= 280;
param dm:= 5.0;
param o:=
0 0
1 18
2 26
3 11
4 30
5 21
6 19
7 15
8 16
9 29
10 26
11 37
12 16
13 12
14 31
15 8
16 19
17 20
18 13
19 15
20 22
21 28
22 12
23 6
24 27
25 14
26 18
27 17
28 29
29 13
30 22
31 25
32 28
33 27
34 19
35 10
36 12
37 14
38 24
39 16
40 33
41 15
42 11
43 18
44 17
45 21
46 27
47 19
48 20
49 5
50 22
51 12
52 19
53 22
54 16
55 7
56 26
57 14
58 21
59 24
60 13
61 15
62 18
63 11
64 28
65 9
66 37
67 30
68 10
69 8
70 11
71 3
72 1
73 6
74 10
75 20
;
param c[*,*]
: 0 1 2 3 4 5 6 7 8 9 10 11 12 13 14 15 16 17 18 19 20 21 22 23 24 25 26 27 28 29 30 31 32 33 34 35 36 37 38 39 40 41 42 43 44 45 46 47 48 49 50 51 52 53 54 55 56 57 58 59 60 61 62 63 64 65 66 67 68 69 70 71 72 73 74 75:=
0 0 9 5 5 3 9 2 4 4188 8 23 13 5 6143 12 7539 9 1776 9 7 10 9749 22 14 9 37 1 18 8666 6 5 16 12 6138 6 5026 7328 7106 23 6 12 26 12999 14 6 4 3 8 22 11 9 3 5 7944 30 15 15 31 4 17 11 12277 32 7944 62 9 13 2 2 10 9 8660 4441 9 8 1 
1 9 0 6 6422 12 15 12 11 11168 13 13 19 45 12 19 18 5 9 11 13123 12 8 3 17 14 11727 10832 12 6 11 8 13 11 2889 9214 13 7550 8438 22 9 10471 8 5 2166 7259 12 39 10110 19 6499 19 26 9772 22 17 14 6 19 19 45 9992 9 12 3 6 12 28 10832 9 8 11 9 36 7 6499 33 
2 5 6 0 9 4333 8 3 9749 12 12277 14 31 9027 10 29 38 6499 13 16 25 11554 7 5777 18 11915 17 7 7222 14 23 3 23 11 3611 14 10832 11 12 14804 14 9 11 35 8 38 5055 8 25 9 19 14 6 8 16 49 23 10832 10471 25 18054 25 29 3 12 42 16609 18054 6499 3 9 49 11193 49 4 3 5 
3 5 6422 9 0 8 12 6 8 9493 8 7818 28 17 13 15 51 5 3350 4467 23 15 14 12 6 5 5 5584 9772 11554 10051 8 18 9 18 32 19 10658 14 12 5 3 10 35 7259 838 9 10 46 13 3 3350 6 9214 16 12844 30 28 16 13 38 26 14804 9388 5 16 13 18 7 11 11 52 15 7 7 45 6 
4 3 12 4333 8 0 6 3 4188 4 34 8 14 3997 5 39 7 35 7 11448 7 6439 16 10471 12 13 14 2443 2792 7583 3071 3 9548 9 7 1954 5 7 6 6883 6439 19 13360 13 24 8 2 3 11 16 24 10 3553 3 17 7 15 14 12 22 13721 7994 12 15 9 15165 7772 17 2 2 7 7550 8 6 8 6 4 
5 9 15 8 12 6 0 7259 17 28 54 10658 18 10051 6 17 2 13360 9 18 9 2665 4694 10471 32 30 18 16 4 29 7 3630 17 51 10832 11 9 9 2 10 12 10889 62 14443 28 15 3 7 2 1954 21 15 11 6 17 6701 37 17693 3350 37 17 8 8 36 13 15 11 18776 8 6 4 4 4 10 13 6 6143 
6 2 12 3 6 3 7259 0 7 13 28 7106 14 15 9 13360 8 5 4 18 18 9 10 9 7944 8 11 4 8 8 5584 3350 9 6 2889 10 9 7 7328 9 12 7 10 9388 8 5 9 6 6980 5305 7583 7818 1332 7 22 11 15 10110 18 7 21 11 10 6 5 49 8660 15887 4 4 8 10 8438 6 5 6 3 
7 4 11 9749 8 4188 17 7 0 1954 6980 20 17 5 7 4 7818 9 10 11 3 10889 53 15887 12285 13 11 3 18 53 8 6980 9 31 35 3 6 11168 10051 9 6 5584 17 16 14 8097 7 2 9772 32 44 20 6422 13 9 5305 25 14 7539 4 7 13402 18 13 11 20581 5584 6422 3 11 12844 25 13 5026 19 11193 4 
8 4188 11168 12 9493 4 28 13 1954 0 18 8 6 11 4 7 6 10 8 16 8 9 13 31 13123 15 47 16 3 13 5 6143 12 9214 18 8 6 12 10 6 8097 14 18 28 26 12 17 1 8376 6980 13 23 7259 1954 3 7 18 14519 11 7 7 11448 17 51 42 40 28 9 6 22 11 10610 14 9 20 12 9 
9 8 13 12277 8 34 54 28 6980 18 0 5 13 4 12 12999 28 26 4467 6 10331 17 22 16609 12 7 3 5305 11 19 11727 13 4747 1954 34 17 9 16 12213 6143 1117 2513 49 14 14 3350 10331 8 16 24 6980 6 11 11 42 14 7 14 17 5 15887 18 19 28 32 25 7259 24 6980 31 27 14 14 2513 39 59 7 
10 23 13 14 7818 8 10658 7106 20 8 5 0 6 3331 11 10 21 10 6 18 7818 26 38 19498 10436 11168 13 5 12 18054 36 36 4 6143 35 9 7 13 48 1554 2443 4 25 25 12 15 8 8 14 11 10 15 6439 35 6138 40 10 11769 10214 1 14 29 87 17 9104 26 2220 6 7 7 13767 13989 13989 6 9548 33 26 
11 13 19 31 28 14 18 14 17 6 13 6 0 11 10 5 15 15887 12 16609 20 11546 21 21303 41 19 17 8 11 75 16 14443 19 51 16609 6980 4188 14 14 4 36 21 29 29 43 55 12638 8 18 18 72 15 12999 15 3 7 65 91 14082 7 5 54 22 23 22 26 10 5 11 12999 13545 12879 53 9 17693 21 22 
12 5 45 9027 17 3997 10051 15 5 11 4 3331 11 0 9 39 42 29 3 7259 15 12 56 16 13 8097 6143 3 7259 13 8376 7 7 5 17 20 11 10 10 8 2 1 59 61 13360 5 14 5 10889 10 10 6 6 7 7222 9214 8655 17 42 2 53 24 20 12 36 18 7 22 6 4 10880 15 11324 2 40 22 12 
13 6143 12 10 13 5 6 9 7 4 12 11 10 9 0 6143 3071 11448 9 32 15 12 20 30 14 15 30 6422 1954 48 4 6 14240 13 13 5 6 15 22 19 12 9772 30 18 54 48 15 4 6 21 14 28 10 2 7 1954 17311 15636 2 10 8376 10 13721 51 11727 22 10 10331 5026 7 9 7539 9 40 20 9 6 
14 12 19 29 15 39 17 13360 4 7 12999 10 5 39 6143 0 11915 66 14 19137 3 12 16971 20220 26 81 16 8 7 71 12 14 12999 58 16248 5584 10 10436 9 7 14 12 29 91 85 59 10471 5026 16 17 21 34 17 11 5 4467 24 29 43 7944 4 47 20581 22 22 101 8 5416 9 15 48 22 13 10 17 31 10471 
15 7539 18 38 51 7 2 8 7818 6 28 21 15 42 3071 11915 0 19 12 34 7 2220 8 17 37 32 17 8376 3 13 3 5305 15 13681 26 5584 7259 4 2 10 43 14 18054 69 16609 52 3630 23 4188 4 74 15636 20 9 15 5 19 22 1117 9 14 18 11193 46 19 20 42 22 7 8 6 3553 4 12 51 9 7 
16 9 5 6499 5 35 13360 5 9 10 26 10 15887 29 11448 66 19 0 5055 26 11727 11 11554 10 5 4 31 8 9493 9 12 8666 36 19 12 8097 40 19 20 35 6 6 8 10 6138 4 42 17 16 10832 6 5584 12 9214 56 13 20 6 64 27 22 24 15 8 4 22 20 18054 8666 8 10 24 11 5995 19 17 14 
17 1776 9 13 3350 7 9 4 10 8 4467 6 12 3 9 14 12 5055 0 7259 10 11 13 45 11 7259 6980 2 7 20 9 6 14 4 6 6 6143 11 9 5773 4 1 15 12277 11 4 7 20 18 8 30 5863 2 12 36 38 19 11915 11 8 17 22 17 17 6860 61 14 13 3 3 12 12 10214 7 9 10 2 
18 9 11 16 4467 11448 18 18 11 16 6 18 16609 7259 32 19137 34 26 7259 0 59 15543 20 17 7818 15 3 9 14 68 58 12564 8097 4 17 25 16 57 16 14 7 23 10889 12 11 3909 13402 14 64 18 5 3 29 17 33 16473 5 9 17590 17 22 16654 40 30 7818 18 12006 23 11 13 14655 16 20 8 10 16971 10051 
19 7 13123 25 23 7 9 18 3 8 10331 7818 20 15 15 3 7 11727 10 59 0 12 56 20 15 15356 26 12 4188 16 13 9 11 12 22 4 2 11 10 26 12 36 18 16 15 11448 7 4 39 34 16 15 11 4 12 4 31 16752 6 6980 6 25 35 17 50 25 7 6701 5026 10 25 12 48 16 15 25 7 
20 10 12 11554 15 6439 2665 9 10889 9 17 26 11546 12 12 12 2220 11 11 15543 12 0 32 16 12435 18 15543 8882 6143 45 8 6 32 12879 19 34 10 3 5 49 13 44 24 11 11102 16 5 17 4 5 13 18 11 7 9770 9 35 15 12 13 11 9 11193 52 11 37 26 13 16 8 5 1332 2443 24 8882 9 8 
21 9749 8 7 14 16 4694 10 53 13 22 38 21 56 20 16971 8 11554 13 20 56 32 0 8 16 19 41 48 33 3 5 5 26 16 8666 9749 13721 5 6 19137 17693 16 12 12 10 19 8 42 4 6 18 37 10832 9 32 14 24 14082 9 68 21 8 4 5 10471 12 26 87 13 29 4 32 6138 21 8 12 35 
22 22 3 5777 12 10471 10471 9 15887 31 16609 19498 21303 16 30 20220 17 10 45 17 20 16 8 0 7583 14 18 13 12638 4 21 7583 45 58 7 52 21 13 49 23 21 53 5 8 8 16 21 17 35 8305 11 16 38 13 38 18 27 8305 15 22 97 14082 4333 3 6499 19 22026 30 15 9 11 16 48 34 4 6 9749 
23 14 17 18 6 12 32 7944 12285 13123 12 10436 41 13 14 26 37 5 11 7818 15 12435 16 7583 0 4 20 14 12285 12 14804 11554 11546 15 6 45 13681 13 14 23 8 12 16 20 7 25 14082 11727 14804 53 3611 31 7583 49 18776 20 12 2 22 9548 50 26 15 7 3250 8305 13 91 16 9749 9992 52 11769 18 6 14 22 
24 9 14 11915 5 13 30 8 13 15 7 11168 19 8097 15 81 32 4 7259 15 15356 18 19 14 4 0 7 19 13402 13721 17 11 14 6 8 12 13402 25 26 12844 16 27 9 34 28 4 25 12285 57 14 1954 4188 12 13123 23 19 9 5 34 13 24 19 21 23 5026 13721 17 26 21 10 16 19 57 8935 9 14 18 
25 37 11727 17 5 14 18 11 11 47 3 13 17 6143 30 16 17 31 6980 3 26 15543 41 18 20 7 0 8 15 20 14240 13 10 4 20 11168 22 18 14433 10 4 5305 26 16 14 6 16 11 18 14798 7259 2 30 12564 27 31 10 45 17 26 24 17 28 16248 9493 21303 18 14443 12 41 60 33 16 20 11 71 9772 
26 1 10832 7 5584 2443 16 4 3 16 5305 5 8 3 6422 8 8376 8 2 9 12 8882 48 13 14 19 8 0 6 10832 25 5584 9 6 16 3 16 11 32 18 15 2443 19 30 12999 5584 5026 6 8935 14 11 7539 3 8 25 7259 14 14443 8376 3109 14 21 18 20 9 69 22 22 4 2887 9326 20 9770 4 9 12 1998 
27 18 12 7222 9772 2792 4 8 18 3 11 12 11 7259 1954 7 3 9493 7 14 4188 6143 33 12638 12285 13402 15 6 0 9388 2234 5 13402 13 10 1954 9 6701 5305 9 40 8 14 14 14 20 1675 4 5305 16 24 16 9 1 6422 15 32 14 4 17 12 9 15 40 9772 18 10 11 3350 5 8 8 10 9 10 14 8 
28 8666 6 14 11554 7583 29 8 53 13 19 18054 75 13 48 71 13 9 20 68 16 45 3 4 12 13721 20 10832 9388 0 27 9 21665 16 7 11 56 7 10 23 20 14 9 8 9 12277 29 10832 11 19 11 64 8305 10471 20 14 24 10832 11193 20 24 11 3611 3 9 9 40 22 9749 6138 7 23 10 32 16 2 8 
29 6 11 23 10051 3071 7 5584 8 5 11727 36 16 8376 4 12 3 12 9 58 13 8 5 21 14804 17 14240 25 2234 27 0 10 12 22 10 16 6701 4 3 9 10 18 59 17 52 12 1117 4 12 2 59 52 29 3350 14 23 16752 17 4 10 15 22 10 32 23 30 10 33 5 17 20 6 20 34 18 6 4467 
30 5 8 3 8 3 3630 3350 6980 6143 13 36 14443 7 6 14 5305 8666 6 12564 9 6 5 7583 11554 11 13 5584 5 9 10 0 11 38 6 17 29 17 9 18 32 8 13 22 11 35 3 5 7 8 15 23 6 9 24 16 19 53 25 30 16609 8 8 10 8305 12638 20 17332 9 2234 10 7 5773 7550 12 9 3071 
31 16 13 23 18 9548 17 9 9 12 4747 4 19 7 14240 12999 15 36 14 8097 11 32 26 45 11546 14 10 9 13402 21665 12 11 0 13 42 12 39 19 17 16 4 5773 27 18 52 10 14 12 56 13 10 14 8 49 10832 14 5863 50 26 4 29 19 25275 22 10436 104 8 9388 16 9548 16 34 17 3553 23 22 8882 
32 12 11 11 9 9 51 6 31 9214 1954 6143 51 5 13 58 13681 19 4 4 12 12879 16 58 15 6 4 6 13 16 22 38 13 0 7 17 9 13 15 8 2792 9 10 14 9493 3 13 8655 13123 11448 6 2 5 20 24 51 11 9 14 11 22 14211 35 11915 6422 69 18 14 6980 7 50 17 27 8 10 17 13 
33 6138 2889 3611 18 7 10832 2889 35 18 34 35 16609 17 13 16248 26 12 6 17 22 19 8666 7 6 8 20 16 10 7 10 6 42 7 0 8 10 7328 7994 10 14 7583 6499 6499 5 6 35 9 10 8 6 8097 4 8 58 12 14 7222 56 9 20220 10 10 6 4 9388 21 24 8 17 9 20 8882 14 1805 6 7 
34 6 9214 14 32 1954 11 10 3 8 17 9 6980 20 5 5584 5584 8097 6 25 4 34 9749 52 45 12 11168 3 1954 11 16 17 12 17 8 0 4 10 8 29 31 6 25 48 44 17 6 2 6980 21 10610 10610 23 1 4747 5 28 16 7 8 10 10610 13 10110 35 17693 34 8935 1396 3630 13 39 10051 28 16 7944 11 
35 5026 13 10832 19 5 9 9 6 6 9 7 4188 11 6 10 7259 40 6143 16 2 10 13721 21 13681 13402 22 16 9 56 6701 29 39 9 10 4 0 45 20 5 7259 28 60 18 13681 9 6 2 12 16 12 22 8 4 4 4188 55 17 14 6 22 13 21 14 14 24 6 6 4 7 14 13 14 12 13 11915 5 
36 7328 7550 11 10658 7 9 7 11168 12 16 13 14 10 15 10436 4 19 11 57 11 3 5 13 13 25 18 11 6701 7 4 17 19 13 7328 10 45 0 2 12435 49 10 12 9 35 11 4441 10 1332 2665 11102 17 34 10 21 37 16 11 18 11324 12 2443 6 38 8660 16 15 28 9 6 1554 5 3 24 6661 6 27 
37 7106 8438 12 14 6 2 7328 10051 10 12213 48 14 10 22 9 2 20 9 16 10 5 6 49 14 26 14433 32 5305 10 3 9 17 15 7994 8 20 2 0 11546 15 20 13 11 11 45 16 31 2 2887 11769 13 11 26 10 7259 21 48 6 14 22 2443 18 10832 9326 18 12213 25 8 6217 3 2 2220 23 7550 7222 7 
38 23 22 14804 12 6883 10 9 9 6 6143 1554 4 8 19 7 10 35 5773 14 26 49 19137 23 23 12844 10 18 9 23 9 18 16 8 10 29 5 12435 11546 0 5 5107 15 13545 12435 35 7994 8 23 11 9770 37 7106 16 4333 11 11 14 9326 2 9 57 24 17693 10 31 1 4 5 30 14 14 13767 2887 11 17 8 
39 6 9 14 5 6439 12 12 6 8097 1117 2443 36 2 12 14 43 6 4 7 12 13 17693 21 8 16 4 15 40 20 10 32 4 2792 14 31 7259 49 15 5 0 2 20 10658 11 17 7994 9 12 9326 7 4188 19 8935 18 11 6 12 10658 4 58 58 24 58 14 41 10 10471 6 7 52 14 15 4 10 59 11 
40 12 10471 9 3 19 10889 7 5584 14 2513 4 21 1 9772 12 14 6 1 23 36 44 16 53 12 27 5305 2443 8 14 18 8 5773 9 7583 6 28 10 20 5107 2 0 13360 18 25 3 31 6143 45 9 7583 4467 2443 8 10 12 9 12277 23 6 15165 25 18 12 10 34 7 12 3775 3997 44 12213 24 5 38 22 7 
41 26 8 11 10 13360 62 10 17 18 49 25 29 59 30 29 18054 8 15 10889 18 24 12 5 16 9 26 19 14 9 59 13 27 10 6499 25 60 12 13 15 20 13360 0 1 2 18 14 14 13721 52 9 22 19 26 21 67 30 4 24 11 30 11769 12 13 5416 4 29 28 30 22 9 24 11 11 12 20 12 
42 12999 5 35 35 13 14443 9388 16 28 14 25 29 61 18 91 69 10 12277 12 16 11 12 8 20 34 16 30 14 8 17 22 18 14 6499 48 18 9 11 13545 10658 18 1 0 2 11 14 12564 25 11915 8666 13 10110 12564 23 16 31 6 18415 11546 33 11102 16 12 5777 6 15 103 59 21 8 11324 9770 14 22 9 48 
43 14 2166 8 7259 24 28 8 14 26 14 12 43 13360 54 85 16609 6138 11 11 15 11102 10 8 7 28 14 12999 14 9 52 11 52 9493 5 44 13681 35 11 12435 11 25 2 2 0 10 12638 11 12 11554 7 10 8305 13 39 19 14240 8 20 10436 25 11102 9 5 5 6 15 48 27 9388 8 13 20 9992 9 10 10832 
44 6 7259 38 838 8 15 5 8097 12 3350 15 55 5 48 59 52 4 4 3909 11448 16 19 16 25 4 6 5584 20 12277 12 35 10 3 6 17 9 11 45 35 17 3 18 11 10 0 9 8 24 13 3630 3 3350 11 13 12844 27 9 54 6143 74 17 15887 13 5026 31 11 15526 6701 7 13 27 51 6 7 24 12 
45 4 12 5055 9 2 3 9 7 17 10331 8 12638 14 15 10471 3630 42 7 13402 7 5 8 21 14082 25 16 5026 1675 29 1117 3 14 13 35 6 6 4441 16 7994 7994 31 14 14 12638 9 0 13 4 3 13721 13 8 2 39 6 15636 32 17 6883 14082 7 9749 32 22 16 10 19 7 13 7 5995 7 15 8 10 4 
46 3 39 8 10 3 7 6 2 1 8 8 8 5 4 5026 23 17 20 14 4 17 42 17 11727 12285 11 6 4 10832 4 5 12 8655 9 2 2 10 31 8 9 6143 14 12564 11 8 13 0 7539 23 44 21 6143 6 5 9 55 27 5584 5863 8 11 18 11 9 18415 8 34 7 5 12 10331 11 6701 8376 10 4 
47 8 10110 25 46 11 2 6980 9772 8376 16 14 18 10889 6 16 4188 16 18 64 39 4 4 35 14804 57 18 8935 5305 11 12 7 56 13123 10 6980 12 1332 2 23 12 45 13721 25 12 24 4 7539 0 2 15887 59 8655 6 15 8655 38 16 5305 10214 19 3775 5777 29 48 14 15 20581 7539 5863 2443 4 2887 10 10 3972 6701 
48 22 19 9 13 16 1954 5305 32 6980 24 11 18 10 21 17 4 10832 8 18 34 5 6 8305 53 14 14798 14 16 19 2 8 13 11448 8 21 16 2665 2887 11 9326 9 52 11915 11554 13 3 23 2 0 28 13402 7259 6 12999 8 19 19 6 35 22 5 6860 6499 13 52 10880 37 7 8 15 5 5 9 8 2889 9 
49 11 6499 19 3 24 21 7583 44 13 6980 10 72 10 14 21 74 6 30 5 16 13 18 11 3611 1954 7259 11 24 11 59 15 10 6 6 10610 12 11102 11769 9770 7 7583 9 8666 7 3630 13721 44 15887 28 0 5026 6138 23 16971 17 8935 5 78 7772 45 17 14443 18 16 11915 22 20 48 12 11102 13545 51 6883 14 11915 13 
50 9 19 14 3350 10 15 7818 20 23 6 15 15 6 28 34 15636 5584 5863 3 15 18 37 16 31 4188 2 7539 16 64 52 23 14 2 8097 10610 22 17 13 37 4188 4467 22 13 10 3 13 21 59 13402 5026 0 25 12 18 15 4 36 16 6980 79 18 22 18 8 37 13 16 9214 8935 55 17 19 7 38 17 17 
51 3 26 6 6 3553 11 1332 6422 7259 11 6439 12999 6 10 17 20 12 2 29 11 11 10832 38 7583 12 30 3 9 8305 29 6 8 5 4 23 8 34 11 7106 19 2443 19 10110 8305 3350 8 6143 8655 7259 6138 25 0 14 14 21 20 10 10 6 69 11 11915 27 4333 12999 33 16 4 9 8882 12 20 5 7 8 3 
52 5 9772 8 9214 3 6 7 13 1954 11 35 15 7 2 11 9 9214 12 17 4 7 9 13 49 13123 12564 8 1 10471 3350 9 49 20 8 1 4 10 26 16 8935 8 26 12564 13 11 2 6 6 6 23 12 14 0 5305 7 19 15 4188 7259 9 9772 13 12 12 18 10 19 10 5 19 8935 12 8 17 9 3909 
53 7944 22 16 16 17 17 22 9 3 42 6138 3 7222 7 5 15 56 36 33 12 9770 32 38 18776 23 27 25 6422 20 14 24 10832 24 58 4747 4 21 10 4333 18 10 21 23 39 13 39 5 15 12999 16971 18 14 5305 0 11 21 26 11193 5 12 12 39 15887 15887 23470 9 6 26 10 47 14 23 7222 17 14082 9027 
54 30 17 49 12844 7 6701 11 5305 7 14 40 7 9214 1954 4467 5 13 38 16473 4 9 14 18 20 19 31 7259 15 14 23 16 14 51 12 5 4188 37 7259 11 11 12 67 16 19 12844 6 9 8655 8 17 15 21 7 11 0 18 18 8 37 6 13 18 61 15 22748 37 36 6143 17 14 10 10 10 13 14 9 
55 15 14 23 30 15 37 15 25 18 7 10 65 8655 17311 24 19 20 19 5 31 35 24 27 12 9 10 14 32 24 16752 19 5863 11 14 28 55 16 21 11 6 9 30 31 14240 27 15636 55 38 19 8935 4 20 19 21 18 0 13 19265 8655 24 21 50 19 23 23470 11168 19 12 51 21 37 72 9 14 42 12285 
56 15 6 10832 28 14 17693 10110 14 14519 14 11769 91 17 15636 29 22 6 11915 9 16752 15 14082 8305 2 5 45 14443 14 10832 17 53 50 9 7222 16 17 11 48 14 12 12277 4 6 8 9 32 27 16 19 5 36 10 15 26 18 13 0 43 10658 53 13545 13 8666 5055 8 14 25 61 12 43 17 16 12 30 15 13 
57 31 19 10471 16 12 3350 18 7539 11 17 10214 14082 42 2 43 1117 64 11 17590 6 12 9 15 22 34 17 8376 4 11193 4 25 26 14 56 7 14 18 6 9326 10658 23 24 18415 20 54 17 5584 5305 6 78 16 10 4188 11193 8 19265 43 0 10 17 5 12638 14 65 22 10 16248 7 30 5995 17 5 20 15 9 7259 
58 4 19 25 13 22 37 7 4 7 5 1 7 2 10 7944 9 27 8 17 6980 13 68 22 9548 13 26 3109 17 20 10 30 4 11 9 8 6 11324 14 2 4 6 11 11546 10436 6143 6883 5863 10214 35 7772 6980 6 7259 5 37 8655 10658 10 0 11 15 19498 14804 32 43 4 7222 4 12 50 26 13 4 8438 16 10 
59 17 45 18054 38 13721 17 21 7 7 15887 14 5 53 8376 4 14 22 17 22 6 11 21 97 50 24 24 14 12 24 15 16609 29 22 20220 10 22 12 22 9 58 15165 30 33 25 74 14082 8 19 22 45 79 69 9 12 6 24 53 17 11 0 53 27 21303 21665 28886 9 5416 12 18 14 12435 17 14 42 19137 29 
60 11 9992 25 26 7994 8 11 13402 11448 18 29 54 24 10 47 18 24 22 16654 25 9 8 14082 26 19 17 21 9 11 22 8 19 14211 10 10610 13 2443 2443 57 58 25 11769 11102 11102 17 7 11 3775 5 17 18 11 9772 12 13 21 13545 5 15 53 0 13 13360 13 22 60 17 9326 8438 4 888 1110 56 12 20 10 
61 12277 9 29 14804 12 8 10 18 17 19 87 22 20 13721 20581 11193 15 17 40 35 11193 4 4333 15 21 28 18 15 3611 10 8 25275 35 10 13 21 6 18 24 24 18 12 16 9 15887 9749 18 5777 6860 14443 22 11915 13 39 18 50 13 12638 19498 27 13 0 7 10110 30 23 25 13360 12 20 10832 9 22 29 6 11193 
62 32 12 3 9388 15 36 6 13 51 28 17 23 12 51 22 46 8 17 30 17 52 5 3 7 23 16248 20 40 3 32 10 22 11915 6 10110 14 38 10832 17693 58 12 13 12 5 13 32 11 29 6499 18 18 27 12 15887 61 19 8666 14 14804 21303 13360 7 0 5 9 77 20942 12 22 10 17 23 16 2 4 27 
63 7944 3 12 5 9 13 5 11 42 32 9104 22 36 11727 22 19 4 6860 7818 50 11 10471 6499 3250 5026 9493 9 9772 9 23 8305 10436 6422 4 35 14 8660 9326 10 14 10 5416 5777 5 5026 22 9 48 13 16 8 4333 12 15887 15 23 5055 65 32 21665 13 10110 5 0 9 44 19859 10 6 8660 14 13 15 3250 10 9 
64 62 6 42 16 15165 15 49 20581 40 25 26 26 18 22 101 20 22 61 18 25 37 12 19 8305 13721 21303 69 18 9 30 12638 104 69 9388 17693 24 16 18 31 41 34 4 6 6 31 16 18415 14 52 11915 37 12999 18 23470 22748 23470 8 22 43 28886 22 30 9 9 0 29 36 21 52 25 74 15887 42 10 10471 14443 
65 9 12 16609 13 7772 11 8660 5584 28 7259 2220 10 7 10 8 42 20 14 12006 7 26 26 22026 13 17 18 22 10 40 10 20 8 18 21 34 6 15 12213 1 10 7 29 15 15 11 10 8 15 10880 22 13 33 10 9 37 11168 14 10 4 9 60 23 77 44 29 0 3 6217 11 59 14211 58 16 11324 23 30 
66 13 28 18054 18 17 18776 15887 6422 9 24 6 5 22 10331 5416 22 18054 13 23 6701 13 87 30 91 26 14443 22 11 22 33 17332 9388 14 24 8935 6 28 25 4 10471 12 28 103 48 15526 19 34 20581 37 20 16 16 19 6 36 19 25 16248 7222 5416 17 25 20942 19859 36 3 0 13 16 30 28 15 9027 40 19498 13721 
67 2 10832 6499 7 2 8 4 3 6 6980 7 11 6 5026 9 7 8666 3 11 5026 16 13 15 16 21 12 4 3350 9749 5 9 16 6980 8 1396 4 9 8 5 6 3775 30 59 27 6701 7 7 7539 7 48 9214 4 10 26 6143 12 61 7 4 12 9326 13360 12 10 21 6217 13 0 3 8438 8660 17 4 9027 10 3 
68 2 9 3 11 2 6 4 11 22 31 7 12999 4 7 15 8 8 3 13 10 8 29 9 9749 10 41 2887 5 6138 17 2234 9548 7 17 3630 7 6 6217 30 7 3997 22 21 9388 7 13 5 5863 8 12 8935 9 5 10 17 51 12 30 12 18 8438 12 22 6 52 11 16 3 0 7 9 9 5995 5055 4694 1 
69 10 8 9 11 7 4 8 12844 11 27 13767 13545 10880 9 48 6 10 12 14655 25 5 4 11 9992 16 60 9326 8 7 20 10 16 50 9 13 14 1554 3 14 52 44 9 8 8 13 7 12 2443 15 11102 55 8882 19 47 14 21 43 5995 50 14 4 20 10 8660 25 59 30 8438 7 0 14 1998 51 27 7 15 
70 9 11 49 52 7550 4 10 25 10610 14 13989 12879 15 7539 22 3553 24 12 16 12 1332 32 16 52 19 33 20 8 23 6 7 34 17 20 39 13 5 2 14 14 12213 24 11324 13 27 5995 10331 4 5 13545 17 12 8935 14 10 37 17 17 26 12435 888 10832 17 14 74 14211 28 8660 9 14 0 2 53 9 40 11 
71 8660 9 11193 15 8 4 8438 13 14 14 13989 53 11324 9 13 4 11 10214 20 48 2443 6138 48 11769 57 16 9770 10 10 20 5773 17 27 8882 10051 14 3 2220 13767 15 24 11 9770 20 51 7 11 2887 5 51 19 20 12 23 10 72 16 5 13 17 1110 9 23 13 15887 58 15 17 9 1998 2 0 13 8 11 10 
72 4441 36 49 7 6 10 6 5026 9 2513 6 9 2 40 10 12 5995 7 8 16 24 21 34 18 8935 20 4 9 32 34 7550 3553 8 14 28 12 24 23 2887 4 5 11 14 9992 6 15 6701 10 9 6883 7 5 8 7222 10 9 12 20 4 14 56 22 16 15 42 16 9027 4 5995 51 53 13 0 7994 14 20 
73 9 7 4 7 8 13 5 19 20 39 9548 17693 40 20 17 51 19 9 10 15 8882 8 4 6 9 11 9 10 16 18 12 23 10 1805 16 13 6661 7550 11 10 38 12 22 9 7 8 8376 10 8 14 38 7 17 17 13 14 30 15 8438 42 12 29 2 3250 10 11324 40 9027 5055 27 9 8 7994 0 19 6499 
74 8 6499 3 45 6 6 6 11193 12 59 33 21 22 9 31 9 17 10 16971 25 9 12 6 14 14 71 12 14 2 6 9 22 17 6 7944 11915 6 7222 17 59 22 20 9 10 24 10 10 3972 2889 11915 17 8 9 14082 14 42 15 9 16 19137 20 6 4 10 10471 23 19498 10 4694 7 40 11 14 19 0 6 
75 1 33 5 6 4 6143 3 4 9 7 26 22 12 6 10471 7 14 2 10051 7 8 35 9749 22 18 9772 1998 8 8 4467 3071 8882 13 7 11 5 27 7 8 11 7 12 48 10832 12 4 4 6701 9 13 17 3 3909 9027 9 12285 13 7259 10 29 10 11193 27 9 14443 30 13721 3 1 15 11 10 20 6499 6 0 

;param cto[*,*]
: 0 1 2 3 4 5 6 7 8 9 10 11 12 13 14 15 16 17 18 19 20 21 22 23 24 25 26 27 28 29 30 31 32 33 34 35 36 37 38 39 40 41 42 43 44 45 46 47 48 49 50 51 52 53 54 55 56 57 58 59 60 61 62 63 64 65 66 67 68 69 70 71 72 73 74 75:=
0 0 46 44 45 39 42 43 44 40 42 42 43 40 42 43 43 41 39 48 42 44 43 43 43 48 44 39 41 42 41 40 44 42 41 40 41 44 44 42 42 40 44 44 43 41 40 44 42 41 43 43 40 40 42 43 45 44 43 45 45 46 44 42 42 46 43 48 39 39 44 49 45 41 41 41 38 
1 46 0 40 42 42 44 41 49 45 44 46 51 43 49 51 45 44 46 44 46 46 46 43 40 42 45 43 44 40 47 42 47 43 39 44 46 44 45 47 45 43 40 40 39 42 43 44 43 42 41 44 41 44 46 46 50 41 46 45 49 46 42 39 43 45 51 49 43 41 44 46 49 45 39 41 42 
2 44 40 0 46 40 41 43 43 42 44 49 46 42 46 45 42 41 41 45 44 44 40 41 42 44 45 45 41 40 41 43 47 47 40 41 43 42 42 45 44 46 42 42 42 42 40 45 41 40 42 44 40 45 44 44 47 43 43 44 47 44 41 43 41 43 46 47 41 39 46 44 43 44 39 39 40 
3 45 42 46 0 42 49 41 47 44 40 43 45 40 45 49 46 39 40 41 45 47 49 47 41 40 45 41 44 44 44 47 44 39 41 43 44 46 47 44 41 40 43 43 42 38 47 43 45 44 44 40 40 44 44 46 43 42 46 42 47 48 45 42 40 45 45 46 46 41 51 48 48 41 42 43 45 
4 39 42 40 42 0 41 40 40 40 43 43 43 41 41 43 41 42 40 45 42 43 42 43 48 45 45 40 40 42 40 43 46 43 45 39 45 42 46 43 43 42 44 48 44 46 39 39 41 40 44 48 41 43 42 42 47 49 42 42 45 44 43 42 46 45 44 45 39 43 47 44 44 46 42 40 39 
5 42 44 41 49 41 0 42 43 42 46 46 46 44 41 44 39 44 47 48 43 40 40 43 46 47 48 43 40 41 39 40 49 46 43 41 43 40 43 50 46 45 46 45 45 46 44 42 39 39 46 51 44 41 44 42 50 47 40 45 50 41 46 42 48 49 51 47 42 45 44 41 40 49 43 40 42 
6 43 41 43 41 40 42 0 42 42 42 44 48 41 43 44 47 40 40 44 44 45 42 42 42 43 44 40 42 41 41 40 49 45 39 41 43 47 44 44 42 41 46 42 46 45 41 41 42 41 42 43 39 42 43 44 45 43 44 42 46 46 47 40 44 44 45 46 40 39 44 45 45 42 40 40 39 
7 44 49 43 47 40 43 42 0 39 42 41 40 40 41 40 43 47 41 49 44 45 44 46 46 46 44 43 41 44 42 42 47 43 43 40 39 45 44 41 46 41 47 47 46 43 41 39 44 43 45 44 42 40 39 41 46 51 43 40 46 46 46 48 44 48 41 42 39 41 46 46 50 41 44 43 44 
8 40 45 42 44 40 42 42 39 0 44 42 45 41 40 40 46 48 42 46 39 47 44 46 46 46 45 40 44 48 45 42 45 44 44 39 39 44 43 46 43 42 47 47 46 44 40 42 43 42 46 45 42 39 44 40 47 47 41 42 46 45 46 44 45 48 42 43 40 41 49 45 45 42 44 43 41 
9 42 44 44 40 43 46 42 42 44 0 40 43 40 49 44 47 42 41 41 44 49 47 46 44 46 40 41 48 46 45 44 41 39 43 43 43 48 48 42 38 39 46 46 45 40 44 47 47 46 42 40 41 44 43 46 41 45 47 40 46 50 51 45 43 48 42 44 42 43 49 53 53 39 44 45 46 
10 42 46 49 43 43 46 44 41 42 40 0 40 40 48 42 46 44 42 44 43 48 47 47 46 45 42 41 44 47 45 45 40 42 45 43 42 52 47 39 40 41 48 48 51 42 48 42 47 46 45 42 43 43 41 44 43 47 46 43 43 50 49 50 45 49 40 45 42 48 49 49 49 39 46 46 43 
11 43 51 46 45 43 46 48 40 45 43 40 0 42 43 40 49 46 43 46 41 47 47 48 48 51 45 46 43 47 45 45 42 44 46 42 40 48 47 39 42 43 49 49 49 45 44 42 51 46 47 49 44 43 39 46 46 49 45 40 44 49 53 47 47 55 39 39 42 44 49 48 49 41 47 46 43 
12 40 43 42 40 41 44 41 40 41 40 40 42 0 47 43 45 41 39 42 43 46 45 45 44 43 42 39 42 48 43 46 42 40 42 41 41 50 49 41 43 39 45 45 44 40 42 45 45 44 42 45 40 42 41 44 43 45 45 43 44 48 46 43 42 51 42 43 40 41 47 47 47 43 43 43 40 
13 42 49 46 45 41 41 43 41 40 49 48 43 47 0 42 40 45 43 48 40 42 43 45 51 51 47 42 39 44 44 45 47 46 44 40 41 42 41 44 45 44 47 47 46 46 40 40 46 41 51 47 44 39 42 39 49 48 39 44 43 43 45 44 45 48 48 44 41 46 48 43 43 44 44 46 46 
14 43 51 45 49 43 44 44 40 40 44 42 40 43 42 0 44 46 43 47 43 46 46 48 48 48 50 46 46 47 47 44 44 45 46 41 39 46 49 41 44 47 49 49 48 45 43 41 49 45 47 46 44 41 39 41 47 49 43 42 40 47 48 46 47 50 41 40 42 44 47 47 47 46 50 46 43 
15 43 45 42 46 41 39 47 43 46 47 46 49 45 40 44 0 45 44 49 46 40 42 44 47 48 52 43 44 43 40 41 49 47 44 41 42 44 39 49 46 45 47 46 46 46 40 42 40 44 47 48 44 41 44 41 54 48 38 49 49 41 43 44 45 47 46 46 46 42 42 41 45 46 44 42 46 
16 41 44 41 39 42 44 40 47 48 42 44 46 41 45 46 45 0 40 42 45 51 44 42 40 44 43 46 44 46 47 42 45 41 39 43 44 45 46 45 42 41 42 42 41 40 43 43 44 43 39 41 39 44 45 50 44 45 46 43 48 47 44 41 39 43 46 47 42 41 49 47 50 43 40 42 41 
17 39 46 41 40 40 47 40 41 42 41 42 43 39 43 43 44 40 0 42 43 46 44 43 43 42 42 43 42 43 42 45 44 44 41 41 42 45 49 42 44 43 44 44 47 40 42 41 44 43 42 42 39 42 42 44 44 44 44 41 45 47 45 42 41 45 43 48 40 44 46 46 46 41 41 42 43 
18 48 44 45 41 45 48 44 49 46 41 44 46 42 48 47 49 42 42 0 47 50 51 50 43 40 44 48 51 46 47 46 43 44 43 46 46 49 49 45 42 42 45 49 44 40 46 46 48 47 45 39 42 46 46 48 40 47 49 43 53 51 48 45 43 51 46 47 48 44 50 55 51 42 48 46 44 
19 42 46 44 45 42 43 44 44 39 44 43 41 43 40 43 46 45 43 47 0 44 45 47 51 48 46 42 40 45 42 43 49 45 45 40 43 48 44 42 44 44 48 52 51 45 42 40 44 43 47 46 44 40 40 39 48 49 45 42 41 46 47 45 46 49 46 42 41 43 46 45 46 43 45 44 46 
20 44 46 44 47 43 40 45 45 47 49 48 47 46 42 46 40 51 46 50 44 0 42 45 48 49 50 45 42 43 41 42 51 48 45 43 48 40 39 48 52 47 47 51 47 48 42 43 44 41 52 50 46 46 46 43 52 49 40 47 51 40 43 44 50 47 48 52 44 44 41 39 40 48 45 46 48 
21 43 46 40 49 42 40 42 44 44 47 47 47 45 43 46 42 44 44 51 45 42 0 41 44 46 48 44 42 43 44 40 49 50 42 43 45 40 41 47 47 45 47 43 47 45 41 43 39 39 45 47 43 46 46 44 53 45 46 46 52 42 40 44 43 43 48 49 43 41 40 42 41 46 41 39 42 
22 43 43 41 47 43 43 42 46 46 46 47 48 45 45 48 44 42 43 50 47 45 41 0 42 44 51 48 44 39 43 42 49 45 41 44 46 43 44 48 46 44 44 40 40 44 43 45 42 42 43 49 42 48 47 50 48 42 49 47 50 45 40 39 41 40 49 50 44 42 42 45 44 46 40 40 43 
23 43 40 42 41 48 46 42 46 46 44 46 48 44 51 48 47 40 43 43 51 48 44 42 0 44 44 44 46 42 45 44 47 43 40 45 47 46 47 47 48 43 40 40 40 42 45 45 45 44 40 43 42 46 47 48 49 42 47 46 50 48 44 45 39 42 52 49 44 43 46 48 47 45 41 43 43 
24 48 42 44 40 45 47 43 46 46 46 45 51 43 51 48 48 44 42 40 48 49 46 44 44 0 42 44 46 45 46 49 45 41 42 49 46 48 48 46 43 42 42 43 42 40 46 46 47 46 39 40 42 46 47 49 43 45 49 44 53 50 46 44 41 45 47 48 45 44 48 50 49 44 43 49 44 
25 44 45 45 45 45 48 44 44 45 40 42 45 42 47 50 52 43 42 44 46 50 48 51 44 42 0 47 46 47 47 50 41 40 44 45 45 49 49 43 44 41 46 47 46 41 46 49 48 47 42 39 43 46 45 48 39 45 52 42 47 55 49 46 44 48 44 45 44 44 50 51 55 41 49 47 44 
26 39 43 45 41 40 43 40 43 40 41 41 46 39 42 46 43 46 43 48 42 45 44 48 44 44 47 0 41 43 42 41 43 41 42 43 40 45 44 41 41 40 45 45 44 41 41 40 44 42 47 43 40 40 41 42 45 45 43 40 44 46 45 43 46 46 42 43 39 40 45 46 46 40 46 42 39 
27 41 44 41 44 40 40 42 41 44 48 44 43 42 39 46 44 44 42 51 40 42 42 44 46 46 46 41 0 42 39 40 46 45 43 39 41 42 41 47 44 47 46 46 45 44 39 39 41 40 46 46 42 42 42 40 48 50 40 43 44 47 44 43 44 50 48 48 40 45 47 47 43 47 43 41 40 
28 42 40 40 44 42 41 41 44 48 46 47 47 48 44 47 43 46 43 46 45 43 43 39 42 45 47 43 42 0 41 40 49 45 40 43 45 45 42 47 46 44 42 41 41 44 41 43 40 40 47 46 42 43 46 49 48 43 43 46 48 47 40 39 41 42 48 52 43 41 45 44 42 46 40 43 45 
29 41 47 41 44 40 39 41 42 45 45 45 45 43 44 47 40 47 42 47 42 41 44 43 45 46 47 42 39 41 0 39 51 45 42 40 42 41 40 49 45 44 45 45 44 45 38 44 40 43 45 46 42 40 43 42 49 50 44 44 49 42 42 42 44 45 49 46 41 40 42 42 42 45 42 40 41 
30 40 42 43 47 43 40 40 42 42 44 45 45 46 45 44 41 42 45 46 43 42 40 42 44 49 50 41 40 40 39 0 51 44 45 40 42 41 41 45 44 43 44 43 43 43 39 41 40 39 44 45 41 41 44 43 48 44 42 44 46 43 42 40 42 44 46 46 41 39 42 43 42 44 41 39 40 
31 44 47 47 44 46 49 49 47 45 41 40 42 42 47 44 49 45 44 43 49 51 49 49 47 45 41 43 46 49 51 51 0 42 46 45 44 50 50 41 41 42 49 49 48 43 47 45 49 52 45 42 48 46 43 51 42 48 48 41 45 52 50 48 46 51 41 42 44 46 55 51 55 41 47 48 45 
32 42 43 47 39 43 46 45 43 44 39 42 44 40 46 45 47 41 44 44 45 48 50 45 43 41 40 41 45 45 45 44 42 0 46 43 48 47 47 47 40 39 48 45 44 39 44 43 46 45 41 39 40 44 44 46 41 47 51 41 47 49 47 44 42 46 44 49 42 46 48 49 49 40 43 44 42 
33 41 39 40 41 45 43 39 43 44 43 45 46 42 44 46 44 39 41 43 45 45 42 41 40 42 44 42 43 40 42 45 46 46 0 42 48 44 44 45 43 42 41 41 44 41 42 43 46 46 41 43 40 47 45 49 46 41 45 44 48 50 42 39 39 42 46 47 46 40 44 46 45 44 39 44 41 
34 40 44 41 43 39 41 41 40 39 43 43 42 41 40 41 41 43 41 46 40 43 43 44 45 49 45 43 39 43 40 40 45 43 42 0 40 43 42 42 43 46 46 46 45 43 40 38 42 41 45 45 42 38 41 41 47 46 41 42 43 45 48 43 43 47 43 44 39 40 44 44 44 42 43 42 40 
35 41 46 43 44 45 43 43 39 39 43 42 40 41 41 39 42 44 42 46 43 48 45 46 47 46 45 40 41 45 42 42 44 48 48 40 0 45 44 45 42 42 47 47 47 48 45 43 44 43 49 45 47 40 39 40 47 48 42 41 41 50 46 49 45 49 41 46 40 46 46 46 46 42 45 44 45 
36 44 44 42 46 42 40 47 45 44 48 52 48 50 42 46 44 45 45 49 48 40 40 43 46 48 49 45 42 45 41 41 50 47 44 43 45 0 39 48 48 50 45 49 45 51 41 44 39 40 47 49 45 43 46 44 55 51 41 47 52 40 45 42 45 45 49 49 44 47 39 40 39 47 43 45 43 
37 44 45 42 47 46 43 44 44 43 48 47 47 49 41 49 39 46 49 49 44 39 41 44 47 48 49 44 41 42 40 41 50 47 44 42 44 39 0 47 47 46 46 46 46 47 41 43 40 40 47 52 45 42 45 42 51 47 40 47 47 40 42 43 45 46 48 48 43 43 44 39 40 47 44 41 43 
38 42 47 45 44 43 50 44 41 46 42 39 39 41 44 41 49 45 42 45 42 48 47 48 47 46 43 41 47 47 49 45 41 47 45 42 45 48 47 0 41 42 49 49 48 43 44 42 47 46 46 44 44 43 40 44 44 48 45 39 42 49 49 47 50 50 39 44 46 44 53 53 49 40 46 50 43 
39 42 45 44 41 43 46 42 46 43 38 40 42 43 45 44 46 42 44 42 44 52 47 46 48 43 44 41 44 46 45 44 41 40 43 43 42 48 47 41 0 43 46 46 46 40 44 43 47 45 43 40 42 44 42 49 46 45 46 40 45 49 47 45 43 48 42 43 42 43 48 53 49 39 44 45 42 
40 40 43 46 40 42 45 41 41 42 39 41 43 39 44 47 45 41 43 42 44 47 45 44 43 42 41 40 47 44 44 43 42 39 42 46 42 50 46 42 43 0 44 45 44 39 43 42 45 48 42 41 40 42 42 45 43 44 45 40 45 48 46 43 42 46 43 48 41 41 47 48 47 40 42 43 41 
41 44 40 42 43 44 46 46 47 47 46 48 49 45 47 49 47 42 44 45 48 47 47 44 40 42 46 45 46 42 45 44 49 48 41 46 47 45 46 49 46 44 0 42 38 44 49 46 45 44 42 45 43 46 52 49 47 40 47 51 51 47 42 41 40 44 49 51 45 43 49 47 50 50 41 43 48 
42 44 40 42 43 48 45 42 47 47 46 48 49 45 47 49 46 42 44 49 52 51 43 40 40 43 47 45 46 41 45 43 49 45 41 46 47 49 46 49 46 45 42 0 42 44 48 46 44 44 42 45 43 46 48 52 48 40 47 47 51 47 42 41 41 39 53 51 45 43 48 47 46 47 40 46 44 
43 43 39 42 42 44 45 46 46 46 45 51 49 44 46 48 46 41 47 44 51 47 47 40 40 42 46 44 45 41 44 43 48 44 44 45 47 45 46 48 46 44 38 42 0 43 44 49 48 44 45 48 42 45 47 48 47 40 47 46 54 47 42 44 40 40 49 50 44 42 48 47 46 46 40 42 43 
44 41 42 42 38 46 46 45 43 44 40 42 45 40 46 45 46 40 40 40 45 48 45 44 42 40 41 41 44 44 45 43 43 39 41 43 48 51 47 43 40 39 44 44 43 0 48 47 46 45 40 43 40 44 48 46 42 43 46 42 47 49 46 43 41 46 44 46 42 42 47 49 48 41 46 44 42 
45 40 43 40 47 39 44 41 41 40 44 48 44 42 40 43 40 43 42 46 42 42 41 43 45 46 46 41 39 41 38 39 47 44 42 40 45 41 41 44 44 43 49 48 44 48 0 40 44 39 45 46 42 39 43 41 48 46 40 43 45 43 43 42 43 49 45 45 40 40 42 43 42 44 46 40 40 
46 44 44 45 43 39 42 41 39 42 47 42 42 45 40 41 42 43 41 46 40 43 43 45 45 46 49 40 39 43 44 41 45 43 43 38 43 44 43 42 43 42 46 46 49 47 40 0 43 42 45 45 42 39 40 41 47 46 41 42 47 49 45 47 48 47 47 43 39 40 45 44 44 42 43 42 40 
47 42 43 41 45 41 39 42 44 43 47 47 51 45 46 49 40 44 44 48 44 44 39 42 45 47 48 44 41 40 40 40 49 46 46 42 44 39 40 47 47 45 45 44 48 46 44 43 0 39 46 47 43 46 49 43 50 50 41 46 51 41 41 41 44 44 48 48 43 42 40 41 40 50 42 40 42 
48 41 42 40 44 40 39 41 43 42 46 46 46 44 41 45 44 43 43 47 43 41 39 42 44 46 47 42 40 40 43 39 52 45 46 41 43 40 40 46 45 48 44 44 44 45 39 42 39 0 45 46 42 41 44 46 49 45 41 45 46 46 41 41 43 44 47 47 42 40 41 46 41 49 42 39 41 
49 43 41 42 44 44 46 42 45 46 42 45 47 42 51 47 47 39 42 45 47 52 45 43 40 39 42 47 46 47 45 44 45 41 41 45 49 47 47 46 43 42 42 42 45 40 45 45 46 45 0 41 41 45 46 48 44 44 47 44 49 49 45 42 40 44 47 52 44 42 47 49 48 43 41 44 43 
50 43 44 44 40 48 51 43 44 45 40 42 49 45 47 46 48 41 42 39 46 50 47 49 43 40 39 43 46 46 46 45 42 39 43 45 45 49 52 44 40 41 45 45 48 43 46 45 47 46 41 0 42 49 45 51 44 44 52 42 48 51 47 45 42 47 44 49 44 44 49 50 50 41 44 46 43 
51 40 41 40 40 41 44 39 42 42 41 43 44 40 44 44 44 39 39 42 44 46 43 42 42 42 43 40 42 42 42 41 48 40 40 42 47 45 45 44 42 40 43 43 42 40 42 42 43 42 41 42 0 42 43 45 44 42 48 42 46 50 44 41 40 44 44 49 44 40 45 46 46 42 40 45 40 
52 40 44 45 44 43 41 42 40 39 44 43 43 42 39 41 41 44 42 46 40 46 46 48 46 46 46 40 42 43 40 41 46 44 47 38 40 43 42 43 44 42 46 46 45 44 39 39 46 41 45 49 42 0 41 40 47 47 40 42 43 44 48 43 44 51 44 44 39 41 44 44 44 47 43 42 40 
53 42 46 44 44 42 44 43 39 44 43 41 39 41 42 39 44 45 42 46 40 46 46 47 47 47 45 41 42 46 43 44 43 44 45 41 39 46 45 40 42 42 52 48 47 48 43 40 49 44 46 45 43 41 0 41 46 48 43 44 41 51 47 46 46 49 40 40 41 47 47 47 47 41 46 45 42 
54 43 46 44 46 42 42 44 41 40 46 44 46 44 39 41 41 50 44 48 39 43 44 50 48 49 48 42 40 49 42 43 51 46 49 41 40 44 42 44 49 45 49 52 48 46 41 41 43 46 48 51 45 40 41 0 53 53 40 44 46 44 46 45 46 49 44 44 42 43 45 44 48 48 46 44 43 
55 45 50 47 43 47 50 45 46 47 41 43 46 43 49 47 54 44 44 40 48 52 53 48 49 43 39 45 48 48 49 48 42 41 46 47 47 55 51 44 46 43 47 48 47 42 48 47 50 49 44 44 44 47 46 53 0 50 50 43 49 53 50 51 45 49 45 46 49 46 52 53 52 42 50 48 46 
56 44 41 43 42 49 47 43 51 47 45 47 49 45 48 49 48 45 44 47 49 49 45 42 42 45 45 45 50 43 50 44 48 47 41 46 48 51 47 48 45 44 40 40 40 43 46 46 50 45 44 44 42 47 48 53 50 0 48 46 51 49 48 42 40 42 53 54 45 47 46 49 48 46 42 44 48 
57 43 46 43 46 42 40 44 43 41 47 46 45 45 39 43 38 46 44 49 45 40 46 49 47 49 52 43 40 43 44 42 48 51 45 41 42 41 40 45 46 45 47 47 47 46 40 41 41 41 47 52 48 40 43 40 50 48 0 45 44 46 44 44 46 47 50 46 46 43 43 41 42 46 45 46 42 
58 45 45 44 42 42 45 42 40 42 40 43 40 43 44 42 49 43 41 43 42 47 46 47 46 44 42 40 43 46 44 44 41 41 44 42 41 47 47 39 40 40 51 47 46 42 43 42 46 45 44 42 42 42 44 44 43 46 45 0 47 49 47 45 44 49 40 41 45 43 48 48 52 39 45 45 42 
59 45 49 47 47 45 50 46 46 46 46 43 44 44 43 40 49 48 45 53 41 51 52 50 50 53 47 44 44 48 49 46 45 47 48 43 41 52 47 42 45 45 51 51 54 47 45 47 51 46 49 48 46 43 41 46 49 51 44 47 0 49 50 48 49 52 41 40 48 46 53 48 49 44 48 47 45 
60 46 46 44 48 44 41 46 46 45 50 50 49 48 43 47 41 47 47 51 46 40 42 45 48 50 55 46 47 47 42 43 52 49 50 45 50 40 40 49 49 48 47 47 47 49 43 49 41 46 49 51 50 44 51 44 53 49 46 49 49 0 43 44 47 47 50 50 45 45 40 38 39 49 45 43 45 
61 44 42 41 45 43 46 47 46 46 51 49 53 46 45 48 43 44 45 48 47 43 40 40 44 46 49 45 44 40 42 42 50 47 42 48 46 45 42 49 47 46 42 42 42 46 43 45 41 41 45 47 44 48 47 46 50 48 44 47 50 43 0 40 43 42 53 54 44 43 40 43 42 47 41 40 43 
62 42 39 43 42 42 42 40 48 44 45 50 47 43 44 46 44 41 42 45 45 44 44 39 45 44 46 43 43 39 42 40 48 44 39 43 49 42 43 47 45 43 41 41 44 43 42 47 41 41 42 45 41 43 46 45 51 42 44 45 48 44 40 0 44 42 47 48 42 40 42 44 44 45 42 43 41 
63 42 43 41 40 46 48 44 44 45 43 45 47 42 45 47 45 39 41 43 46 50 43 41 39 41 44 46 44 41 44 42 46 42 39 43 45 45 45 50 43 42 40 41 40 41 43 48 44 43 40 42 40 44 46 46 45 40 46 44 49 47 43 44 0 46 47 48 46 45 45 47 46 44 39 42 42 
64 46 45 43 45 45 49 44 48 48 48 49 55 51 48 50 47 43 45 51 49 47 43 40 42 45 48 46 50 42 45 44 51 46 42 47 49 45 46 50 48 46 44 39 40 46 49 47 44 44 44 47 44 51 49 49 49 42 47 49 52 47 42 42 46 0 51 52 46 44 44 47 46 48 42 43 45 
65 43 51 46 45 44 51 45 41 42 42 40 39 42 48 41 46 46 43 46 46 48 48 49 52 47 44 42 48 48 49 46 41 44 46 43 41 49 48 39 42 43 49 53 49 44 45 47 48 47 47 44 44 44 40 44 45 53 50 40 41 50 53 47 47 51 0 39 43 45 50 49 49 41 47 47 44 
66 48 49 47 46 45 47 46 42 43 44 45 39 43 44 40 46 47 48 47 42 52 49 50 49 48 45 43 48 52 46 46 42 49 47 44 46 49 48 44 43 48 51 51 50 46 45 43 48 47 52 49 49 44 40 44 46 54 46 41 40 50 54 48 48 52 39 0 44 49 50 49 54 42 48 47 45 
67 39 43 41 46 39 42 40 39 40 42 42 42 40 41 42 46 42 40 48 41 44 43 44 44 45 44 39 40 43 41 41 44 42 46 39 40 44 43 46 42 41 45 45 44 42 40 39 43 42 44 44 44 39 41 42 49 45 46 45 48 45 44 42 46 46 43 44 0 40 45 45 45 45 42 42 39 
68 39 41 39 41 43 45 39 41 41 43 48 44 41 46 44 42 41 44 44 43 44 41 42 43 44 44 40 45 41 40 39 46 46 40 40 46 47 43 44 43 41 43 43 42 42 40 40 42 40 42 44 40 41 47 43 46 47 43 43 46 45 43 40 45 44 45 49 40 0 47 44 44 43 40 40 38 
69 44 44 46 51 47 44 44 46 49 49 49 49 47 48 47 42 49 46 50 46 41 40 42 46 48 50 45 47 45 42 42 55 48 44 44 46 39 44 53 48 47 49 48 48 47 42 45 40 41 47 49 45 44 47 45 52 46 43 48 53 40 40 42 45 44 50 50 45 47 0 41 39 48 43 41 44 
70 49 46 44 48 44 41 45 46 45 53 49 48 47 43 47 41 47 46 55 45 39 42 45 48 50 51 46 47 44 42 43 51 49 46 44 46 40 39 53 53 48 47 47 47 49 43 44 41 46 49 50 46 44 47 44 53 49 41 48 48 38 43 44 47 47 49 49 45 44 41 0 43 49 49 43 45 
71 45 49 43 48 44 40 45 50 45 53 49 49 47 43 47 45 50 46 51 46 40 41 44 47 49 55 46 43 42 42 42 55 49 45 44 46 39 40 49 49 47 50 46 46 48 42 44 40 41 48 50 46 44 47 48 52 48 42 52 49 39 42 44 46 46 49 54 45 44 39 43 0 52 48 42 44 
72 41 45 44 41 46 49 42 41 42 39 39 41 43 44 46 46 43 41 42 43 48 46 46 45 44 41 40 47 46 45 44 41 40 44 42 42 47 47 40 39 40 50 47 46 41 44 42 50 49 43 41 42 47 41 48 42 46 46 39 44 49 47 45 44 48 41 42 45 43 48 49 52 0 44 49 42 
73 41 39 39 42 42 43 40 44 44 44 46 47 43 44 50 44 40 41 48 45 45 41 40 41 43 49 46 43 40 42 41 47 43 39 43 45 43 44 46 44 42 41 40 40 46 46 43 42 42 41 44 40 43 46 46 50 42 45 45 48 45 41 42 39 42 47 48 42 40 43 49 48 44 0 40 41 
74 41 41 39 43 40 40 40 43 43 45 46 46 43 46 46 42 42 42 46 44 46 39 40 43 49 47 42 41 43 40 39 48 44 44 42 44 45 41 50 45 43 43 46 42 44 40 42 40 39 44 46 45 42 45 44 48 44 46 45 47 43 40 43 42 43 47 47 42 40 41 43 42 49 40 0 45 
75 38 42 40 45 39 42 39 44 41 46 43 43 40 46 43 46 41 43 44 46 48 42 43 43 44 44 39 40 45 41 40 45 42 41 40 45 43 43 43 42 41 48 44 43 42 40 40 42 41 43 43 40 40 42 43 46 48 42 42 45 45 43 41 42 45 44 45 39 38 44 45 44 42 41 45 0 

;param d[*,*]
: 0 1 2 3 4 5 6 7 8 9 10 11 12 13 14 15 16 17 18 19 20 21 22 23 24 25 26 27 28 29 30 31 32 33 34 35 36 37 38 39 40 41 42 43 44 45 46 47 48 49 50 51 52 53 54 55 56 57 58 59 60 61 62 63 64 65 66 67 68 69 70 71 72 73 74 75:=
0 0.0 0 0 0 0.12 0.42 0 0 1.41 0.38 1.02 1.13 0.2 2.07 1.06 2.54 0.74 0.49 0 0 0 3.42 1.85 1.21 0 2.03 0 0.99 3.04 0 0.23 0.62 0.86 2.15 0.39 1.69 2.03 1.97 1.02 0 0.55 2.22 4.56 1.21 0 0 0 0 1.23 0.47 0 0 0.23 2.79 1.66 0.7 0.62 1.72 0 1.49 0 4.31 2.07 2.79 4.05 0 0 0.08 0 0 0 2.4 1.23 0.78 0.33 0 
1 0 0.0 0.55 2.16 1.02 1.29 0.99 0 3.76 0.62 0 0 2.92 0 0 1.56 0 0 0 4.42 0 0 0 1.13 0.98 3.95 3.8 0.58 0.55 0 0.35 0 0.52 1.01 3.11 0 2.09 2.34 0.83 0 3.67 0.68 0.39 0.76 2.45 0.48 2.16 3.55 1.6 2.28 1.33 1.69 3.29 1.88 0.8 0 0.27 1.68 0.7 3.88 2.77 0.82 0.75 0 0 0 2.39 3.8 0.74 0 0 0 1.56 0.47 2.28 2.16 
2 0 0.55 0.0 0 1.52 0.32 0 3.42 1.02 4.31 0 2.65 3.17 0 2.46 2.45 2.28 1.11 0.67 2.09 4.05 0.59 2.03 1.54 4.18 0.7 0 2.53 0.94 1.51 0 1.96 0 1.27 1.17 3.8 0.94 1.02 5.19 0.57 0 0.98 2.26 0.35 2.45 1.77 0 1.6 0.8 1.6 0.6 0.23 0 1.41 3.2 1.99 3.8 3.67 2.09 6.33 2.16 1.88 0 0.99 2.73 5.83 6.33 2.28 0.27 0 3.2 3.93 3.2 0.35 0.12 0.43 
3 0 2.16 0 0.0 0 0 0.27 0 3.2 0.55 2.63 2.4 0.92 0 0 2.83 0.35 1.13 1.51 1.6 0 0 0 0 0.23 0 1.88 3.29 4.05 3.39 0 1.25 0.49 0.99 1.79 1.33 2.96 0 0.55 0 0 0.48 1.91 2.45 0.28 0 0.5 2.53 0.6 0 1.13 0.39 3.11 1.41 4.33 1.66 1.54 0.78 0.94 3.2 0.99 5.19 3.29 0 0.67 0.63 0.75 0 0.78 0 2.27 0 0.33 0 2.92 0 
4 0.12 1.02 1.52 0 0.0 0.3 0 1.41 0 1.85 0 1.21 1.11 0 2.54 0.33 2.26 0.25 3.86 0.35 1.79 1.36 3.67 0 0.63 0.67 0.68 0.94 2.66 1.04 0 2.65 0 0 0.66 0 0 0 1.91 1.79 0.82 4.69 0 2.03 0 0 0 0.78 0.86 2.03 0 0.99 0 1.48 0 0 0 0.82 0.98 4.81 2.22 0.5 1.29 0 5.32 2.16 1.49 0 0 0 2.09 0 0 0.35 0.25 0.2 
5 0.42 1.29 0.32 0 0.3 0.0 2.45 1.17 1.54 2.96 2.96 0.75 3.39 0.27 1.45 0 4.69 0 0 0 0.74 1.65 3.67 2.71 2.07 0 1.13 0 1.88 0.37 1.22 0 2.83 3.8 0.78 0 0.39 0 0 0 3.67 4.05 5.07 2.4 0.73 0 0 0 0.66 1.8 0 0.53 0.3 1.45 2.26 2.62 6.21 1.13 1.64 0 0.3 0 2.35 0 0 0 6.59 0.4 0 0 0 0 0 1.09 0.25 2.07 
6 0 0.99 0 0.27 0 2.45 0.0 0 0.94 1.54 1.97 0 0.66 0 4.69 0 0.47 0.17 1.25 1.25 0 0.9 0.37 2.79 0 0 0 0.37 0.7 1.88 1.13 0 0 1.01 0.7 0.45 0 2.03 0 0.43 0.27 0 3.29 0 0 0.66 0 2.35 1.79 2.66 2.63 0.37 0 1.91 0 0.7 3.55 1.25 0 1.84 0 0 0.55 0 3.2 2.4 5.57 0 0.2 0 0 2.34 0 0.43 0.25 0.12 
7 0 0 3.42 0 1.41 1.17 0 0.0 0.66 2.35 1.11 0.92 0 0.32 0 2.63 0 0.7 0 0 3.67 3.48 5.57 4.14 0 0 0 0.99 3.48 0.4 2.35 0 1.72 1.91 0 0.31 3.76 3.39 0.63 0 1.88 0.83 0 0 2.73 0.33 0 3.29 1.79 2.4 1.37 2.16 0.74 0.49 1.79 1.72 0 2.54 0 0 4.52 0.77 0 0 7.22 1.88 2.16 0.15 0.78 4.33 1.72 0 1.69 1.33 3.93 0 
8 1.41 3.76 1.02 3.2 0 1.54 0.94 0.66 0.0 1.25 0 0 0.78 0.2 0.51 0 0 0.37 0.78 0.43 0 0.55 2.65 4.42 0 2.59 0.86 0 0 0 2.07 0 3.11 1.29 0.43 0.31 0.58 0.5 0 2.73 0.98 0.85 1.96 1.8 0.57 0.92 0 2.82 2.35 0 1.6 2.45 0.66 0 0.47 0.85 4.89 0.78 0 0 3.86 0.72 3.29 2.34 3.45 1.54 0.45 0.39 1.23 0 3.58 0.67 0.42 1.37 0.48 0.66 
9 0.38 0.62 4.31 0.55 1.85 2.96 1.54 2.35 1.25 0.0 0.25 1.13 0 0 4.56 1.96 1.42 1.51 0.28 3.48 0 1.92 5.83 0.57 0 0.17 1.79 0 1.68 3.95 0.62 1.6 0.66 1.85 1.17 0 0 3.39 2.07 0.38 0.85 2.71 0 0.68 1.13 3.48 0 0 1.68 2.35 0.43 0.78 0 2.73 0 0.32 0.65 0.83 0.23 5.57 0 0 2.4 1.79 2.15 2.45 2.03 2.35 1.72 1.0 0 0 0.85 2.16 3.86 0 
10 1.02 0 0 2.63 0 2.96 1.97 1.11 0 0.25 0.0 0.25 0.92 0 0.9 0.78 0 0 1.25 2.63 0.97 3.26 6.84 2.9 3.76 0.9 0 0.58 6.33 1.6 1.56 0 2.07 1.52 0.45 0.35 0 2.11 0.43 0.68 0 0.94 0.95 0 1.02 0 0 0 0 0 1.02 1.79 1.91 2.15 2.22 0.5 3.26 2.83 0 1.17 1.1 5.65 0 2.53 1.09 0.62 0 0 0 3.82 3.88 3.88 0.27 2.65 2.83 1.13 
11 1.13 0 2.65 2.4 1.21 0.75 0 0.92 0 1.13 0.25 0.0 0.94 0.5 0.39 0 5.57 0.5 5.83 1.11 3.2 0.89 7.48 3.51 0 1.49 0 0.52 4.89 0.65 5.07 1.6 3.29 5.83 2.35 1.41 0 0 0.31 2.35 1.79 2.5 2.5 3.7 3.58 4.43 0.38 0 0.73 4.71 0 4.56 1.06 0.13 0 4.23 5.93 4.94 0.59 0 2.39 0 1.99 1.92 0 0.66 0.43 0.98 4.56 3.76 3.57 2.35 0.78 6.21 1.84 1.91 
12 0.2 2.92 3.17 0.92 1.11 3.39 0.66 0 0.78 0 0.92 0.94 0.0 0 2.54 2.34 1.88 0.12 2.45 1.06 0 3.67 0.65 0.55 2.73 2.07 0.12 2.45 0 2.82 0 0 0.22 1.42 1.11 0.78 0 0 0.32 0 0 3.86 3.95 4.69 0.23 0.98 0 3.67 0 0.43 0 0.22 0 2.53 3.11 2.92 1.49 2.34 0 3.48 0.92 1.76 0.52 2.35 0 0 1.85 0.22 0 3.02 0 3.14 0 2.63 1.91 0.55 
13 2.07 0 0 0 0 0.27 0 0.32 0.2 0 0 0.5 0 0.0 2.07 1.04 3.86 0 2.23 0.8 0.82 1.72 2.59 0 0 2.07 2.16 0.66 3.11 0 0 4.8 0 0.6 0.22 0.27 1.02 1.23 1.33 0 3.29 2.07 0.85 2.96 2.65 0.8 0 0 1.17 0 1.99 0 0 0 0.66 5.83 5.27 0 0 2.82 0 4.81 3.29 3.95 0.92 0 3.48 1.69 0 0 2.54 0 2.22 1.41 0 0 
14 1.06 0 2.46 0 2.54 1.45 4.69 0 0.51 4.56 0.9 0.39 2.54 2.07 0.0 4.18 4.33 1.21 6.72 0 0 5.95 7.1 2.27 5.27 0 0 0 4.61 0 0.6 4.56 3.76 5.7 1.88 0.55 2.9 0 0.28 1.25 0 2.5 5.93 5.55 3.86 3.67 1.69 0 1.49 0.89 2.9 1.45 0.78 0.43 1.51 2.07 2.5 2.82 2.79 0.17 2.07 7.22 1.88 1.92 6.59 0.66 1.9 0.37 1.29 2.11 0.82 0 0 0 2.65 3.67 
15 2.54 1.56 2.45 2.83 0.33 0 0 2.63 0 1.96 0.78 0 2.34 1.04 4.18 0.0 1.64 0.58 2.39 0 0.62 0.35 1.45 3.14 2.27 0 2.82 0 1.09 0 1.79 0 4.61 2.22 1.88 2.45 0 0 0 1.88 0.68 6.33 4.52 5.83 2.9 1.22 1.29 1.41 0 4.8 5.27 1.41 0.63 1.29 0 0 0.94 0.38 0 0 0.78 3.93 3.01 1.64 0.83 1.84 1.88 0 0 0 0.99 0 0 3.29 0.37 0 
16 0.74 0 2.28 0.35 2.26 4.69 0.47 0 0 1.42 0 5.57 1.88 3.86 4.33 1.64 0.0 1.77 1.42 3.95 0 4.05 0.9 0.2 0 1.72 0 3.2 0 0 3.04 1.6 1.05 0.75 2.73 2.22 0.7 0.73 1.52 0 0.27 0.35 0.86 2.15 0 2.73 1.17 1.37 3.8 0.55 1.88 0.75 3.11 3.67 0 1.37 0 4.14 1.17 0.94 0.89 1.29 0.7 0.37 1.91 0.73 6.33 3.04 0.66 0 0.89 0 1.66 1.22 1.48 1.17 
17 0.49 0 1.11 1.13 0.25 0 0.17 0.7 0.37 1.51 0 0.5 0.12 0 1.21 0.58 1.77 0.0 2.45 0.48 0 0.53 2.92 0.45 2.45 2.35 0 0 1.72 0.43 0 0.53 0 0.27 0.28 2.07 0 0 1.6 0 0 1.33 4.31 0 0 0 1.11 1.29 0 1.98 1.98 0 0.82 2.35 2.09 1.33 4.18 0 0.28 0.7 0.83 1.49 1.48 2.41 3.95 0.52 0 0 0 0 0 2.83 0.27 0.78 0.42 0 
18 0 0 0.67 1.51 3.86 0 1.25 0 0.78 0.28 1.25 5.83 2.45 2.23 6.72 2.39 1.42 2.45 0.0 3.26 4.31 0 0 2.63 0.8 0 0 0 4.42 3.2 4.23 2.73 0 1.21 1.72 0.77 2.5 0 0.65 0 1.29 3.67 0 0 1.32 4.52 0 3.51 0.87 0 0.23 1.6 0.8 2.83 5.55 0.23 0 5.93 1.21 0 4.62 3.45 2.53 2.63 0 4.05 1.96 0 0.62 4.07 0 0 0 0 5.95 3.39 
19 0 4.42 2.09 1.6 0.35 0 1.25 0 0.43 3.48 2.63 1.11 1.06 0.8 0 0 3.95 0.48 3.26 0.0 0.57 3.67 0.83 0 5.18 1.84 0.82 1.41 0.68 0.94 0 0 0 1.56 0 0 0 0 1.42 0.57 1.97 0 0 0 3.86 0.35 0.2 2.16 1.85 0 0 0 0 0.68 0.31 2.19 5.65 0 2.35 0.28 1.72 3.02 0.7 2.77 1.05 0 2.26 1.69 0.47 1.76 0 2.65 1.13 0.7 2.16 0 
20 0 0 4.05 0 1.79 0.74 0 3.67 0 0 0.97 3.2 0 0.82 0 0.62 0 0 4.31 0.57 0.0 2.07 0.67 3.45 0 4.31 2.46 2.07 2.92 0.3 0 1.19 3.57 0.7 1.85 0 0 0.23 2.15 0 1.96 0.9 0 3.08 0 0 1.21 0 0 0 0 0 0 2.71 0.45 1.32 0 0.51 0 0 0.39 3.93 3.39 0 3.14 0.97 0 0.58 0 0 0.37 0.68 0.92 2.46 0 0 
21 3.42 0 0.59 0 1.36 1.65 0.9 3.48 0.55 1.92 3.26 0.89 3.67 1.72 5.95 0.35 4.05 0.53 0 3.67 2.07 0.0 0.7 1.41 0.78 3.51 3.11 2.16 0 0 0.22 1.07 0 3.04 3.42 4.81 0.39 0.27 6.72 6.21 0.65 0 0.48 0 1.6 0.7 2.73 0.37 0.49 1.56 3.14 3.8 0 2.77 0.6 0 4.94 0 4.42 0 0.35 0.17 0 3.67 0.5 2.23 5.65 1.13 1.88 0.17 2.07 2.15 1.84 0.33 0.75 2.26 
22 1.85 0 2.03 0 3.67 3.67 0.37 5.57 2.65 5.83 6.84 7.48 0.65 2.59 7.1 1.45 0.9 2.92 0 0.83 0.67 0.7 0.0 2.66 0.58 0 0 4.43 0.15 1.79 2.66 3.88 3.76 0.63 3.39 1.84 1.09 3.2 0.95 1.84 3.48 0 0.68 0.68 1.37 1.79 1.49 2.26 2.91 0.47 0 2.45 0 3.2 0 2.31 2.91 0 1.92 6.3 4.94 1.52 0.13 2.28 1.22 7.73 2.58 1.33 0.38 0.98 0.67 3.11 2.9 0.18 0.25 3.42 
23 1.21 1.13 1.54 0 0 2.71 2.79 4.14 4.42 0.57 2.9 3.51 0.55 0 2.27 3.14 0.2 0.45 2.63 0 3.45 1.41 2.66 0.0 0 1.41 0.57 4.14 1.02 5.19 4.05 3.2 1.06 0.25 2.46 4.61 0 0 0.87 0 0.48 1.04 1.32 0.62 1.36 4.94 3.95 5.19 3.48 1.27 1.72 2.66 2.71 6.59 0.95 0 0 0.9 2.65 4.25 0.97 1.29 0 1.14 2.91 0 5.93 1.41 3.42 2.77 2.27 3.26 0.67 0.27 1.17 1.85 
24 0 0.98 4.18 0.23 0.63 2.07 0 0 0 0 3.76 0 2.73 0 5.27 2.27 0 2.45 0.8 5.18 0 0.78 0.58 0 0.0 0 1.33 4.52 4.81 0.8 0 0.67 0.3 0.38 0 4.52 0.95 0.99 4.33 1.09 1.48 0.43 1.85 1.54 0 1.72 4.14 3.14 0 0.66 1.41 0.86 4.42 1.96 0 0.45 0 2.35 0.62 0 0 1.84 1.97 1.69 4.81 0.83 2.23 1.49 0 0 0 2.5 3.01 0.45 0 1.29 
25 2.03 3.95 0.7 0 0.67 0 0 0 2.59 0.17 0.9 1.49 2.07 2.07 0 0 1.72 2.35 0 1.84 4.31 3.51 0 1.41 0 0.0 0 0 0.85 4.8 0 0.7 0.2 1.41 3.76 1.56 0 4.0 0.5 0 1.79 1.84 0 0 0.27 0.78 0 0 4.99 2.45 0 1.66 4.23 2.34 2.15 0.55 2.46 0 1.42 2.07 0 2.39 5.7 3.2 7.48 1.29 5.07 0.58 2.28 2.66 1.24 0 1.11 0 4.61 3.29 
26 0 3.8 0 1.88 0.68 1.13 0 0 0.86 1.79 0 0 0.12 2.16 0 2.82 0 0 0 0.82 2.46 3.11 0 0.57 1.33 0 0.0 0.3 3.8 1.36 1.88 0 0 1.36 0 0.86 0 1.41 0.78 0.66 0.68 1.6 2.53 4.56 1.88 1.69 0.39 3.01 0.98 0 2.54 0 0.59 1.6 2.45 0.65 5.07 2.82 0.86 0.57 0.78 1.56 1.72 0 4.52 0.98 1.85 0.2 0.8 2.59 0.75 2.71 0 0 1.02 0.55 
27 0.99 0.58 2.53 3.29 0.94 0 0.37 0.99 0 0 0.58 0.52 2.45 0.66 0 0 3.2 0 0 1.41 2.07 2.16 4.43 4.14 4.52 0 0.3 0.0 3.29 0.75 0.23 4.52 0.63 0.48 0.66 0.63 2.26 1.79 0 2.22 0 0 0 0.68 1.41 0.56 0.31 1.79 0.86 1.68 0.75 0.43 0 2.16 0.8 2.23 0 0 1.17 0.55 0 1.29 2.63 3.29 0 0 0 1.13 0 0 0 0.48 0 0.48 1.23 0.59 
28 3.04 0.55 0.94 4.05 2.66 1.88 0.7 3.48 0 1.68 6.33 4.89 0 3.11 4.61 1.09 0 1.72 4.42 0.68 2.92 0 0.15 1.02 4.81 0.85 3.8 3.29 0.0 1.79 0.74 7.6 0.65 0.59 0.47 3.67 0 0.42 1.99 1.72 0.57 0.38 0.33 0.74 4.31 1.88 3.8 0.92 1.22 0 4.14 2.91 3.67 1.76 0 0.99 3.8 3.93 1.72 0.99 0 1.27 0.23 0.78 0.37 3.45 0 3.42 2.15 0 1.97 0.43 2.71 1.04 0 0 
29 0 0 1.51 3.39 1.04 0.37 1.88 0.4 0 3.95 1.6 0.65 2.82 0 0 0 0 0.43 3.2 0.94 0.3 0 1.79 5.19 0.8 4.8 1.36 0.75 1.79 0.0 0.55 0 1.56 0.43 0.86 2.26 0 0 0 0 1.25 3.86 1.49 3.39 0 0.38 0 0.68 0 3.86 2.9 1.6 1.13 1.21 1.29 5.65 0 0 0 0 0.98 0.42 2.07 1.97 2.59 0 2.83 0 0.92 0.86 0 0.86 1.49 1.54 0.51 1.51 
30 0.23 0.35 0 0 0 1.22 1.13 2.35 2.07 0.62 1.56 5.07 0 0 0.6 1.79 3.04 0 4.23 0 0 0.22 2.66 4.05 0 0 1.88 0.23 0.74 0.55 0.0 0 2.09 0 0.92 1.6 0.74 0.33 0.67 1.41 0 0.53 1.85 0.45 1.91 0.13 0 0.51 0.43 1.29 1.6 0 0.63 2.03 1.09 0.92 3.48 1.36 1.33 5.83 0 0.35 0.86 2.91 4.43 0.73 6.08 0.63 0.75 0.38 0 1.6 2.09 0.99 0.56 1.04 
31 0.62 0 1.96 1.25 2.65 0 0 0 0 1.6 0 1.6 0 4.8 4.56 0 1.6 0.53 2.73 0 1.19 1.07 3.88 3.2 0.67 0.7 0 4.52 7.6 0 0 0.0 0.94 1.84 0 2.16 0 0 0.7 0 1.6 1.02 0 2.27 0.48 0 0 2.46 0 0 0.98 0 2.71 3.8 0 1.98 2.19 0.99 0 2.46 0 8.87 0.94 2.9 6.78 0.32 3.29 0.6 2.65 0 1.27 0 0.99 0.87 0.94 2.46 
32 0.86 0.52 0 0.49 0 2.83 0 1.72 3.11 0.66 2.07 3.29 0.22 0 3.76 4.61 1.05 0 0 0 3.57 0 3.76 1.06 0.3 0.2 0 0.63 0.65 1.56 2.09 0.94 0.0 0 1.17 0 0 0 0 0.94 0.49 0 0.65 3.2 0.2 0.6 2.92 4.42 3.86 0 0 0.25 1.37 2.03 2.83 0.78 0 0 0.74 1.92 3.94 3.02 4.18 2.16 4.52 1.25 0 2.35 0 2.19 0 1.0 0.55 0.48 1.45 0.94 
33 2.15 1.01 1.27 0.99 0 3.8 1.01 1.91 1.29 1.85 1.52 5.83 1.42 0.6 5.7 2.22 0.75 0.27 1.21 1.56 0.7 3.04 0.63 0.25 0.38 1.41 1.36 0.48 0.59 0.43 0 1.84 0 0.0 0 0 2.03 2.22 0 0.52 2.66 2.28 2.28 0 0 2.26 0 0 0 0.27 2.73 0.17 0 3.76 0 0 2.53 3.67 0 7.1 0 0.42 0.55 0.37 3.29 0.78 2.07 0 1.13 0 0.75 2.46 0.53 0.63 0 0.63 
34 0.39 3.11 1.17 1.79 0.66 0.78 0.7 0 0.43 1.17 0.45 2.35 1.11 0.22 1.88 1.88 2.73 0.28 1.72 0 1.85 3.42 3.39 2.46 0 3.76 0 0.66 0.47 0.86 0.92 0 1.17 0 0.0 0.18 0.5 0 1.6 1.72 0 1.72 2.65 2.4 1.17 0.39 0.12 2.35 1.17 3.58 3.58 1.29 0 1.6 0 1.96 0.77 0.32 0.37 0 3.58 0 3.55 1.91 6.21 1.85 3.01 0.47 1.22 0.6 2.16 3.39 1.54 1.09 2.79 0.62 
35 1.69 0 3.8 1.33 0 0 0.45 0.31 0.31 0 0.35 1.41 0.78 0.27 0.55 2.45 2.22 2.07 0.77 0 0 4.81 1.84 4.61 4.52 1.56 0.86 0.63 3.67 2.26 1.6 2.16 0 0 0.18 0.0 2.46 1.37 0 2.45 1.54 3.33 0.89 4.61 0 0 0 0.58 1.13 0 1.56 0 0.2 0.27 1.41 3.02 0 0.98 0 1.23 0 1.84 0 0.67 1.0 0 0 0.2 0 0 0 0 0.86 0.63 4.18 0 
36 2.03 2.09 0.94 2.96 0 0.39 0 3.76 0.58 0 0 0 0 1.02 2.9 0 0.7 0 2.5 0 0 0.39 1.09 0 0.95 0 0 2.26 0 0 0.74 0 0 2.03 0.5 2.46 0.0 0 3.45 2.15 0 0 0 1.52 0 1.23 0 0.37 0.74 3.08 0 1.49 0.47 0.78 2.03 0 0 0.78 3.14 0 0.68 0 2.45 2.4 0.65 0 1.04 0 0 0.43 0.2 0.12 0.89 1.85 0 1.17 
37 1.97 2.34 1.02 0 0 0 2.03 3.39 0.5 3.39 2.11 0 0 1.23 0 0 0.73 0 0 0 0.23 0.27 3.2 0 0.99 4.0 1.41 1.79 0.42 0 0.33 0 0 2.22 0 1.37 0 0.0 3.2 0 0.77 0 0 0 1.99 0.7 1.72 0 0.8 3.26 0 0 1.42 0 2.45 0 2.11 0.22 0 0.83 0.68 1.54 3.8 2.59 0.77 3.39 0.95 0 1.72 0 0 0.62 0.85 2.09 2.53 0 
38 1.02 0.83 5.19 0.55 1.91 0 0 0.63 0 2.07 0.43 0.31 0.32 1.33 0.28 0 1.52 1.6 0.65 1.42 2.15 6.72 0.95 0.87 4.33 0.5 0.78 0 1.99 0 0.67 0.7 0 0 1.6 0 3.45 3.2 0.0 0 1.42 0 3.76 3.45 1.91 2.22 0.4 0.85 0 2.71 2.03 1.97 1.09 1.52 0.53 0 0 2.59 0 0.38 2.5 1.02 6.21 0 2.66 0 0 0 1.33 0 0 3.82 0.8 0 0 0 
39 0 0 0.57 0 1.79 0 0.43 0 2.73 0.38 0.68 2.35 0 0 1.25 1.88 0 0 0 0.57 0 6.21 1.84 0 1.09 0 0.66 2.22 1.72 0 1.41 0 0.94 0.52 1.72 2.45 2.15 0 0 0.0 0 0.77 2.96 0 0.92 2.22 0.45 0 2.59 0 1.41 0.82 3.01 1.54 0 0 0 2.96 0.17 3.76 2.54 2.11 3.76 0.52 3.51 0.37 3.67 0 0 2.31 0 0 0.2 0 3.86 0.42 
40 0.55 3.67 0 0 0.82 3.67 0.27 1.88 0.98 0.85 0 1.79 0 3.29 0 0.68 0.27 0 1.29 1.97 1.96 0.65 3.48 0.48 1.48 1.79 0.68 0 0.57 1.25 0 1.6 0.49 2.66 0 1.54 0 0.77 1.42 0 0.0 4.69 1.52 2.09 0.15 1.72 2.07 2.46 0 2.66 1.51 0.68 0 0.42 0 0 4.31 1.6 0.23 5.32 0.95 0.73 0.5 0.86 2.9 0 0 1.05 1.11 1.96 3.39 0.89 0.18 2.45 1.91 0.27 
41 2.22 0.68 0.98 0.48 4.69 4.05 0 0.83 0.85 2.71 0.94 2.5 3.86 2.07 2.5 6.33 0.35 1.33 3.67 0 0.9 0 0 1.04 0.43 1.84 1.6 0 0.38 3.86 0.53 1.02 0 2.28 1.72 3.33 0 0 0 0.77 4.69 0.0 0 0.16 1.25 0 0 4.81 3.39 0.82 1.52 1.66 1.8 0 3.7 2.07 0.17 2.07 0 1.24 3.26 1.02 1.11 1.9 0 1.09 1.19 2.53 1.85 0 0.9 0 0 0.99 1.72 0 
42 4.56 0.39 2.26 1.91 0 5.07 3.29 0 1.96 0 0.95 2.5 3.95 0.85 5.93 4.52 0.86 4.31 0 0 0 0.48 0.68 1.32 1.85 0 2.53 0 0.33 1.49 1.85 0 0.65 2.28 2.65 0.89 0 0 3.76 2.96 1.52 0 0.0 0 0 0 4.23 2.16 4.18 3.04 0 3.55 4.23 0.97 0 2.19 0.55 6.46 3.2 2.89 3.08 1.36 0.99 2.03 0.55 0 6.68 3.86 1.79 0 3.14 2.71 0 1.41 0 3.11 
43 1.21 0.76 0.35 2.45 2.03 2.4 0 0 1.8 0.68 0 3.7 4.69 2.96 5.55 5.83 2.15 0 0 0 3.08 0 0.68 0.62 1.54 0 4.56 0.68 0.74 3.39 0.45 2.27 3.2 0 2.4 4.61 1.52 0 3.45 0 2.09 0.16 0 0.0 0.48 4.43 0 0 4.05 0 0 2.91 0 3.33 0.92 4.8 0.68 0.82 2.9 0 3.08 0.38 0 0.43 0.55 0 4.13 2.28 3.29 0 0 0.75 2.77 0.74 0.4 3.8 
44 0 2.45 2.45 0.28 0 0.73 0 2.73 0.57 1.13 1.02 3.58 0.23 2.65 3.86 2.9 0 0 1.32 3.86 0 1.6 1.37 1.36 0 0.27 1.88 1.41 4.31 0 1.91 0.48 0.2 0 1.17 0 0 1.99 1.91 0.92 0.15 1.25 0 0.48 0.0 0 0 1.68 0.63 1.22 0 1.13 0 0 4.33 1.48 0.45 2.96 2.07 4.8 0 5.57 1.13 1.69 2.65 0 5.45 2.26 0 0 1.0 2.23 0 0 2.03 0.82 
45 0 0.48 1.77 0 0 0 0.66 0.33 0.92 3.48 0 4.43 0.98 0.8 3.67 1.22 2.73 0 4.52 0.35 0 0.7 1.79 4.94 1.72 0.78 1.69 0.56 1.88 0.38 0.13 0 0.6 2.26 0.39 0 1.23 0.7 2.22 2.22 1.72 0 0 4.43 0 0.0 0.74 0 0.15 4.81 0 0.37 0 2.54 0 5.27 2.71 0.92 1.91 4.94 0 3.42 2.07 1.85 0 0 1.64 0.51 0.74 0 1.66 0 0.55 0 0.86 0.2 
46 0 2.16 0 0.5 0 0 0 0 0 0 0 0.38 0 0 1.69 1.29 1.17 1.11 0 0.2 1.21 2.73 1.49 3.95 4.14 0 0.39 0.31 3.8 0 0 0 2.92 0 0.12 0 0 1.72 0.4 0.45 2.07 0 4.23 0 0 0.74 0.0 2.54 1.29 2.4 1.49 2.07 0.31 0.25 0.63 3.02 1.88 1.88 1.98 0 0 1.52 0 0 6.46 0 1.85 0.37 0 0 3.48 0 2.26 2.82 0.4 0.2 
47 0 3.55 1.6 2.53 0.78 0 2.35 3.29 2.82 0 0 0 3.67 0 0 1.41 1.37 1.29 3.51 2.16 0 0.37 2.26 5.19 3.14 0 3.01 1.79 0.92 0.68 0.51 2.46 4.42 0 2.35 0.58 0.37 0 0.85 0 2.46 4.81 2.16 0 1.68 0 2.54 0.0 0 5.57 3.26 2.92 0 0 2.92 2.66 0 1.79 2.83 0 1.05 2.03 1.88 3.11 0.6 0 7.22 2.54 1.98 0.68 0 0.8 0 0.4 1.39 2.26 
48 1.23 1.6 0.8 0.6 0.86 0.66 1.79 1.79 2.35 1.68 0 0.73 0 1.17 1.49 0 3.8 0 0.87 1.85 0 0.49 2.91 3.48 0 4.99 0.98 0.86 1.22 0 0.43 0 3.86 0 1.17 1.13 0.74 0.8 0 2.59 0 3.39 4.18 4.05 0.63 0.15 1.29 0 0.0 2.4 4.52 2.45 0.3 4.56 0 0 1.64 0.3 1.52 1.88 0 2.41 2.28 1.13 3.39 3.02 3.14 0 0.59 0.66 0 0 0 0.35 1.01 0.66 
49 0.47 2.28 1.6 0 2.03 1.8 2.66 2.4 0 2.35 0 4.71 0.43 0 0.89 4.8 0.55 1.98 0 0 0 1.56 0.47 1.27 0.66 2.45 0 1.68 0 3.86 1.29 0 0 0.27 3.58 0 3.08 3.26 2.71 0 2.66 0.82 3.04 0 1.22 4.81 2.4 5.57 2.4 0.0 1.69 2.15 1.64 5.95 0 3.01 0 5.08 2.16 3.88 0 5.07 1.54 1.04 4.18 0.82 0 3.11 1.02 3.08 3.76 2.23 1.91 1.23 4.18 1.09 
50 0 1.33 0.6 1.13 0 0 2.63 1.37 1.6 0.43 1.02 0 0 1.99 2.9 5.27 1.88 1.98 0.23 0 0 3.14 0 1.72 1.41 0 2.54 0.75 4.14 2.9 1.6 0.98 0 2.73 3.58 1.56 0 0 2.03 1.41 1.51 1.52 0 0 0 0 1.49 3.26 4.52 1.69 0.0 1.36 0 1.56 0 0 1.97 0 2.35 5.18 0 0.9 1.52 0 3.14 0.62 0 3.11 3.01 2.42 0 0 0.33 2.09 0.72 1.21 
51 0 1.69 0.23 0.39 0.99 0.53 0.37 2.16 2.45 0.78 1.79 4.56 0.22 0 1.45 1.41 0.75 0 1.6 0 0 3.8 2.45 2.66 0.86 1.66 0 0.43 2.91 1.6 0 0 0.25 0.17 1.29 0 1.49 0 1.97 0.82 0.68 1.66 3.55 2.91 1.13 0.37 2.07 2.92 2.45 2.15 1.36 0.0 0.98 1.21 1.49 1.41 0.43 0 0 4.52 0 4.18 1.79 1.52 4.56 1.45 0 0 0.39 2.46 0 0.75 0 0.59 0 0 
52 0.23 3.29 0 3.11 0 0.3 0 0.74 0.66 0 1.91 1.06 0 0 0.78 0.63 3.11 0.82 0.8 0 0 0 0 2.71 4.42 4.23 0.59 0 3.67 1.13 0.63 2.71 1.37 0 0 0.2 0.47 1.42 1.09 3.01 0 1.8 4.23 0 0 0 0.31 0 0.3 1.64 0 0.98 0.0 1.79 0.51 0.9 0 1.41 2.45 0 3.29 0 0.5 0.57 0 0 1.33 0.55 0 1.33 3.01 0.55 0 1.17 0.37 1.32 
53 2.79 1.88 1.41 1.41 1.48 1.45 1.91 0.49 0 2.73 2.15 0.13 2.53 0 0.43 1.29 3.67 2.35 2.83 0.68 2.71 2.77 3.2 6.59 1.96 2.34 1.6 2.16 1.76 1.21 2.03 3.8 2.03 3.76 1.6 0.27 0.78 0 1.52 1.54 0.42 0 0.97 3.33 0 2.54 0.25 0 4.56 5.95 1.56 1.21 1.79 0.0 0.78 1.8 2.27 3.93 0 0.99 0 3.33 5.57 5.57 8.24 0.8 0.25 1.69 0 2.07 0 0.87 2.53 0.72 4.94 3.17 
54 1.66 0.8 3.2 4.33 0 2.26 0 1.79 0.47 0 2.22 0 3.11 0.66 1.51 0 0 2.09 5.55 0.31 0.45 0.6 0 0.95 0 2.15 2.45 0.8 0 1.29 1.09 0 2.83 0 0 1.41 2.03 2.45 0.53 0 0 3.7 0 0.92 4.33 0 0.63 2.92 0 0 0 1.49 0.51 0.78 0.0 0 0 0.55 2.03 0 0.62 0.77 3.95 0 7.98 2.03 1.97 2.07 1.17 0.67 0 0 0 0 0.57 0.45 
55 0.7 0 1.99 1.66 0 2.62 0.7 1.72 0.85 0.32 0.5 4.23 2.92 5.83 2.07 0 1.37 1.33 0.23 2.19 1.32 0 2.31 0 0.45 0.55 0.65 2.23 0.99 5.65 0.92 1.98 0.78 0 1.96 3.02 0 0 0 0 0 2.07 2.19 4.8 1.48 5.27 3.02 2.66 0 3.01 0 1.41 0.9 1.8 0 0.0 0 6.49 2.92 1.0 0 4.25 0 1.6 8.24 3.76 0.78 0 2.83 0 1.39 3.17 0.43 0 3.57 4.14 
56 0.62 0.27 3.8 1.54 0 6.21 3.55 0 4.89 0.65 3.26 5.93 1.49 5.27 2.5 0.94 0 4.18 0 5.65 0 4.94 2.91 0 0 2.46 5.07 0 3.8 0 3.48 2.19 0 2.53 0.77 0 0 2.11 0 0 4.31 0.17 0.55 0.68 0.45 2.71 1.88 0 1.64 0 1.97 0.43 0 2.27 0 0 0.0 3.63 2.96 4.56 3.76 0 3.04 1.77 0.35 0 0 3.95 0 1.88 0 0 0 1.98 1.33 0 
57 1.72 1.68 3.67 0.78 0.82 1.13 1.25 2.54 0.78 0.83 2.83 4.94 2.34 0 2.82 0.38 4.14 0 5.93 0 0.51 0 0 0.9 2.35 0 2.82 0 3.93 0 1.36 0.99 0 3.67 0.32 0.98 0.78 0.22 2.59 2.96 1.6 2.07 6.46 0.82 2.96 0.92 1.88 1.79 0.3 5.08 0 0 1.41 3.93 0.55 6.49 3.63 0.0 0 1.45 0 4.43 0.58 4.23 0.9 0 5.7 0 1.66 1.66 0.74 0 0.73 0.63 0 2.45 
58 0 0.7 2.09 0.94 0.98 1.64 0 0 0 0.23 0 0.59 0 0 2.79 0 1.17 0.28 1.21 2.35 0 4.42 1.92 2.65 0.62 1.42 0.86 1.17 1.72 0 1.33 0 0.74 0 0.37 0 3.14 0 0 0.17 0.23 0 3.2 2.9 2.07 1.91 1.98 2.83 1.52 2.16 2.35 0 2.45 0 2.03 2.92 2.96 0 0.0 0 0 6.84 5.19 1.41 3.7 0 2.53 0 0.45 2.19 0.97 0 0.2 2.34 0.67 0.38 
59 1.49 3.88 6.33 3.2 4.81 0 1.84 0 0 5.57 1.17 0 3.48 2.82 0.17 0 0.94 0.7 0 0.28 0 0 6.3 4.25 0 2.07 0.57 0.55 0.99 0 5.83 2.46 1.92 7.1 0 1.23 0 0.83 0.38 3.76 5.32 1.24 2.89 0 4.8 4.94 0 0 1.88 3.88 5.18 4.52 0 0.99 0 1.0 4.56 1.45 0 0.0 2.35 1.12 7.48 7.6 10.14 0.78 1.9 0 0.73 0 3.45 0 0.58 3.57 6.72 2.46 
60 0 2.77 2.16 0.99 2.22 0.3 0 4.52 3.86 0 1.1 2.39 0.92 0 2.07 0.78 0.89 0.83 4.62 1.72 0.39 0.35 4.94 0.97 0 0 0.78 0 0 0.98 0 0 3.94 0 3.58 0 0.68 0.68 2.5 2.54 0.95 3.26 3.08 3.08 0 0 0 1.05 0 0 0 0 3.29 0 0.62 0 3.76 0 0 2.35 0.0 1.09 4.69 0 1.92 2.62 0 2.59 2.34 0 0.25 0.31 2.46 0 1.72 0 
61 4.31 0.82 1.88 5.19 0.5 0 0 0.77 0.72 0 5.65 0 1.76 4.81 7.22 3.93 1.29 1.49 3.45 3.02 3.93 0.17 1.52 1.29 1.84 2.39 1.56 1.29 1.27 0.42 0.35 8.87 3.02 0.42 0 1.84 0 1.54 1.02 2.11 0.73 1.02 1.36 0.38 5.57 3.42 1.52 2.03 2.41 5.07 0.9 4.18 0 3.33 0.77 4.25 0 4.43 6.84 1.12 1.09 0.0 0.59 3.55 1.98 0 0 4.69 1.06 1.32 3.8 0.38 0.9 1.88 0.23 3.93 
62 2.07 0.75 0 3.29 1.29 2.35 0.55 0 3.29 2.4 0 1.99 0.52 3.29 1.88 3.01 0.7 1.48 2.53 0.7 3.39 0 0.13 0 1.97 5.7 1.72 2.63 0.23 2.07 0.86 0.94 4.18 0.55 3.55 0 2.45 3.8 6.21 3.76 0.5 1.11 0.99 0 1.13 2.07 0 1.88 2.28 1.54 1.52 1.79 0.5 5.57 3.95 0 3.04 0.58 5.19 7.48 4.69 0.59 0.0 0 0.82 4.99 7.35 1.02 1.41 0.42 1.45 1.97 0.67 0 0 1.79 
63 2.79 0 0.99 0 0 0 0 0 2.34 1.79 2.53 1.92 2.35 3.95 1.92 1.64 0.37 2.41 2.63 2.77 0 3.67 2.28 1.14 1.69 3.2 0 3.29 0.78 1.97 2.91 2.9 2.16 0.37 1.91 0.67 2.4 2.59 0 0.52 0.86 1.9 2.03 0.43 1.69 1.85 0 3.11 1.13 1.04 0 1.52 0.57 5.57 0 1.6 1.77 4.23 1.41 7.6 0 3.55 0 0.0 0 1.96 6.97 0 0 2.4 0 0 0.55 1.14 0.86 0.82 
64 4.05 0 2.73 0.67 5.32 0 3.2 7.22 3.45 2.15 1.09 0 0 0.92 6.59 0.83 1.91 3.95 0 1.05 3.14 0.5 1.22 2.91 4.81 7.48 4.52 0 0.37 2.59 4.43 6.78 4.52 3.29 6.21 1.0 0.65 0.77 2.66 3.51 2.9 0 0.55 0.55 2.65 0 6.46 0.6 3.39 4.18 3.14 4.56 0 8.24 7.98 8.24 0.35 0.9 3.7 10.14 1.92 1.98 0.82 0 0.0 1.22 3.09 1.84 3.39 2.16 4.8 5.57 3.57 0.86 3.67 5.07 
65 0 0 5.83 0.63 2.16 0 2.4 1.88 1.54 2.45 0.62 0.66 0 0 0.66 1.84 0.73 0.52 4.05 0 0.97 2.23 7.73 0 0.83 1.29 0.98 0 3.45 0 0.73 0.32 1.25 0.78 1.85 0 0 3.39 0 0.37 0 1.09 0 0 0 0 0 0 3.02 0.82 0.62 1.45 0 0.8 2.03 3.76 0 0 0 0.78 2.62 0 4.99 1.96 1.22 0.0 0.12 1.72 0 2.58 3.94 2.54 0.7 3.14 1.96 1.33 
66 0 2.39 6.33 0.75 1.49 6.59 5.57 2.16 0.45 2.03 0 0.43 1.85 3.48 1.9 1.88 6.33 0 1.96 2.26 0 5.65 2.58 5.93 2.23 5.07 1.85 0 0 2.83 6.08 3.29 0 2.07 3.01 0 1.04 0.95 0 3.67 0 1.19 6.68 4.13 5.45 1.64 1.85 7.22 3.14 0 0 0 1.33 0.25 1.97 0.78 0 5.7 2.53 1.9 0 0 7.35 6.97 3.09 0.12 0.0 0.53 0 1.14 1.07 0 3.17 3.45 6.84 4.81 
67 0.08 3.8 2.28 0 0 0.4 0 0.15 0.39 2.35 0 0.98 0.22 1.69 0.37 0 3.04 0 0 1.69 0.58 1.13 1.33 1.41 1.49 0.58 0.2 1.13 3.42 0 0.63 0.6 2.35 0 0.47 0.2 0 0 0 0 1.05 2.53 3.86 2.28 2.26 0.51 0.37 2.54 0 3.11 3.11 0 0.55 1.69 2.07 0 3.95 0 0 0 2.59 4.69 1.02 0 1.84 1.72 0.53 0.0 0 2.34 2.4 0.65 0 3.17 0.86 0.12 
68 0 0.74 0.27 0.78 0 0 0.2 0.78 1.23 1.72 0 4.56 0 0 1.29 0 0.66 0 0.62 0.47 0 1.88 0.38 3.42 0 2.28 0.8 0 2.15 0.92 0.75 2.65 0 1.13 1.22 0 0 1.72 1.33 0 1.11 1.85 1.79 3.29 0 0.74 0 1.98 0.59 1.02 3.01 0.39 0 0 1.17 2.83 0 1.66 0.45 0.73 2.34 1.06 1.41 0 3.39 0 0 0 0.0 0 0 0 1.66 1.77 1.65 0 
69 0 0 0 0 0 0 0 4.33 0 1.0 3.82 3.76 3.02 0 2.11 0 0 0 4.07 1.76 0 0.17 0.98 2.77 0 2.66 2.59 0 0 0.86 0.38 0 2.19 0 0.6 0 0.43 0 0 2.31 1.96 0 0 0 0 0 0 0.68 0.66 3.08 2.42 2.46 1.33 2.07 0.67 0 1.88 1.66 2.19 0 0 1.32 0.42 2.4 2.16 2.58 1.14 2.34 0 0.0 0.63 0.55 2.23 1.17 0.3 0.57 
70 0 0 3.2 2.27 2.09 0 0 1.72 3.58 0 3.88 3.57 0 2.54 0.82 0.99 0.89 0 0 0 0.37 2.07 0.67 2.27 0 1.24 0.75 0 1.97 0 0 1.27 0 0.75 2.16 0 0.2 0 0 0 3.39 0.9 3.14 0 1.0 1.66 3.48 0 0 3.76 0 0 3.01 0 0 1.39 0 0.74 0.97 3.45 0.25 3.8 1.45 0 4.8 3.94 1.07 2.4 0 0.63 0.0 0 2.35 0 2.63 0 
71 2.4 0 3.93 0 0 0 2.34 0 0.67 0 3.88 2.35 3.14 0 0 0 0 2.83 0 2.65 0.68 2.15 3.11 3.26 2.5 0 2.71 0.48 0.43 0.86 1.6 0 1.0 2.46 3.39 0 0.12 0.62 3.82 0 0.89 0 2.71 0.75 2.23 0 0 0.8 0 2.23 0 0.75 0.55 0.87 0 3.17 0 0 0 0 0.31 0.38 1.97 0 5.57 2.54 0 0.65 0 0.55 0 0.0 0 0 0.94 0 
72 1.23 1.56 3.2 0.33 0 0 0 1.69 0.42 0.85 0.27 0.78 0 2.22 0 0 1.66 0.27 0 1.13 0.92 1.84 2.9 0.67 3.01 1.11 0 0 2.71 1.49 2.09 0.99 0.55 0.53 1.54 0.86 0.89 0.85 0.8 0.2 0.18 0 0 2.77 0 0.55 2.26 0 0 1.91 0.33 0 0 2.53 0 0.43 0 0.73 0.2 0.58 2.46 0.9 0.67 0.55 3.57 0.7 3.17 0 1.66 2.23 2.35 0 0.0 2.22 0 0.9 
73 0.78 0.47 0.35 0 0.35 1.09 0.43 1.33 1.37 2.16 2.65 6.21 2.63 1.41 0 3.29 1.22 0.78 0 0.7 2.46 0.33 0.18 0.27 0.45 0 0 0.48 1.04 1.54 0.99 0.87 0.48 0.63 1.09 0.63 1.85 2.09 0 0 2.45 0.99 1.41 0.74 0 0 2.82 0.4 0.35 1.23 2.09 0.59 1.17 0.72 0 0 1.98 0.63 2.34 3.57 0 1.88 0 1.14 0.86 3.14 3.45 3.17 1.77 1.17 0 0 2.22 0.0 1.22 2.28 
74 0.33 2.28 0.12 2.92 0.25 0.25 0.25 3.93 0.48 3.86 2.83 1.84 1.91 0 2.65 0.37 1.48 0.42 5.95 2.16 0 0.75 0.25 1.17 0 4.61 1.02 1.23 0 0.51 0.56 0.94 1.45 0 2.79 4.18 0 2.53 0 3.86 1.91 1.72 0 0.4 2.03 0.86 0.4 1.39 1.01 4.18 0.72 0 0.37 4.94 0.57 3.57 1.33 0 0.67 6.72 1.72 0.23 0 0.86 3.67 1.96 6.84 0.86 1.65 0.3 2.63 0.94 0 1.22 0.0 0 
75 0 2.16 0.43 0 0.2 2.07 0.12 0 0.66 0 1.13 1.91 0.55 0 3.67 0 1.17 0 3.39 0 0 2.26 3.42 1.85 1.29 3.29 0.55 0.59 0 1.51 1.04 2.46 0.94 0.63 0.62 0 1.17 0 0 0.42 0.27 0 3.11 3.8 0.82 0.2 0.2 2.26 0.66 1.09 1.21 0 1.32 3.17 0.45 4.14 0 2.45 0.38 2.46 0 3.93 1.79 0.82 5.07 1.33 4.81 0.12 0 0.57 0 0 0.9 2.28 0 0.0 

;