set O:= 0;
set N:= 1 2 3 4 5 6 7 8 9 10 11 12 13 14 15 16 17 18 19 20 21 22 23 24 25 26 27 28 29 30 31 32 33 34 35 36 37 38 39 40 41 42 43 44 45 46 47 48 49 50 51 52 53 54 55 56 57 58 59 60 61 62 63 64 65 66 67 68 69;
set K:= 1 2 3 4 5 6 7 8 9 10;
param V:= 10;
param cp:= 135;
param dm:= 5.0;
param o:=
0 0
1 18
2 26
3 11
4 30
5 21
6 19
7 15
8 16
9 29
10 26
11 37
12 16
13 12
14 31
15 8
16 19
17 20
18 13
19 15
20 22
21 28
22 12
23 6
24 27
25 14
26 18
27 17
28 29
29 13
30 22
31 25
32 28
33 27
34 19
35 10
36 12
37 14
38 24
39 16
40 33
41 15
42 11
43 18
44 17
45 21
46 27
47 19
48 20
49 5
50 22
51 12
52 19
53 22
54 16
55 7
56 26
57 14
58 21
59 24
60 13
61 15
62 18
63 11
64 28
65 9
66 37
67 30
68 10
69 8
;
param c[*,*]
: 0 1 2 3 4 5 6 7 8 9 10 11 12 13 14 15 16 17 18 19 20 21 22 23 24 25 26 27 28 29 30 31 32 33 34 35 36 37 38 39 40 41 42 43 44 45 46 47 48 49 50 51 52 53 54 55 56 57 58 59 60 61 62 63 64 65 66 67 68 69:=
0 0 7 4 5 4 9 3 4 4188 8 29 10 7 6143 9 7539 7 2234 9 7 13 7539 17 11 9 37 2 18 6701 6 5 21 12 4747 6 5026 9214 8935 29 8 16 26 12999 14 6 4 3 8 22 9 9 4 5 6143 30 15 15 31 6 13 13 9493 25 6143 62 11 10 3 2 13 
1 7 0 4 5107 7 12 9 9 8882 10 13 12 35 9 12 14 3 7 14 10436 15 6 2 11 11 15165 8376 10 4 8 5 13 14 1776 7328 11 9493 10610 22 9 8097 8 5 2166 9388 7 31 7818 15 3997 25 20 7772 13 13 18 6 15 19 28 12564 6 7 2 6 12 17 6661 7 10 
2 4 4 0 5 2665 6 2 5995 7 7550 9 19 6980 6 18 29 3997 10 16 15 8935 5 3553 11 7328 17 6 4441 9 18 2 14 11 2220 8 6661 8 9 9104 8 7 11 35 8 38 3109 5 19 7 12 14 4 5 10 30 23 10832 8097 15 11102 20 18 2 7 42 10214 11102 3997 2 7 
3 5 5107 5 0 8 12 6 8 9493 10 10110 17 17 13 9 51 4 3350 5777 23 19 11 7 5 4 7 5584 9772 7106 10051 6 23 12 14 32 19 13402 17 9 7 3 13 45 9388 1083 9 10 46 13 2 4333 6 9214 10 12844 39 36 16 17 23 33 9104 5773 4 16 11 11 7 11 14 
4 4 7 2665 8 0 6 4 4188 4 43 12 9 5026 5 24 7 27 8 14804 7 8097 12 6439 9 13 18 3071 2792 4663 3071 2 15526 12 4 1954 5 9 7 6883 10471 23 13360 13 24 10 2 3 11 16 18 13 4467 3 11 7 20 14 12 36 8438 10051 7 9 7 15165 7772 11 2 2 9 
5 9 12 6 12 6 0 7259 17 28 54 13402 11 10051 6 10 2 10331 9 23 9 3350 3630 8097 25 30 23 16 4 22 7 3630 21 66 8376 11 9 11 2 10 15 10889 62 14443 28 20 3 7 2 1954 16 19 11 6 10 6701 48 17693 3350 47 10 10 6 28 10 15 11 11546 8 6 4 
6 3 9 2 6 4 7259 0 7 13 28 8935 11 19 9 10331 8 4 6 18 18 12 8 7 6143 8 11 5 8 6 5584 3350 12 6 2234 10 9 9 9214 12 15 9 10 9388 8 5 9 6 6980 5305 5863 7818 1675 7 17 11 15 10110 18 9 16 13 8 5 4 49 10889 12285 5 6 11 
7 4 9 5995 8 4188 17 7 0 1954 9027 26 13 5 7 3 7818 9 10 15 3 10889 41 9770 12285 13 14 3 18 33 8 5551 12 40 28 3 6 11168 10051 7 8 5584 23 20 18 10471 7 2 9772 32 44 25 6422 13 7 5305 32 18 7539 6 5 13402 11 8 11 20581 4441 5107 3 11 12844 
8 4188 8882 7 9493 4 28 13 1954 0 23 10 4 11 4 6 6 10 8 21 8 9 10 19 13123 15 61 16 3 8 5 4885 16 11915 15 8 6 12 10 5 10471 14 23 36 33 15 17 1 8376 6980 13 30 7259 1954 3 7 23 18776 11 8 5 11448 11 31 42 40 22 7 6 22 11 
9 8 10 7550 10 43 54 28 9027 23 0 7 8 4 16 7994 28 33 4467 8 13360 21 17 10214 15 9 5 5305 14 12 11727 10 6138 2528 27 22 12 20 15356 4885 1444 2513 64 18 19 4333 13360 11 16 24 9027 8 11 14 26 18 9 18 17 6 9770 23 12 17 42 25 5773 15 9027 31 34 
10 29 13 9 10110 12 13402 8935 26 10 7 0 4 4188 14 6 26 16 8 23 10110 32 30 11991 16971 14443 17 6 16 11102 46 36 6 7944 35 12 9 16 60 1554 3972 6 40 41 19 19 13 10 18 14 16 19 8097 45 3775 52 14 19137 12844 2 8 37 53 10 14804 26 2220 4 11 9 17311 
11 10 12 19 17 9 11 11 13 4 8 4 0 8 8 3 9 9770 9 10214 16 11546 13 13101 25 12 11 6 9 46 10 8882 12 31 10214 5551 3331 14 14 2 22 16 29 29 43 34 7772 6 11 11 44 9 10051 12 2 6 40 91 8660 4 3 54 14 14 14 26 6 3 7 10051 13545 
12 7 35 6980 17 5026 10051 19 5 11 4 4188 8 0 9 30 42 22 4 7259 15 15 44 12 10 8097 6143 4 7259 10 8376 7 9 5 13 20 11 13 12 11 3 2 59 61 13360 5 14 5 10889 10 8 6 7 7 5584 9214 8655 17 42 3 41 31 16 10 28 18 8 17 7 6 13681 
13 6143 9 6 13 5 6 9 7 4 16 14 8 9 0 4885 3071 11448 9 41 15 12 16 19 14 15 38 6422 1954 29 4 5 18415 17 10 5 6 15 22 15 16 9772 38 23 69 62 15 4 6 21 14 37 10 2 6 1954 22387 20220 2 13 6661 10 8438 31 11727 22 8 8216 5026 7 9 
14 9 12 18 9 24 10 10331 3 6 7994 6 3 30 4885 0 7328 41 11 11769 2 12 10436 12435 16 50 10 6 5 44 7 9 7994 36 9992 4441 8 10436 9 4 9 9 29 91 85 36 6439 3997 10 11 13 21 13 9 3 3553 15 29 27 4885 2 47 12657 13 14 101 5 3331 5 12 48 
15 7539 14 29 51 7 2 8 7818 6 28 26 9 42 3071 7328 0 15 12 44 7 2792 7 13 28 32 22 8376 3 10 3 5305 19 17693 20 5584 7259 4 3 10 54 14 18054 69 16609 68 3630 23 4188 4 57 20220 20 9 9 5 25 22 1117 12 9 22 8655 36 15 20 42 13 7 8 7 
16 7 3 3997 4 27 10331 4 9 10 33 16 9770 22 11448 41 15 0 3909 33 11727 14 8935 6 3 3 40 6 9493 5 9 5329 59 25 7 8097 40 23 25 35 10 5 8 10 6138 5 32 17 12 8376 4 7222 9 9214 35 13 25 6 49 43 14 30 9 5 3 22 20 11102 6701 6 12 
17 2234 7 10 3350 8 9 6 10 8 4467 8 9 4 9 11 12 3909 0 7259 10 14 10 35 8 7259 6980 2 7 16 9 6 18 4 5 6 6143 14 11 7259 4 2 15 12277 11 4 7 20 18 8 23 5863 2 12 28 38 19 11915 11 9 13 28 13 13 5305 61 17 10 4 3 15 
18 9 14 16 5777 14804 23 18 15 21 8 23 10214 7259 41 11769 44 33 7259 0 77 25275 20 17 10110 19 4 9 18 68 75 16248 10471 5 22 32 21 92 26 11 8 23 14082 15 15 5055 17332 18 82 23 6 4 29 22 20 21303 6 11 22748 22 14 27081 40 30 10110 18 9548 14 14 13 23831 
19 7 10436 15 23 7 9 18 3 8 13360 10110 16 15 15 2 7 11727 10 77 0 12 44 12 15 15356 34 12 4188 10 13 7 15 16 18 4 2 11 10 20 15 36 23 21 19 14804 7 4 39 34 16 19 11 4 10 4 40 21665 6 9027 5 25 22 10 50 25 6 5329 5026 10 25 
20 13 15 8935 19 8097 3350 12 10889 9 21 32 11546 15 12 12 2792 14 14 25275 12 0 25 12 15636 23 25275 11168 6143 35 10 8 40 20942 23 34 10 4 7 49 16 56 39 18 18054 25 7 17 4 7 16 30 14 7 9770 9 57 24 15 16 11 11 8655 40 13 37 26 13 20 10 6 
21 7539 6 5 11 12 3630 8 41 10 17 30 13 44 16 10436 7 8935 10 20 44 25 0 6 13 15 41 37 26 3 4 4 20 16 6701 7539 10610 3 5 11769 13681 12 12 12 10 19 6 32 3 4 14 37 8376 7 20 11 24 14082 7 52 13 7 3 4 8097 12 16 53 10 22 3 
22 17 2 3553 7 6439 8097 7 9770 19 10214 11991 13101 12 19 12435 13 6 35 17 12 12 6 0 4663 9 18 10 7772 2 16 4663 28 58 4 32 13 10 38 14 13 41 5 8 8 16 13 11 27 6422 7 16 29 8 23 11 27 8305 11 14 60 10889 2665 2 3997 19 13545 18 9 7 9 
23 11 11 11 5 9 25 6143 12285 13123 15 16971 25 10 14 16 28 3 8 10110 15 15636 13 4663 0 3 26 11 12285 7 11448 7106 18776 19 4 45 13681 16 17 23 13 9 16 20 7 32 10889 11727 11448 41 2220 40 5863 49 11546 20 15 2 17 15526 31 32 9 4 1998 8305 13 56 13 7539 12564 
24 9 11 7328 4 13 30 8 13 15 9 14443 12 8097 15 50 32 3 7259 19 15356 23 15 9 3 0 9 19 13402 8438 17 9 18 8 6 12 13402 32 33 10214 20 27 12 43 36 6 25 12285 57 14 1554 5416 12 13123 14 19 12 6 34 17 15 24 13 14 3997 13721 14 16 21 10 20 
25 37 15165 17 7 18 23 11 14 61 5 17 11 6143 38 10 22 40 6980 4 34 25275 41 18 26 9 0 8 19 20 18415 17 13 5 26 14443 29 29 23470 8 5 5305 34 20 18 7 21 14 24 19137 9388 3 30 16248 17 40 13 58 22 33 15 27 28 16248 12277 21303 15 8882 16 41 98 
26 2 8376 6 5584 3071 16 5 3 16 5305 6 6 4 6422 6 8376 6 2 9 12 11168 37 10 11 19 8 0 6 8376 25 5584 11 6 12 3 16 13 40 22 19 3071 19 30 12999 5584 5026 6 8935 14 8 7539 4 8 19 7259 14 14443 8376 3909 11 26 14 16 7 69 28 17 6 3630 11727 
27 18 10 4441 9772 2792 4 8 18 3 14 16 9 7259 1954 5 3 9493 7 18 4188 6143 26 7772 12285 13402 19 6 0 5773 2234 4 17332 17 8 1954 9 6701 5305 7 52 8 18 18 19 26 1675 4 5305 16 24 20 9 1 5107 15 41 18 4 22 9 9 9 25 9772 18 8 8 3350 5 8 
28 6701 4 9 7106 4663 22 6 33 8 12 11102 46 10 29 44 10 5 16 68 10 35 3 2 7 8438 20 8376 5773 0 21 5 13323 16 4 7 35 5 8 14 12 11 9 8 9 12277 18 6661 8 15 7 64 6422 6439 12 9 24 10832 8655 12 15 9 2220 2 6 9 25 13 5995 4747 5 
29 6 8 18 10051 3071 7 5584 8 5 11727 46 10 8376 4 7 3 9 9 75 13 10 4 16 11448 17 18415 25 2234 21 0 10 15 29 8 16 6701 5 4 9 12 18 59 17 52 15 1117 4 12 2 46 68 29 3350 9 23 21665 17 4 13 9 28 8 25 18 30 10 20 5 17 25 
30 5 5 2 6 2 3630 3350 5551 4885 10 36 8882 7 5 9 5305 5329 6 16248 7 8 4 4663 7106 9 17 5584 4 5 10 0 11 49 4 13 23 21 11 18 32 8 13 22 11 45 2 4 7 8 9 30 6 7 15 12 25 53 25 30 10214 10 5 6 5107 12638 20 10658 7 2234 13 
31 21 13 14 23 15526 21 12 12 16 6138 6 12 9 18415 7994 19 59 18 10471 15 40 20 28 18776 18 13 11 17332 13323 15 11 0 17 42 16 51 24 21 16 6 7259 44 29 84 13 22 16 70 16 17 18 10 64 6661 18 7583 81 33 7 18 25 15543 14 16971 104 8 5773 26 12006 21 
32 12 14 11 12 12 66 6 40 11915 2528 7944 31 5 17 36 17693 25 4 5 16 20942 16 58 19 8 5 6 17 16 29 49 17 0 9 22 12 21 24 6 3611 9 13 18 12277 4 16 11193 16971 14804 7 3 5 25 15 66 14 12 18 14 14 23109 35 11915 8305 69 14 9 9027 7 81 
33 4747 1776 2220 14 4 8376 2234 28 15 27 35 10214 13 10 9992 20 7 5 22 18 23 6701 4 4 6 26 12 8 4 8 4 42 9 0 6 8 9214 10051 10 14 5863 6499 6499 5 8 21 7 8 6 4 10471 3 6 36 9 18 7222 44 9 12435 13 6 4 3 9388 21 15 5 13 12 
34 6 7328 8 32 1954 11 10 3 8 22 12 5551 20 5 4441 5584 8097 6 32 4 34 7539 32 45 12 14443 3 1954 7 16 13 16 22 6 0 4 10 8 23 40 6 32 62 56 22 6 2 6980 21 10610 13721 23 1 3775 5 36 21 7 10 8 10610 8 6217 35 17693 27 7106 1396 3630 13 
35 5026 11 6661 19 5 9 9 6 6 12 9 3331 11 6 8 7259 40 6143 21 2 10 10610 13 13681 13402 29 16 9 35 6701 23 51 12 8 4 0 45 20 4 9388 28 78 24 17693 12 6 2 12 16 12 29 8 4 3 4188 71 22 14 7 18 13 13 9 14 24 5 5 4 7 14 
36 9214 9493 8 13402 9 11 9 11168 12 20 16 14 13 15 10436 4 23 14 92 11 4 3 10 16 32 29 13 6701 5 5 21 24 21 9214 10 45 0 2 12435 61 13 19 14 56 18 5584 10 1675 3350 13960 27 42 10 21 37 27 18 22 14240 12 3071 5 29 10889 16 15 28 12 8 1954 
37 8935 10610 9 17 7 2 9214 10051 10 15356 60 14 12 22 9 3 25 11 26 10 7 5 38 17 33 23470 40 5305 8 4 11 21 24 10051 8 20 2 0 11546 19 26 22 18 18 74 20 31 3 3630 14798 22 14 26 10 7259 33 78 7 17 22 3071 14 8376 11727 18 12213 25 10 7818 4 
38 29 22 9104 9 6883 10 12 7 5 4885 1554 2 11 15 4 10 35 7259 11 20 49 11769 14 23 10214 8 22 7 14 9 18 16 6 10 23 4 12435 11546 0 5 6422 24 22026 20220 28 7994 7 23 11 9770 29 8935 12 2665 9 9 23 9326 2 6 57 15 10880 10 31 1 2 5 38 14 
39 8 9 8 7 10471 15 15 8 10471 1444 3972 22 3 16 9 54 10 4 8 15 16 13681 13 13 20 5 19 52 12 12 32 6 3611 14 40 9388 61 19 5 0 3 33 17332 17 22 12999 12 15 11727 11 5416 23 11554 11 15 8 19 13402 7 36 73 15 36 22 41 10 6439 9 9 66 
40 16 8097 7 3 23 10889 9 5584 14 2513 6 16 2 9772 9 14 5 2 23 36 56 12 41 9 27 5305 3071 8 11 18 8 7259 9 5863 6 28 13 26 6422 3 0 13360 18 25 3 31 6143 45 9 5863 4467 3071 8 8 12 9 12277 23 8 11727 32 14 9 8 34 9 9 4747 5026 56 
41 26 8 11 13 13360 62 10 23 23 64 40 29 59 38 29 18054 8 15 14082 23 39 12 5 16 12 34 19 18 9 59 13 44 13 6499 32 78 19 22 24 33 13360 0 1 2 23 14 18 13721 52 9 28 19 33 21 87 38 4 24 18 30 19137 12 13 5416 4 47 28 30 22 14 
42 12999 5 35 45 13 14443 9388 20 36 18 41 29 61 23 91 69 10 12277 15 21 18 12 8 20 43 20 30 18 8 17 22 29 18 6499 62 24 14 18 22026 17332 18 1 0 2 14 14 16248 25 11915 8666 17 10110 16248 23 21 40 6 18415 18776 33 18054 16 12 5777 6 24 103 59 21 13 
43 14 2166 8 9388 24 28 8 18 33 19 19 43 13360 69 85 16609 6138 11 15 19 18054 10 8 7 36 18 12999 19 9 52 11 84 12277 5 56 17693 56 18 20220 17 25 2 2 0 13 12638 15 12 11554 7 13 8305 17 39 25 18415 8 20 16971 25 18054 9 5 5 6 24 48 27 9388 13 
44 6 9388 38 1083 10 20 5 10471 15 4333 19 34 5 62 36 68 5 4 5055 14804 25 19 16 32 6 7 5584 26 12277 15 45 13 4 8 22 12 18 74 28 22 3 23 14 13 0 12 11 31 17 4694 4 3350 14 8 16609 35 12 69 7944 45 28 15887 13 6499 31 9 9548 8666 7 21 
45 4 7 3109 9 2 3 9 7 17 13360 13 7772 14 15 6439 3630 32 7 17332 7 7 6 13 10889 25 21 5026 1675 18 1117 2 22 16 21 6 6 5584 20 7994 12999 31 14 14 12638 12 0 13 4 3 10610 17 8 2 24 6 20220 32 17 11193 8660 9 5995 20 17 16 10 12 7 13 9 
46 3 31 5 10 3 7 6 2 1 11 10 6 5 4 3997 23 17 20 18 4 17 32 11 11727 12285 14 6 4 6661 4 4 16 11193 7 2 2 10 31 7 12 6143 18 16248 15 11 13 0 7539 23 44 27 6143 6 4 9 71 35 5584 7583 6 11 11 7 9 18415 6 27 7 5 12 
47 8 7818 19 46 11 2 6980 9772 8376 16 18 11 10889 6 10 4188 12 18 82 39 4 3 27 11448 57 24 8935 5305 8 12 7 70 16971 8 6980 12 1675 3 23 15 45 13721 25 12 31 4 7539 0 2 12285 77 8655 6 9 8655 49 16 5305 12844 12 4747 4467 22 37 14 15 12657 7539 5863 3071 
48 22 15 7 13 16 1954 5305 32 6980 24 14 11 10 21 11 4 8376 8 23 34 7 4 6422 41 14 19137 14 16 15 2 8 16 14804 6 21 16 3350 3630 11 11727 9 52 11915 11554 17 3 23 2 0 22 17332 7259 6 7994 8 25 19 6 44 13 6 5305 5026 10 52 10880 23 7 8 19 
49 9 3997 12 2 18 16 5863 44 13 9027 16 44 8 14 13 57 4 23 6 16 16 14 7 2220 1554 9388 8 24 7 46 9 17 7 4 10610 12 13960 14798 9770 11 5863 9 8666 7 4694 10610 44 12285 22 0 6499 4747 23 10436 17 11554 5 60 12638 28 22 8882 11 10 11915 22 12 37 9 13960 
50 9 25 14 4333 13 19 7818 25 30 8 19 9 6 37 21 20220 7222 5863 4 19 30 37 16 40 5416 3 7539 20 64 68 30 18 3 10471 13721 29 27 22 29 5416 4467 28 17 13 4 17 27 77 17332 6499 0 25 15 11 19 5 46 21 9027 49 28 22 18 10 37 10 10 11915 8935 90 
51 4 20 4 6 4467 11 1675 6422 7259 11 8097 10051 7 10 13 20 9 2 29 11 14 8376 29 5863 12 30 4 9 6422 29 6 10 5 3 23 8 42 14 8935 23 3071 19 10110 8305 3350 8 6143 8655 7259 4747 25 0 14 11 21 20 10 10 7 54 14 9214 21 3350 12999 41 12 4 11 11168 
52 5 7772 5 9214 3 6 7 13 1954 14 45 12 7 2 9 9 9214 12 22 4 7 7 8 49 13123 16248 8 1 6439 3350 7 64 25 6 1 4 10 26 12 11554 8 33 16248 17 14 2 6 6 6 23 15 14 0 4219 7 24 20 4188 9388 7 9772 8 7 12 18 8 15 10 5 19 
53 6143 13 10 10 11 10 17 7 3 26 3775 2 5584 6 3 9 35 28 20 10 9770 20 23 11546 14 17 19 5107 12 9 15 6661 15 36 3775 3 21 10 2665 11 8 21 23 39 8 24 4 9 7994 10436 11 11 4219 0 9 13 26 6883 3 7 12 24 9770 9770 23470 6 4 16 8 47 
54 30 13 30 12844 7 6701 11 5305 7 18 52 6 9214 1954 3553 5 13 38 21303 4 9 11 11 20 19 40 7259 15 9 23 12 18 66 9 5 4188 37 7259 9 15 12 87 21 25 16609 6 9 8655 8 17 19 21 7 9 0 23 23 8 48 5 13 11 37 15 22748 29 28 6143 17 14 
55 15 18 23 39 20 48 15 32 23 9 14 40 8655 22387 15 25 25 19 6 40 57 24 27 15 12 13 14 41 24 21665 25 7583 14 18 36 71 27 33 9 8 9 38 40 18415 35 20220 71 49 25 11554 5 20 24 13 23 0 16 24914 11193 15 34 50 19 30 23470 8882 12 16 51 35 
56 15 6 10832 36 14 17693 10110 18 18776 18 19137 91 17 20220 29 22 6 11915 11 21665 24 14082 8305 2 6 58 14443 18 10832 17 53 81 12 7222 21 22 18 78 23 19 12277 4 6 8 12 32 35 16 19 5 46 10 20 26 23 16 0 43 17332 53 22026 13 8666 5055 8 22 25 61 12 69 
57 31 15 8097 16 12 3350 18 7539 11 17 12844 8660 42 2 27 1117 49 11 22748 6 15 7 11 17 34 22 8376 4 8655 4 25 33 18 44 7 14 22 7 9326 13402 23 24 18415 20 69 17 5584 5305 6 60 21 10 4188 6883 8 24914 43 0 13 10 6 9772 11 50 22 10 9992 7 30 7539 
58 6 19 15 17 36 47 9 6 8 6 2 4 3 13 4885 12 43 9 22 9027 16 52 14 15526 17 33 3909 22 12 13 30 7 14 9 10 7 14240 17 2 7 8 18 18776 16971 7944 11193 7583 12844 44 12638 9027 7 9388 3 48 11193 17332 13 0 7 19 11991 9104 52 43 4 4441 6 15 63 
59 13 28 11102 23 8438 10 16 5 5 9770 8 3 41 6661 2 9 14 13 14 5 11 13 60 31 15 15 11 9 15 9 10214 18 14 12435 8 18 12 22 6 36 11727 30 33 25 45 8660 6 12 13 28 49 54 7 7 5 15 53 10 7 0 53 17 13101 13323 28886 6 3331 7 14 14 
60 13 12564 20 33 10051 10 13 13402 11448 23 37 54 31 10 47 22 30 28 27081 25 11 7 10889 32 24 27 26 9 9 28 10 25 23109 13 10610 13 3071 3071 57 73 32 19137 18054 18054 28 9 11 4747 6 22 28 14 9772 12 13 34 22026 6 19 53 0 10 10331 16 22 60 17 11727 10610 5 
61 9493 6 18 9104 7 6 8 11 11 12 53 14 16 8438 12657 8655 9 13 40 22 8655 3 2665 9 13 28 14 9 2220 8 5 15543 35 6 8 13 5 14 15 15 14 12 16 9 15887 5995 11 4467 5305 8882 22 9214 8 24 11 50 13 9772 11991 17 10 0 4 6217 30 14 15 8216 9 16 
62 25 7 2 5773 9 28 5 8 31 17 10 14 10 31 13 36 5 13 30 10 40 4 2 4 14 16248 16 25 2 25 6 14 11915 4 6217 9 29 8376 10880 36 9 13 12 5 13 20 7 22 5026 11 18 21 7 9770 37 19 8666 11 9104 13101 10331 4 0 3 9 47 12879 7 17 8 
63 6143 2 7 4 7 10 4 11 42 42 14804 14 28 11727 14 15 3 5305 10110 50 13 8097 3997 1998 3997 12277 7 9772 6 18 5107 16971 8305 3 35 14 10889 11727 10 22 8 5416 5777 5 6499 17 9 37 10 10 10 3350 12 9770 15 30 5055 50 52 13323 16 6217 3 0 9 44 12213 8 5 10889 
64 62 6 42 16 15165 15 49 20581 40 25 26 26 18 22 101 20 22 61 18 25 37 12 19 8305 13721 21303 69 18 9 30 12638 104 69 9388 17693 24 16 18 31 41 34 4 6 6 31 16 18415 14 52 11915 37 12999 18 23470 22748 23470 8 22 43 28886 22 30 9 9 0 29 36 21 52 25 
65 11 12 10214 11 7772 11 10889 4441 22 5773 2220 6 8 8 5 42 20 17 9548 6 26 16 13545 13 14 15 28 8 25 10 20 8 14 21 27 5 15 12213 1 10 9 47 24 24 9 10 6 15 10880 22 10 41 8 6 29 8882 22 10 4 6 60 14 47 44 29 0 2 6217 13 59 
66 10 17 11102 11 11 11546 12285 5107 7 15 4 3 17 8216 3331 13 11102 10 14 5329 13 53 18 56 16 8882 17 8 13 20 10658 5773 9 15 7106 5 28 25 2 6439 9 28 103 48 9548 12 27 12657 23 12 10 12 15 4 28 12 25 9992 4441 3331 17 15 12879 12213 36 2 0 8 12 30 
67 3 6661 3997 7 2 8 5 3 6 9027 11 7 7 5026 5 7 6701 4 14 5026 20 10 9 13 21 16 6 3350 5995 5 7 26 9027 5 1396 4 12 10 5 9 4747 30 59 27 8666 7 7 7539 7 37 11915 4 10 16 6143 16 61 7 6 7 11727 8216 7 8 21 6217 8 0 3 10610 
68 2 7 2 11 2 6 6 11 22 31 9 10051 6 7 12 8 6 3 13 10 10 22 7 7539 10 41 3630 5 4747 17 2234 12006 7 13 3630 7 8 7818 38 9 5026 22 21 9388 7 13 5 5863 8 9 8935 11 5 8 17 51 12 30 15 14 10610 9 17 5 52 13 12 3 0 9 
69 13 10 7 14 9 4 11 12844 11 34 17311 13545 13681 9 48 7 12 15 23831 25 6 3 9 12564 20 98 11727 8 5 25 13 21 81 12 13 14 1954 4 14 66 56 14 13 13 21 9 12 3071 19 13960 90 11168 19 47 14 35 69 7539 63 14 5 16 8 10889 25 59 30 10610 9 0 

;param cto[*,*]
: 0 1 2 3 4 5 6 7 8 9 10 11 12 13 14 15 16 17 18 19 20 21 22 23 24 25 26 27 28 29 30 31 32 33 34 35 36 37 38 39 40 41 42 43 44 45 46 47 48 49 50 51 52 53 54 55 56 57 58 59 60 61 62 63 64 65 66 67 68 69:=
0 0 46 44 45 39 42 43 44 40 42 42 43 40 42 43 43 41 39 48 42 44 43 43 43 48 44 39 41 42 41 40 44 42 41 40 41 44 44 42 42 40 44 44 43 41 40 44 42 41 43 43 40 40 42 43 45 44 43 45 45 46 44 42 42 46 43 48 39 39 44 
1 46 0 40 42 42 44 41 49 45 44 46 51 43 49 51 45 44 46 44 46 46 46 43 40 42 45 43 44 40 47 42 47 43 39 44 46 44 45 47 45 43 40 40 39 42 43 44 43 42 41 44 41 44 46 46 50 41 46 45 49 46 42 39 43 45 51 49 43 41 44 
2 44 40 0 46 40 41 43 43 42 44 49 46 42 46 45 42 41 41 45 44 44 40 41 42 44 45 45 41 40 41 43 47 47 40 41 43 42 42 45 44 46 42 42 42 42 40 45 41 40 42 44 40 45 44 44 47 43 43 44 47 44 41 43 41 43 46 47 41 39 46 
3 45 42 46 0 42 49 41 47 44 40 43 45 40 45 49 46 39 40 41 45 47 49 47 41 40 45 41 44 44 44 47 44 39 41 43 44 46 47 44 41 40 43 43 42 38 47 43 45 44 44 40 40 44 44 46 43 42 46 42 47 48 45 42 40 45 45 46 46 41 51 
4 39 42 40 42 0 41 40 40 40 43 43 43 41 41 43 41 42 40 45 42 43 42 43 48 45 45 40 40 42 40 43 46 43 45 39 45 42 46 43 43 42 44 48 44 46 39 39 41 40 44 48 41 43 42 42 47 49 42 42 45 44 43 42 46 45 44 45 39 43 47 
5 42 44 41 49 41 0 42 43 42 46 46 46 44 41 44 39 44 47 48 43 40 40 43 46 47 48 43 40 41 39 40 49 46 43 41 43 40 43 50 46 45 46 45 45 46 44 42 39 39 46 51 44 41 44 42 50 47 40 45 50 41 46 42 48 49 51 47 42 45 44 
6 43 41 43 41 40 42 0 42 42 42 44 48 41 43 44 47 40 40 44 44 45 42 42 42 43 44 40 42 41 41 40 49 45 39 41 43 47 44 44 42 41 46 42 46 45 41 41 42 41 42 43 39 42 43 44 45 43 44 42 46 46 47 40 44 44 45 46 40 39 44 
7 44 49 43 47 40 43 42 0 39 42 41 40 40 41 40 43 47 41 49 44 45 44 46 46 46 44 43 41 44 42 42 47 43 43 40 39 45 44 41 46 41 47 47 46 43 41 39 44 43 45 44 42 40 39 41 46 51 43 40 46 46 46 48 44 48 41 42 39 41 46 
8 40 45 42 44 40 42 42 39 0 44 42 45 41 40 40 46 48 42 46 39 47 44 46 46 46 45 40 44 48 45 42 45 44 44 39 39 44 43 46 43 42 47 47 46 44 40 42 43 42 46 45 42 39 44 40 47 47 41 42 46 45 46 44 45 48 42 43 40 41 49 
9 42 44 44 40 43 46 42 42 44 0 40 43 40 49 44 47 42 41 41 44 49 47 46 44 46 40 41 48 46 45 44 41 39 43 43 43 48 48 42 38 39 46 46 45 40 44 47 47 46 42 40 41 44 43 46 41 45 47 40 46 50 51 45 43 48 42 44 42 43 49 
10 42 46 49 43 43 46 44 41 42 40 0 40 40 48 42 46 44 42 44 43 48 47 47 46 45 42 41 44 47 45 45 40 42 45 43 42 52 47 39 40 41 48 48 51 42 48 42 47 46 45 42 43 43 41 44 43 47 46 43 43 50 49 50 45 49 40 45 42 48 49 
11 43 51 46 45 43 46 48 40 45 43 40 0 42 43 40 49 46 43 46 41 47 47 48 48 51 45 46 43 47 45 45 42 44 46 42 40 48 47 39 42 43 49 49 49 45 44 42 51 46 47 49 44 43 39 46 46 49 45 40 44 49 53 47 47 55 39 39 42 44 49 
12 40 43 42 40 41 44 41 40 41 40 40 42 0 47 43 45 41 39 42 43 46 45 45 44 43 42 39 42 48 43 46 42 40 42 41 41 50 49 41 43 39 45 45 44 40 42 45 45 44 42 45 40 42 41 44 43 45 45 43 44 48 46 43 42 51 42 43 40 41 47 
13 42 49 46 45 41 41 43 41 40 49 48 43 47 0 42 40 45 43 48 40 42 43 45 51 51 47 42 39 44 44 45 47 46 44 40 41 42 41 44 45 44 47 47 46 46 40 40 46 41 51 47 44 39 42 39 49 48 39 44 43 43 45 44 45 48 48 44 41 46 48 
14 43 51 45 49 43 44 44 40 40 44 42 40 43 42 0 44 46 43 47 43 46 46 48 48 48 50 46 46 47 47 44 44 45 46 41 39 46 49 41 44 47 49 49 48 45 43 41 49 45 47 46 44 41 39 41 47 49 43 42 40 47 48 46 47 50 41 40 42 44 47 
15 43 45 42 46 41 39 47 43 46 47 46 49 45 40 44 0 45 44 49 46 40 42 44 47 48 52 43 44 43 40 41 49 47 44 41 42 44 39 49 46 45 47 46 46 46 40 42 40 44 47 48 44 41 44 41 54 48 38 49 49 41 43 44 45 47 46 46 46 42 42 
16 41 44 41 39 42 44 40 47 48 42 44 46 41 45 46 45 0 40 42 45 51 44 42 40 44 43 46 44 46 47 42 45 41 39 43 44 45 46 45 42 41 42 42 41 40 43 43 44 43 39 41 39 44 45 50 44 45 46 43 48 47 44 41 39 43 46 47 42 41 49 
17 39 46 41 40 40 47 40 41 42 41 42 43 39 43 43 44 40 0 42 43 46 44 43 43 42 42 43 42 43 42 45 44 44 41 41 42 45 49 42 44 43 44 44 47 40 42 41 44 43 42 42 39 42 42 44 44 44 44 41 45 47 45 42 41 45 43 48 40 44 46 
18 48 44 45 41 45 48 44 49 46 41 44 46 42 48 47 49 42 42 0 47 50 51 50 43 40 44 48 51 46 47 46 43 44 43 46 46 49 49 45 42 42 45 49 44 40 46 46 48 47 45 39 42 46 46 48 40 47 49 43 53 51 48 45 43 51 46 47 48 44 50 
19 42 46 44 45 42 43 44 44 39 44 43 41 43 40 43 46 45 43 47 0 44 45 47 51 48 46 42 40 45 42 43 49 45 45 40 43 48 44 42 44 44 48 52 51 45 42 40 44 43 47 46 44 40 40 39 48 49 45 42 41 46 47 45 46 49 46 42 41 43 46 
20 44 46 44 47 43 40 45 45 47 49 48 47 46 42 46 40 51 46 50 44 0 42 45 48 49 50 45 42 43 41 42 51 48 45 43 48 40 39 48 52 47 47 51 47 48 42 43 44 41 52 50 46 46 46 43 52 49 40 47 51 40 43 44 50 47 48 52 44 44 41 
21 43 46 40 49 42 40 42 44 44 47 47 47 45 43 46 42 44 44 51 45 42 0 41 44 46 48 44 42 43 44 40 49 50 42 43 45 40 41 47 47 45 47 43 47 45 41 43 39 39 45 47 43 46 46 44 53 45 46 46 52 42 40 44 43 43 48 49 43 41 40 
22 43 43 41 47 43 43 42 46 46 46 47 48 45 45 48 44 42 43 50 47 45 41 0 42 44 51 48 44 39 43 42 49 45 41 44 46 43 44 48 46 44 44 40 40 44 43 45 42 42 43 49 42 48 47 50 48 42 49 47 50 45 40 39 41 40 49 50 44 42 42 
23 43 40 42 41 48 46 42 46 46 44 46 48 44 51 48 47 40 43 43 51 48 44 42 0 44 44 44 46 42 45 44 47 43 40 45 47 46 47 47 48 43 40 40 40 42 45 45 45 44 40 43 42 46 47 48 49 42 47 46 50 48 44 45 39 42 52 49 44 43 46 
24 48 42 44 40 45 47 43 46 46 46 45 51 43 51 48 48 44 42 40 48 49 46 44 44 0 42 44 46 45 46 49 45 41 42 49 46 48 48 46 43 42 42 43 42 40 46 46 47 46 39 40 42 46 47 49 43 45 49 44 53 50 46 44 41 45 47 48 45 44 48 
25 44 45 45 45 45 48 44 44 45 40 42 45 42 47 50 52 43 42 44 46 50 48 51 44 42 0 47 46 47 47 50 41 40 44 45 45 49 49 43 44 41 46 47 46 41 46 49 48 47 42 39 43 46 45 48 39 45 52 42 47 55 49 46 44 48 44 45 44 44 50 
26 39 43 45 41 40 43 40 43 40 41 41 46 39 42 46 43 46 43 48 42 45 44 48 44 44 47 0 41 43 42 41 43 41 42 43 40 45 44 41 41 40 45 45 44 41 41 40 44 42 47 43 40 40 41 42 45 45 43 40 44 46 45 43 46 46 42 43 39 40 45 
27 41 44 41 44 40 40 42 41 44 48 44 43 42 39 46 44 44 42 51 40 42 42 44 46 46 46 41 0 42 39 40 46 45 43 39 41 42 41 47 44 47 46 46 45 44 39 39 41 40 46 46 42 42 42 40 48 50 40 43 44 47 44 43 44 50 48 48 40 45 47 
28 42 40 40 44 42 41 41 44 48 46 47 47 48 44 47 43 46 43 46 45 43 43 39 42 45 47 43 42 0 41 40 49 45 40 43 45 45 42 47 46 44 42 41 41 44 41 43 40 40 47 46 42 43 46 49 48 43 43 46 48 47 40 39 41 42 48 52 43 41 45 
29 41 47 41 44 40 39 41 42 45 45 45 45 43 44 47 40 47 42 47 42 41 44 43 45 46 47 42 39 41 0 39 51 45 42 40 42 41 40 49 45 44 45 45 44 45 38 44 40 43 45 46 42 40 43 42 49 50 44 44 49 42 42 42 44 45 49 46 41 40 42 
30 40 42 43 47 43 40 40 42 42 44 45 45 46 45 44 41 42 45 46 43 42 40 42 44 49 50 41 40 40 39 0 51 44 45 40 42 41 41 45 44 43 44 43 43 43 39 41 40 39 44 45 41 41 44 43 48 44 42 44 46 43 42 40 42 44 46 46 41 39 42 
31 44 47 47 44 46 49 49 47 45 41 40 42 42 47 44 49 45 44 43 49 51 49 49 47 45 41 43 46 49 51 51 0 42 46 45 44 50 50 41 41 42 49 49 48 43 47 45 49 52 45 42 48 46 43 51 42 48 48 41 45 52 50 48 46 51 41 42 44 46 55 
32 42 43 47 39 43 46 45 43 44 39 42 44 40 46 45 47 41 44 44 45 48 50 45 43 41 40 41 45 45 45 44 42 0 46 43 48 47 47 47 40 39 48 45 44 39 44 43 46 45 41 39 40 44 44 46 41 47 51 41 47 49 47 44 42 46 44 49 42 46 48 
33 41 39 40 41 45 43 39 43 44 43 45 46 42 44 46 44 39 41 43 45 45 42 41 40 42 44 42 43 40 42 45 46 46 0 42 48 44 44 45 43 42 41 41 44 41 42 43 46 46 41 43 40 47 45 49 46 41 45 44 48 50 42 39 39 42 46 47 46 40 44 
34 40 44 41 43 39 41 41 40 39 43 43 42 41 40 41 41 43 41 46 40 43 43 44 45 49 45 43 39 43 40 40 45 43 42 0 40 43 42 42 43 46 46 46 45 43 40 38 42 41 45 45 42 38 41 41 47 46 41 42 43 45 48 43 43 47 43 44 39 40 44 
35 41 46 43 44 45 43 43 39 39 43 42 40 41 41 39 42 44 42 46 43 48 45 46 47 46 45 40 41 45 42 42 44 48 48 40 0 45 44 45 42 42 47 47 47 48 45 43 44 43 49 45 47 40 39 40 47 48 42 41 41 50 46 49 45 49 41 46 40 46 46 
36 44 44 42 46 42 40 47 45 44 48 52 48 50 42 46 44 45 45 49 48 40 40 43 46 48 49 45 42 45 41 41 50 47 44 43 45 0 39 48 48 50 45 49 45 51 41 44 39 40 47 49 45 43 46 44 55 51 41 47 52 40 45 42 45 45 49 49 44 47 39 
37 44 45 42 47 46 43 44 44 43 48 47 47 49 41 49 39 46 49 49 44 39 41 44 47 48 49 44 41 42 40 41 50 47 44 42 44 39 0 47 47 46 46 46 46 47 41 43 40 40 47 52 45 42 45 42 51 47 40 47 47 40 42 43 45 46 48 48 43 43 44 
38 42 47 45 44 43 50 44 41 46 42 39 39 41 44 41 49 45 42 45 42 48 47 48 47 46 43 41 47 47 49 45 41 47 45 42 45 48 47 0 41 42 49 49 48 43 44 42 47 46 46 44 44 43 40 44 44 48 45 39 42 49 49 47 50 50 39 44 46 44 53 
39 42 45 44 41 43 46 42 46 43 38 40 42 43 45 44 46 42 44 42 44 52 47 46 48 43 44 41 44 46 45 44 41 40 43 43 42 48 47 41 0 43 46 46 46 40 44 43 47 45 43 40 42 44 42 49 46 45 46 40 45 49 47 45 43 48 42 43 42 43 48 
40 40 43 46 40 42 45 41 41 42 39 41 43 39 44 47 45 41 43 42 44 47 45 44 43 42 41 40 47 44 44 43 42 39 42 46 42 50 46 42 43 0 44 45 44 39 43 42 45 48 42 41 40 42 42 45 43 44 45 40 45 48 46 43 42 46 43 48 41 41 47 
41 44 40 42 43 44 46 46 47 47 46 48 49 45 47 49 47 42 44 45 48 47 47 44 40 42 46 45 46 42 45 44 49 48 41 46 47 45 46 49 46 44 0 42 38 44 49 46 45 44 42 45 43 46 52 49 47 40 47 51 51 47 42 41 40 44 49 51 45 43 49 
42 44 40 42 43 48 45 42 47 47 46 48 49 45 47 49 46 42 44 49 52 51 43 40 40 43 47 45 46 41 45 43 49 45 41 46 47 49 46 49 46 45 42 0 42 44 48 46 44 44 42 45 43 46 48 52 48 40 47 47 51 47 42 41 41 39 53 51 45 43 48 
43 43 39 42 42 44 45 46 46 46 45 51 49 44 46 48 46 41 47 44 51 47 47 40 40 42 46 44 45 41 44 43 48 44 44 45 47 45 46 48 46 44 38 42 0 43 44 49 48 44 45 48 42 45 47 48 47 40 47 46 54 47 42 44 40 40 49 50 44 42 48 
44 41 42 42 38 46 46 45 43 44 40 42 45 40 46 45 46 40 40 40 45 48 45 44 42 40 41 41 44 44 45 43 43 39 41 43 48 51 47 43 40 39 44 44 43 0 48 47 46 45 40 43 40 44 48 46 42 43 46 42 47 49 46 43 41 46 44 46 42 42 47 
45 40 43 40 47 39 44 41 41 40 44 48 44 42 40 43 40 43 42 46 42 42 41 43 45 46 46 41 39 41 38 39 47 44 42 40 45 41 41 44 44 43 49 48 44 48 0 40 44 39 45 46 42 39 43 41 48 46 40 43 45 43 43 42 43 49 45 45 40 40 42 
46 44 44 45 43 39 42 41 39 42 47 42 42 45 40 41 42 43 41 46 40 43 43 45 45 46 49 40 39 43 44 41 45 43 43 38 43 44 43 42 43 42 46 46 49 47 40 0 43 42 45 45 42 39 40 41 47 46 41 42 47 49 45 47 48 47 47 43 39 40 45 
47 42 43 41 45 41 39 42 44 43 47 47 51 45 46 49 40 44 44 48 44 44 39 42 45 47 48 44 41 40 40 40 49 46 46 42 44 39 40 47 47 45 45 44 48 46 44 43 0 39 46 47 43 46 49 43 50 50 41 46 51 41 41 41 44 44 48 48 43 42 40 
48 41 42 40 44 40 39 41 43 42 46 46 46 44 41 45 44 43 43 47 43 41 39 42 44 46 47 42 40 40 43 39 52 45 46 41 43 40 40 46 45 48 44 44 44 45 39 42 39 0 45 46 42 41 44 46 49 45 41 45 46 46 41 41 43 44 47 47 42 40 41 
49 43 41 42 44 44 46 42 45 46 42 45 47 42 51 47 47 39 42 45 47 52 45 43 40 39 42 47 46 47 45 44 45 41 41 45 49 47 47 46 43 42 42 42 45 40 45 45 46 45 0 41 41 45 46 48 44 44 47 44 49 49 45 42 40 44 47 52 44 42 47 
50 43 44 44 40 48 51 43 44 45 40 42 49 45 47 46 48 41 42 39 46 50 47 49 43 40 39 43 46 46 46 45 42 39 43 45 45 49 52 44 40 41 45 45 48 43 46 45 47 46 41 0 42 49 45 51 44 44 52 42 48 51 47 45 42 47 44 49 44 44 49 
51 40 41 40 40 41 44 39 42 42 41 43 44 40 44 44 44 39 39 42 44 46 43 42 42 42 43 40 42 42 42 41 48 40 40 42 47 45 45 44 42 40 43 43 42 40 42 42 43 42 41 42 0 42 43 45 44 42 48 42 46 50 44 41 40 44 44 49 44 40 45 
52 40 44 45 44 43 41 42 40 39 44 43 43 42 39 41 41 44 42 46 40 46 46 48 46 46 46 40 42 43 40 41 46 44 47 38 40 43 42 43 44 42 46 46 45 44 39 39 46 41 45 49 42 0 41 40 47 47 40 42 43 44 48 43 44 51 44 44 39 41 44 
53 42 46 44 44 42 44 43 39 44 43 41 39 41 42 39 44 45 42 46 40 46 46 47 47 47 45 41 42 46 43 44 43 44 45 41 39 46 45 40 42 42 52 48 47 48 43 40 49 44 46 45 43 41 0 41 46 48 43 44 41 51 47 46 46 49 40 40 41 47 47 
54 43 46 44 46 42 42 44 41 40 46 44 46 44 39 41 41 50 44 48 39 43 44 50 48 49 48 42 40 49 42 43 51 46 49 41 40 44 42 44 49 45 49 52 48 46 41 41 43 46 48 51 45 40 41 0 53 53 40 44 46 44 46 45 46 49 44 44 42 43 45 
55 45 50 47 43 47 50 45 46 47 41 43 46 43 49 47 54 44 44 40 48 52 53 48 49 43 39 45 48 48 49 48 42 41 46 47 47 55 51 44 46 43 47 48 47 42 48 47 50 49 44 44 44 47 46 53 0 50 50 43 49 53 50 51 45 49 45 46 49 46 52 
56 44 41 43 42 49 47 43 51 47 45 47 49 45 48 49 48 45 44 47 49 49 45 42 42 45 45 45 50 43 50 44 48 47 41 46 48 51 47 48 45 44 40 40 40 43 46 46 50 45 44 44 42 47 48 53 50 0 48 46 51 49 48 42 40 42 53 54 45 47 46 
57 43 46 43 46 42 40 44 43 41 47 46 45 45 39 43 38 46 44 49 45 40 46 49 47 49 52 43 40 43 44 42 48 51 45 41 42 41 40 45 46 45 47 47 47 46 40 41 41 41 47 52 48 40 43 40 50 48 0 45 44 46 44 44 46 47 50 46 46 43 43 
58 45 45 44 42 42 45 42 40 42 40 43 40 43 44 42 49 43 41 43 42 47 46 47 46 44 42 40 43 46 44 44 41 41 44 42 41 47 47 39 40 40 51 47 46 42 43 42 46 45 44 42 42 42 44 44 43 46 45 0 47 49 47 45 44 49 40 41 45 43 48 
59 45 49 47 47 45 50 46 46 46 46 43 44 44 43 40 49 48 45 53 41 51 52 50 50 53 47 44 44 48 49 46 45 47 48 43 41 52 47 42 45 45 51 51 54 47 45 47 51 46 49 48 46 43 41 46 49 51 44 47 0 49 50 48 49 52 41 40 48 46 53 
60 46 46 44 48 44 41 46 46 45 50 50 49 48 43 47 41 47 47 51 46 40 42 45 48 50 55 46 47 47 42 43 52 49 50 45 50 40 40 49 49 48 47 47 47 49 43 49 41 46 49 51 50 44 51 44 53 49 46 49 49 0 43 44 47 47 50 50 45 45 40 
61 44 42 41 45 43 46 47 46 46 51 49 53 46 45 48 43 44 45 48 47 43 40 40 44 46 49 45 44 40 42 42 50 47 42 48 46 45 42 49 47 46 42 42 42 46 43 45 41 41 45 47 44 48 47 46 50 48 44 47 50 43 0 40 43 42 53 54 44 43 40 
62 42 39 43 42 42 42 40 48 44 45 50 47 43 44 46 44 41 42 45 45 44 44 39 45 44 46 43 43 39 42 40 48 44 39 43 49 42 43 47 45 43 41 41 44 43 42 47 41 41 42 45 41 43 46 45 51 42 44 45 48 44 40 0 44 42 47 48 42 40 42 
63 42 43 41 40 46 48 44 44 45 43 45 47 42 45 47 45 39 41 43 46 50 43 41 39 41 44 46 44 41 44 42 46 42 39 43 45 45 45 50 43 42 40 41 40 41 43 48 44 43 40 42 40 44 46 46 45 40 46 44 49 47 43 44 0 46 47 48 46 45 45 
64 46 45 43 45 45 49 44 48 48 48 49 55 51 48 50 47 43 45 51 49 47 43 40 42 45 48 46 50 42 45 44 51 46 42 47 49 45 46 50 48 46 44 39 40 46 49 47 44 44 44 47 44 51 49 49 49 42 47 49 52 47 42 42 46 0 51 52 46 44 44 
65 43 51 46 45 44 51 45 41 42 42 40 39 42 48 41 46 46 43 46 46 48 48 49 52 47 44 42 48 48 49 46 41 44 46 43 41 49 48 39 42 43 49 53 49 44 45 47 48 47 47 44 44 44 40 44 45 53 50 40 41 50 53 47 47 51 0 39 43 45 50 
66 48 49 47 46 45 47 46 42 43 44 45 39 43 44 40 46 47 48 47 42 52 49 50 49 48 45 43 48 52 46 46 42 49 47 44 46 49 48 44 43 48 51 51 50 46 45 43 48 47 52 49 49 44 40 44 46 54 46 41 40 50 54 48 48 52 39 0 44 49 50 
67 39 43 41 46 39 42 40 39 40 42 42 42 40 41 42 46 42 40 48 41 44 43 44 44 45 44 39 40 43 41 41 44 42 46 39 40 44 43 46 42 41 45 45 44 42 40 39 43 42 44 44 44 39 41 42 49 45 46 45 48 45 44 42 46 46 43 44 0 40 45 
68 39 41 39 41 43 45 39 41 41 43 48 44 41 46 44 42 41 44 44 43 44 41 42 43 44 44 40 45 41 40 39 46 46 40 40 46 47 43 44 43 41 43 43 42 42 40 40 42 40 42 44 40 41 47 43 46 47 43 43 46 45 43 40 45 44 45 49 40 0 47 
69 44 44 46 51 47 44 44 46 49 49 49 49 47 48 47 42 49 46 50 46 41 40 42 46 48 50 45 47 45 42 42 55 48 44 44 46 39 44 53 48 47 49 48 48 47 42 45 40 41 47 49 45 44 47 45 52 46 43 48 53 40 40 42 45 44 50 50 45 47 0 

;param d[*,*]
: 0 1 2 3 4 5 6 7 8 9 10 11 12 13 14 15 16 17 18 19 20 21 22 23 24 25 26 27 28 29 30 31 32 33 34 35 36 37 38 39 40 41 42 43 44 45 46 47 48 49 50 51 52 53 54 55 56 57 58 59 60 61 62 63 64 65 66 67 68 69:=
0 0.0 0 0 0 0.27 0.42 0 0 1.41 0.38 1.6 0.48 0.47 2.07 0.45 2.54 0.32 0.75 0 0 0.6 2.54 1.17 0.52 0 2.03 0 0.99 2.26 0 0.23 1.45 0.86 1.6 0.39 1.69 3.11 3.01 1.6 0.37 0.86 2.22 4.56 1.21 0 0 0 0 1.23 0 0 0.18 0.23 2.07 1.66 0.7 0.62 1.72 0 0.63 0 3.2 1.36 2.07 4.05 0.52 0 0.2 0.12 0.62 
1 0 0.0 0 1.42 0 0.55 0.63 0 2.46 0 0 0 1.91 0 0 0.67 0 0 0.6 2.9 0.73 0 0 0.47 0.42 5.32 2.82 0 0 0 0 0 1.21 0.49 2.03 0 3.2 3.58 0.83 0 2.73 0.68 0.39 0.76 3.29 0 1.37 2.63 1.02 1.11 2.09 1.11 2.16 0 0 0 0.27 0.72 0.7 1.05 4.23 0 0.31 0 0 0 0 1.85 0.32 0 
2 0 0 0.0 0 0.74 0 0 1.66 0 2.09 0 0.72 2.35 0 0.67 1.6 1.11 0.7 0.67 0.57 3.01 0.25 0.99 0.42 2.03 0.7 0 1.23 0.39 0.99 0 0 0 0.62 0.32 1.85 0.4 0.43 2.53 0 0 0.98 2.26 0.35 2.45 0.86 0 1.05 0.51 0.43 0.6 0 0 0 1.33 1.99 3.8 2.73 0.57 3.08 1.37 0.78 0 0.27 2.73 2.83 3.08 1.11 0.12 0 
3 0 1.42 0 0.0 0 0 0.27 0 3.2 0.86 3.55 0.65 0.92 0 0 2.83 0.15 1.13 2.03 1.6 0.9 0 0 0 0 0 1.88 3.29 1.97 3.39 0 1.97 0.75 0.63 1.79 1.33 4.52 0.82 0 0.28 0 1.13 2.92 3.29 0.38 0 0.5 2.53 0.6 0 1.52 0.39 3.11 0 4.33 2.54 2.35 0.78 1.48 0.87 2.31 2.53 1.6 0 0.67 0 0 0 0.78 0 
4 0.27 0 0.74 0 0.0 0.3 0.2 1.41 0 2.82 0.52 0 1.69 0 1.06 0.33 1.48 0.59 5.19 0.35 2.73 0.86 1.79 0 0.63 1.56 1.04 0.94 1.29 1.04 0 5.45 0.48 0 0.66 0 0.43 0 1.91 3.67 1.29 4.69 0 2.03 0 0 0 0.78 0.86 1.29 0 1.51 0 0.4 0 0.82 0 0.82 2.35 2.34 3.39 0 0.35 0 5.32 2.16 0 0.12 0 0 
5 0.42 0.55 0 0 0.3 0.0 2.45 1.17 1.54 2.96 4.52 0 3.39 0.27 0 0 3.48 0 0.97 0 1.13 1.22 2.73 1.72 2.07 0.97 1.13 0 1.23 0.37 1.22 1.0 4.33 2.82 0.78 0 0.62 0 0 0 3.67 4.05 5.07 2.4 1.72 0 0 0 0.66 0.77 0 0.53 0.3 0 2.26 4.13 6.21 1.13 2.59 0 0.7 0 1.54 0 0 0 3.2 0.4 0 0 
6 0 0.63 0 0.27 0.2 2.45 0.0 0 0.94 1.54 3.01 0 1.05 0 3.48 0 0.2 0.39 1.25 1.25 0 0.38 0 2.07 0 0 0.23 0.37 0.3 1.88 1.13 0 0 0.75 0.7 0.45 0 3.11 0.57 1.02 0.63 0 3.29 0 0 0.66 0 2.35 1.79 1.98 2.63 0.56 0 1.21 0 0.7 3.55 1.25 0.43 0.78 0 0 0.23 0 3.2 3.67 4.14 0.23 0.31 0 
7 0 0 1.66 0 1.41 1.17 0 0.0 0.66 3.17 1.69 0.59 0 0.32 0 2.63 0 0.7 0 0 3.67 2.28 2.71 4.14 0 0.58 0 0.99 1.45 0.4 1.54 0 2.63 1.21 0 0.31 3.76 3.39 0.27 0 1.88 1.96 0.83 0.77 3.67 0.33 0 3.29 1.79 2.4 2.16 2.16 0.74 0.31 1.79 2.71 0 2.54 0.23 0 4.52 0 0 0 7.22 1.23 1.42 0.15 0.78 4.33 
8 1.41 2.46 0 3.2 0 1.54 0.94 0.66 0.0 1.97 0.42 0 0.78 0.2 0.22 0 0 0.37 1.84 0.43 0 0 0.72 4.42 0 3.95 0.86 0 0 0 1.36 0.65 4.18 0.55 0.43 0.31 0.58 0.5 0 3.67 0.98 1.99 3.08 2.83 1.33 0.92 0 2.82 2.35 0 2.53 2.45 0.66 0 0.47 1.99 6.59 0.78 0.35 0 3.86 0 1.37 2.34 3.45 0.98 0 0.39 1.23 0 
9 0.38 0 2.09 0.86 2.82 2.96 1.54 3.17 1.97 0.0 0.59 0 0 0 2.22 1.96 2.16 1.51 0.66 4.69 1.0 0.82 2.83 1.33 0 0.39 1.79 0 0 3.95 0 2.15 0.89 1.17 1.85 0.5 0.94 5.18 1.36 0.51 0.85 4.14 0.77 1.6 1.52 4.69 0 0 1.68 3.17 0.68 0.78 0.58 1.13 0.73 0.74 1.52 0.83 0.55 2.71 1.1 0 0.65 2.73 2.15 1.6 0.55 3.17 1.72 2.35 
10 1.6 0 0 3.55 0.52 4.52 3.01 1.69 0.42 0.59 0.0 0 1.41 0 0 1.84 1.37 0.38 1.97 3.55 2.27 2.07 3.33 5.95 5.07 1.42 0 1.37 3.08 2.53 1.56 0.51 2.79 1.52 1.06 0.82 0 3.33 0.43 1.39 0 3.45 3.51 0 1.6 0 0.43 0.85 0 0.65 1.6 2.73 2.92 1.05 3.39 1.17 6.72 4.33 0 0 2.58 2.35 0 5.19 1.09 0.62 0 0.94 0 5.83 
11 0.48 0 0.72 0.65 0 0 0 0.59 0 0 0 0.0 0.4 0 0 0 2.71 0 2.83 0.7 3.2 0 3.63 0.95 0 0 0 0 2.03 0 2.46 0.43 1.37 2.83 1.54 0.92 0 0 0 0.98 1.13 2.5 2.5 3.7 1.49 2.16 0 0 0 1.96 0 3.39 0.45 0 0 1.76 5.93 2.4 0 0 2.39 0 0 0 0 0.27 0.12 0 3.39 3.76 
12 0.47 1.91 2.35 0.92 1.69 3.39 1.05 0 0.78 0 1.41 0.4 0.0 0 1.66 2.34 1.23 0.27 2.45 1.06 0 2.4 0 0 2.73 2.07 0.27 2.45 0 2.82 0 0.42 0.22 0.9 1.11 0.78 0 0 0.74 0 0 3.86 3.95 4.69 0.23 0.98 0 3.67 0 0 0 0.51 0 1.88 3.11 2.92 1.49 2.34 0 2.28 2.15 0.75 0 1.54 0 0.4 1.17 0.51 0 4.61 
13 2.07 0 0 0 0 0.27 0 0.32 0.2 0 0 0 0 0.0 1.36 1.04 3.86 0 3.51 0.8 0.82 1.09 0.7 0 0 3.26 2.16 0.66 1.29 0 0 6.46 0.72 0 0.22 0.27 1.02 1.23 0.57 0.67 3.29 3.26 1.99 4.52 4.05 0.8 0 0 1.17 0 3.14 0 0 0 0.66 7.86 7.1 0 0.55 1.85 0 2.34 1.37 3.95 0.92 0 2.28 1.69 0 0 
14 0.45 0 0.67 0 1.06 0 3.48 0 0.22 2.22 0 0 1.66 1.36 0.0 2.03 1.8 0.52 3.26 0 0 2.9 3.45 0 2.19 0 0 0 1.92 0 0 2.22 1.56 2.77 1.23 0.35 2.9 0 0 0 0 2.5 5.93 5.55 1.6 1.79 1.11 0 0 0 0.78 0.62 0.33 0.12 0.99 0 2.5 1.17 1.36 0 2.07 3.51 0 0 6.59 0 0.92 0 0.55 2.11 
15 2.54 0.67 1.6 2.83 0.33 0 0 2.63 0 1.96 1.84 0 2.34 1.04 2.03 0.0 0.7 0.58 3.76 0 0.94 0 0.62 1.99 2.27 0 2.82 0 0.47 0 1.79 0 6.21 1.41 1.88 2.45 0 0.15 0 2.96 0.68 6.33 4.52 5.83 4.42 1.22 1.29 1.41 0 3.14 7.1 1.41 0.63 0 0 0 0.94 0.38 0 0 1.23 2.92 1.97 0.7 0.83 1.84 0 0 0 0 
16 0.32 0 1.11 0.15 1.48 3.48 0.2 0 0 2.16 1.37 2.71 1.23 3.86 1.8 0.7 0.0 1.32 2.16 3.95 0 3.01 0 0 0 2.63 0 3.2 0 0 1.48 3.86 1.6 0.31 2.73 2.22 1.64 1.72 1.52 0.42 0 0.35 0.86 2.15 0.2 1.79 1.17 0.58 2.82 0.15 2.53 0.49 3.11 1.52 0 2.16 0 2.71 2.82 0 2.07 0 0 0.1 1.91 0.73 3.08 2.26 0.28 0 
17 0.75 0 0.7 1.13 0.59 0 0.39 0.7 0.37 1.51 0.38 0 0.27 0 0.52 0.58 1.32 0.0 2.45 0.48 0 0 1.91 0 2.45 2.35 0 0 1.09 0.43 0 1.25 0 0 0.28 2.07 0.65 0 2.45 0 0 1.33 4.31 0 0 0 1.11 1.29 0 1.29 1.98 0.1 0.82 1.54 2.09 1.33 4.18 0 0.66 0 1.96 0.63 0.94 1.79 3.95 1.21 0 0.2 0 0.72 
18 0 0.6 0.67 2.03 5.19 0.97 1.25 0 1.84 0.66 1.97 2.83 2.45 3.51 3.26 3.76 2.16 2.45 0.0 4.99 8.87 0 0 3.55 1.22 0 0 0 4.42 4.89 5.7 3.67 0 1.91 2.71 1.8 6.02 1.09 0 0.35 1.29 4.94 0 0.62 1.77 6.08 0.73 5.36 2.03 0 0.37 1.6 1.88 0.77 7.48 0.55 0 7.98 1.91 0 9.5 3.45 2.53 3.55 0 2.65 0 0 0.62 8.36 
19 0 2.9 0.57 1.6 0.35 0 1.25 0 0.43 4.69 3.55 0.7 1.06 0.8 0 0 3.95 0.48 4.99 0.0 0.57 2.4 0 0 5.18 2.9 0.82 1.41 0 0.94 0 0 0.67 0.67 0 0 0 0 0.9 1.33 1.97 0.97 0 0 5.19 0.35 0.2 2.16 1.85 0 0.78 0 0 0.43 0.31 3.45 7.6 0 3.17 0 1.72 0.82 0 2.77 1.05 0 1.48 1.69 0.47 1.76 
20 0.6 0.73 3.01 0.9 2.73 1.13 0 3.67 0 1.0 2.27 3.2 0 0.82 0 0.94 0 0 8.87 0.57 0.0 1.36 0 5.27 1.09 8.87 3.76 2.07 1.91 0.7 0 2.78 7.35 1.64 1.85 0 0 0.37 2.15 0 3.08 3.33 0 6.33 2.19 0 1.21 0 0.32 0 2.58 0 0 2.71 0.45 4.87 1.02 0.8 0 0 0.62 2.92 2.22 0 3.14 0.97 0 1.37 0 0.3 
21 2.54 0 0.25 0 0.86 1.22 0.38 2.28 0 0.82 2.07 0 2.4 1.09 2.9 0 3.01 0 0 2.4 1.36 0.0 0.3 0.6 0 3.51 2.03 1.42 0 0 0 0 0 2.26 2.54 3.58 0.17 0 3.26 4.61 0 0 0.48 0 1.6 0.3 1.79 0.23 0.31 0.67 3.14 2.82 0 0.75 0 0 4.94 0 2.9 0 0 0 0 2.73 0.5 0 2.35 0.48 1.23 0 
22 1.17 0 0.99 0 1.79 2.73 0 2.71 0.72 2.83 3.33 3.63 0 0.7 3.45 0.62 0 1.91 0 0 0 0.3 0.0 1.29 0 0 0 2.16 0 1.13 1.29 1.05 3.76 0 1.41 0 0.47 2.09 0 0 2.28 0 0.68 0.68 1.37 0.48 0 1.48 2.16 0 0 1.6 0 0.87 0 2.31 2.91 0 0 2.62 3.67 0.74 0 1.11 1.22 3.76 0 0 0 0.42 
23 0.52 0.47 0.42 0 0 1.72 2.07 4.14 4.42 1.33 5.95 0.95 0 0 0 1.99 0 0 3.55 0 5.27 0.6 1.29 0.0 0 2.22 0 4.14 0 3.86 1.97 6.59 1.66 0 2.46 4.61 0.77 0.83 0.87 0 0 1.04 1.32 0.62 2.07 3.67 3.95 3.86 2.28 0.62 2.63 1.98 2.71 3.2 0.95 0 0 0 5.45 1.15 2.27 0 0 0.55 2.91 0 2.46 0.6 2.54 4.23 
24 0 0.42 2.03 0 0.63 2.07 0 0 0 0 5.07 0 2.73 0 2.19 2.27 0 2.45 1.22 5.18 1.09 0 0 0 0.0 0.38 1.33 4.52 2.34 0.8 0 1.56 0.7 0 0 4.52 2.23 2.31 2.83 1.72 1.48 1.02 2.82 2.35 0.23 1.72 4.14 3.14 0 0.43 1.9 0.86 4.42 0 0 1.06 0 2.35 1.45 0 1.15 0 0.53 1.11 4.81 0 0 1.49 0 0.97 
25 2.03 5.32 0.7 0 1.56 0.97 0 0.58 3.95 0.39 1.42 0 2.07 3.26 0 0 2.63 2.35 0 2.9 8.87 3.51 0 2.22 0.38 0.0 0 0.8 0.85 6.46 0 1.11 0.47 2.22 5.07 2.46 2.54 8.24 0 0 1.79 2.9 0.83 0.75 0.63 1.84 0 0.99 6.72 3.29 0.13 1.66 5.7 0.63 3.39 0.85 3.76 0 2.16 0 0 2.39 5.7 4.31 7.48 0.55 2.46 1.37 2.28 6.4 
26 0 2.82 0 1.88 1.04 1.13 0.23 0 0.86 1.79 0 0 0.27 2.16 0 2.82 0 0 0 0.82 3.76 2.03 0 0 1.33 0 0.0 0.3 2.82 1.36 1.88 0.52 0 0.86 0 0.86 0.63 2.22 1.23 1.05 1.04 1.6 2.53 4.56 1.88 1.69 0.39 3.01 0.98 0 2.54 0 0.59 1.05 2.45 0.65 5.07 2.82 1.32 0 1.84 0.67 1.09 0 4.52 1.54 1.17 0.31 1.22 3.95 
27 0.99 0 1.23 3.29 0.94 0 0.37 0.99 0 0 1.37 0 2.45 0.66 0 0 3.2 0 0 1.41 2.07 1.42 2.16 4.14 4.52 0.8 0.3 0.0 1.6 0.75 0 6.08 1.49 0 0.66 0.63 2.26 1.79 0 3.39 0 0.77 0.73 1.6 2.22 0.56 0.31 1.79 0.86 1.68 1.76 0.43 0 1.42 0.8 3.51 0 0 1.85 0 0 0 1.09 3.29 0 0 0 1.13 0 0 
28 2.26 0 0.39 1.97 1.29 1.23 0.3 1.45 0 0 3.08 2.03 0 1.29 1.92 0.47 0 1.09 4.42 0 1.91 0 0 0 2.34 0.85 2.82 1.6 0.0 1.17 0.2 3.7 0.65 0 0 1.52 0 0 0 0 0 0.38 0.33 0.74 4.31 0.78 1.85 0.59 0.8 0 4.14 2.16 1.79 0 0 0.99 3.8 2.92 0 0 0 0.62 0 0 0.37 0.94 0 1.66 1.6 0 
29 0 0 0.99 3.39 1.04 0.37 1.88 0.4 0 3.95 2.53 0 2.82 0 0 0 0 0.43 4.89 0.94 0.7 0 1.13 3.86 0.8 6.46 1.36 0.75 1.17 0.0 0.55 0 2.46 0 0.86 2.26 0 0 0 0 1.25 3.86 1.49 3.39 0.63 0.38 0 0.68 0 2.53 4.42 1.6 1.13 0 1.29 7.6 0 0 0.6 0 1.54 0 1.36 1.25 2.59 0 0.77 0 0.92 1.36 
30 0.23 0 0 0 0 1.22 1.13 1.54 1.36 0 1.56 2.46 0 0 0 1.79 1.48 0 5.7 0 0 0 1.29 1.97 0 0 1.88 0 0.2 0.55 0.0 0 3.2 0 0.59 1.02 1.17 0.78 0.67 1.41 0 0.53 1.85 0.45 2.92 0 0 0.51 0.43 0 2.53 0 0.27 0.55 0.47 2.15 3.48 1.36 1.33 2.83 0.5 0 0.23 1.42 4.43 0.73 2.96 0.27 0.75 0.9 
31 1.45 0 0 1.97 5.45 1.0 0 0 0.65 2.15 0.51 0.43 0.42 6.46 2.22 0 3.86 1.25 3.67 0 2.78 0 1.05 6.59 1.56 1.11 0.52 6.08 3.7 0 0 0.0 1.48 1.84 0.67 3.29 1.15 0 0.7 0.27 2.45 3.76 2.5 5.46 1.13 1.92 0.65 3.88 0 0.7 1.54 0 4.14 1.85 0 2.66 5.27 2.31 0.3 0.67 0 4.31 0 5.95 6.78 0.32 1.6 2.22 4.05 0 
32 0.86 1.21 0 0.75 0.48 4.33 0 2.63 4.18 0.89 2.79 1.37 0.22 0.72 1.56 6.21 1.6 0 0 0.67 7.35 0 3.76 1.66 0.7 0.47 0 1.49 0.65 2.46 3.2 1.48 0.0 0 1.85 0 0.89 2.07 0 1.27 0.49 0 1.52 4.31 0.31 1.41 3.93 5.95 5.19 0.3 0.12 0.25 2.16 0.55 4.33 1.23 0 0 1.17 0 8.11 3.02 4.18 2.91 4.52 0.53 0 3.17 0 5.27 
33 1.6 0.49 0.62 0.63 0 2.82 0.75 1.21 0.55 1.17 1.52 2.83 0.9 0 2.77 1.41 0.31 0 1.91 0.67 1.64 2.26 0 0 0 2.22 0.86 0 0 0 0 1.84 0 0.0 0 0 3.11 3.39 0 0.52 1.98 2.28 2.28 0 0.32 0.94 0 0 0 0 3.67 0 0 1.56 0 0.73 2.53 2.4 0 3.45 0 0 0.15 0.1 3.29 0.78 0 0 0.74 0.57 
34 0.39 2.03 0.32 1.79 0.66 0.78 0.7 0 0.43 1.85 1.06 1.54 1.11 0.22 1.23 1.88 2.73 0.28 2.71 0 1.85 2.54 1.41 2.46 0 5.07 0 0.66 0 0.86 0.59 0.67 1.85 0 0.0 0.18 0.5 0 1.02 2.63 0 2.71 4.05 3.67 1.85 0.39 0.12 2.35 1.17 3.58 4.81 1.29 0 1.05 0 3.08 1.8 0.32 0.86 0 3.58 0 1.72 1.91 6.21 1.17 1.97 0.47 1.22 0.6 
35 1.69 0 1.85 1.33 0 0 0.45 0.31 0.31 0.5 0.82 0.92 0.78 0.27 0.35 2.45 2.22 2.07 1.8 0 0 3.58 0 4.61 4.52 2.46 0.86 0.63 1.52 2.26 1.02 3.29 0 0 0.18 0.0 2.46 1.37 0 3.29 1.54 5.08 2.07 6.21 0 0 0 0.58 1.13 0 2.46 0 0.2 0.12 1.41 4.61 0.92 0.98 0.3 0.78 0 0 0 0.67 1.0 0 0 0.2 0 0 
36 3.11 3.2 0.4 4.52 0.43 0.62 0 3.76 0.58 0.94 0 0 0 1.02 2.9 0 1.64 0.65 6.02 0 0 0.17 0.47 0.77 2.23 2.54 0.63 2.26 0 0 1.17 1.15 0.89 3.11 0.5 2.46 0.0 0.12 3.45 3.39 0 1.64 0 3.67 0 1.88 0 0.56 1.13 4.71 2.35 2.34 0.47 0.78 2.03 0 0 1.23 4.8 0 1.04 0 1.6 3.67 0.65 0 1.04 0.55 0 0.66 
37 3.01 3.58 0.43 0.82 0 0 3.11 3.39 0.5 5.18 3.33 0 0 1.23 0 0.15 1.72 0 1.09 0 0.37 0 2.09 0.83 2.31 8.24 2.22 1.79 0 0 0.78 0 2.07 3.39 0 1.37 0.12 0.0 3.2 0.9 1.8 1.88 0.75 0.73 4.8 1.11 1.72 0 1.22 4.99 0 0.65 1.42 0 2.45 2.89 5.08 0.51 0.82 0.83 1.04 0.98 2.82 3.95 0.77 3.39 0.95 0.5 2.63 0 
38 1.6 0.83 2.53 0 1.91 0 0.57 0.27 0 1.36 0.43 0 0.74 0.57 0 0 1.52 2.45 0 0.9 2.15 3.26 0 0.87 2.83 0 1.23 0 0 0 0.67 0.7 0 0 1.02 0 3.45 3.2 0.0 0 2.16 1.0 7.73 7.1 1.21 2.22 0 0.85 0 2.71 1.29 3.01 0.47 0.74 0 0 0.95 2.59 0 0 2.5 0 3.02 0 2.66 0 0 0 2.09 0 
39 0.37 0 0 0.28 3.67 0 1.02 0 3.67 0.51 1.39 0.98 0 0.67 0 2.96 0.42 0 0.35 1.33 0 4.61 0 0 1.72 0 1.05 3.39 0 0 1.41 0.27 1.27 0.52 2.63 3.29 3.39 0.9 0 0.0 0 2.83 6.08 0.72 1.41 4.56 1.06 0 3.95 0.47 1.9 1.29 4.05 0.42 0 0 1.64 4.52 0.62 1.56 4.0 0 1.56 1.91 3.51 0.37 1.79 0.38 0 3.63 
40 0.86 2.73 0 0 1.29 3.67 0.63 1.88 0.98 0.85 0 1.13 0 3.29 0 0.68 0 0 1.29 1.97 3.08 0 2.28 0 1.48 1.79 1.04 0 0 1.25 0 2.45 0.49 1.98 0 1.54 0 1.8 2.16 0 0.0 4.69 1.52 2.09 0.15 1.72 2.07 2.46 0 1.98 1.51 1.04 0 0 0 0 4.31 1.6 0.55 3.95 2.23 0 0 0.37 2.9 0 0 1.6 1.69 3.08 
41 2.22 0.68 0.98 1.13 4.69 4.05 0 1.96 1.99 4.14 3.45 2.5 3.86 3.26 2.5 6.33 0.35 1.33 4.94 0.97 3.33 0 0 1.04 1.02 2.9 1.6 0.77 0.38 3.86 0.53 3.76 0 2.28 2.71 5.08 1.64 1.88 1.0 2.83 4.69 0.0 0 0.16 1.97 0 0.77 4.81 3.39 0.82 2.4 1.66 2.83 0 5.65 3.26 0.17 2.07 0 1.24 6.72 1.02 1.11 1.9 0 4.0 1.19 2.53 1.85 0 
42 4.56 0.39 2.26 2.92 0 5.07 3.29 0.83 3.08 0.77 3.51 2.5 3.95 1.99 5.93 4.52 0.86 4.31 0 0 0 0.48 0.68 1.32 2.82 0.83 2.53 0.73 0.33 1.49 1.85 2.5 1.52 2.28 4.05 2.07 0 0.75 7.73 6.08 1.52 0 0.0 0 0.57 0 5.7 2.16 4.18 3.04 0.7 3.55 5.7 0.97 0 3.45 0.55 6.46 6.59 2.89 6.33 1.36 0.99 2.03 0.55 0 6.68 3.86 1.79 0 
43 1.21 0.76 0.35 3.29 2.03 2.4 0 0.77 2.83 1.6 0 3.7 4.69 4.52 5.55 5.83 2.15 0 0.62 0 6.33 0 0.68 0.62 2.35 0.75 4.56 1.6 0.74 3.39 0.45 5.46 4.31 0 3.67 6.21 3.67 0.73 7.1 0.72 2.09 0.16 0 0.0 1.13 4.43 0 0 4.05 0 0 2.91 0.7 3.33 2.15 6.46 0.68 0.82 5.95 0 6.33 0.38 0 0.43 0.55 1.02 4.13 2.28 3.29 0 
44 0 3.29 2.45 0.38 0 1.72 0 3.67 1.33 1.52 1.6 1.49 0.23 4.05 1.6 4.42 0.2 0 1.77 5.19 2.19 1.6 1.37 2.07 0.23 0.63 1.88 2.22 4.31 0.63 2.92 1.13 0.31 0.32 1.85 0 0 4.8 1.21 1.41 0.15 1.97 0.57 1.13 0.0 0 0 2.65 1.49 1.65 0 1.13 0.57 0 5.83 2.26 1.06 4.52 2.79 1.99 2.39 5.57 1.13 2.28 2.65 0 2.65 3.04 0 0.87 
45 0 0 0.86 0 0 0 0.66 0.33 0.92 4.69 0 2.16 0.98 0.8 1.79 1.22 1.79 0 6.08 0.35 0 0.3 0.48 3.67 1.72 1.84 1.69 0.56 0.78 0.38 0 1.92 1.41 0.94 0.39 0 1.88 1.11 2.22 4.56 1.72 0 0 4.43 0 0.0 0.74 0 0.15 3.58 0.72 0.37 0 1.06 0 7.1 2.71 0.92 3.93 2.4 0 1.66 0.86 1.17 0 0 0 0.51 0.74 0.43 
46 0 1.37 0 0.5 0 0 0 0 0 0 0.43 0 0 0 1.11 1.29 1.17 1.11 0.73 0.2 1.21 1.79 0 3.95 4.14 0 0.39 0.31 1.85 0 0 0.65 3.93 0 0.12 0 0 1.72 0 1.06 2.07 0.77 5.7 0 0 0.74 0.0 2.54 1.29 2.4 2.34 2.07 0.31 0 0.63 4.61 2.96 1.88 2.66 0 0 0 0 0 6.46 0 1.17 0.37 0 0 
47 0 2.63 1.05 2.53 0.78 0 2.35 3.29 2.82 0 0.85 0 3.67 0 0 1.41 0.58 1.29 5.36 2.16 0 0.23 1.48 3.86 3.14 0.99 3.01 1.79 0.59 0.68 0.51 3.88 5.95 0 2.35 0.58 0.56 0 0.85 0 2.46 4.81 2.16 0 2.65 0 2.54 0.0 0 4.14 4.99 2.92 0 0 2.92 4.19 0 1.79 4.33 0 1.6 1.51 1.23 2.03 0.6 0 3.51 2.54 1.98 1.04 
48 1.23 1.02 0.51 0.6 0.86 0.66 1.79 1.79 2.35 1.68 0 0 0 1.17 0 0 2.82 0 2.03 1.85 0.32 0.31 2.16 2.28 0 6.72 0.98 0.86 0.8 0 0.43 0 5.19 0 1.17 1.13 1.13 1.22 0 3.95 0 3.39 4.18 4.05 1.49 0.15 1.29 0 0.0 1.52 6.08 2.45 0.3 2.22 0 1.04 1.64 0.3 2.4 0 0 1.79 1.69 0.48 3.39 3.02 0.85 0 0.59 1.05 
49 0 1.11 0.43 0 1.29 0.77 1.98 2.4 0 3.17 0.65 1.96 0 0 0 3.14 0.15 1.29 0 0 0 0.67 0 0.62 0.43 3.29 0 1.68 0 2.53 0 0.7 0.3 0 3.58 0 4.71 4.99 2.71 0.47 1.98 0.82 3.04 0 1.65 3.58 2.4 4.14 1.52 0.0 2.28 1.6 1.64 2.9 0 4.05 0 3.33 4.43 1.05 1.04 2.46 0.42 0.43 4.18 0.82 0 2.03 0.43 4.71 
50 0 2.09 0.6 1.52 0 0 2.63 2.16 2.53 0.68 1.6 0 0 3.14 0.78 7.1 2.53 1.98 0.37 0.78 2.58 3.14 0 2.63 1.9 0.13 2.54 1.76 4.14 4.42 2.53 1.54 0.12 3.67 4.81 2.46 2.35 0 1.29 1.9 1.51 2.4 0.7 0 0 0.72 2.34 4.99 6.08 2.28 0.0 1.36 0 0 0 0 3.01 0 3.17 2.15 1.19 0.9 1.52 0.43 3.14 0 0 4.18 3.01 5.83 
51 0.18 1.11 0 0.39 1.51 0.53 0.56 2.16 2.45 0.78 2.73 3.39 0.51 0 0.62 1.41 0.49 0.1 1.6 0 0 2.82 1.6 1.98 0.86 1.66 0 0.43 2.16 1.6 0 0 0.25 0 1.29 0 2.34 0.65 3.01 1.29 1.04 1.66 3.55 2.91 1.13 0.37 2.07 2.92 2.45 1.6 1.36 0.0 0.98 0.52 1.49 1.41 0.43 0 0 2.96 0 3.11 1.17 1.13 4.56 2.28 0 0 0.62 3.76 
52 0.23 2.16 0 3.11 0 0.3 0 0.74 0.66 0.58 2.92 0.45 0 0 0.33 0.63 3.11 0.82 1.88 0 0 0 0 2.71 4.42 5.7 0.59 0 1.79 1.13 0.27 4.14 2.16 0 0 0.2 0.47 1.42 0.47 4.05 0 2.83 5.7 0.7 0.57 0 0.31 0 0.3 1.64 0 0.98 0.0 1.17 0.51 2.11 0.82 1.41 3.29 0 3.29 0 0 0.57 0 0 0.57 0.55 0 1.33 
53 2.07 0 0 0 0.4 0 1.21 0.31 0 1.13 1.05 0 1.88 0 0.12 0 1.52 1.54 0.77 0.43 2.71 0.75 0.87 3.2 0 0.63 1.05 1.42 0 0 0.55 1.85 0.55 1.56 1.05 0.12 0.78 0 0.74 0.42 0 0 0.97 3.33 0 1.06 0 0 2.22 2.9 0 0.52 1.17 0.0 0.33 0 2.27 1.91 0 0.27 0 0.9 2.71 2.71 8.24 0.22 0 0.7 0 2.07 
54 1.66 0 1.33 4.33 0 2.26 0 1.79 0.47 0.73 3.39 0 3.11 0.66 0.99 0 0 2.09 7.48 0.31 0.45 0 0 0.95 0 3.39 2.45 0.8 0 1.29 0.47 0 4.33 0 0 1.41 2.03 2.45 0 0 0 5.65 0 2.15 5.83 0 0.63 2.92 0 0 0 1.49 0.51 0.33 0.0 0 0 0.55 3.11 0 0.62 0 1.64 0 7.98 1.29 1.25 2.07 1.17 0.67 
55 0.7 0 1.99 2.54 0.82 4.13 0.7 2.71 1.99 0.74 1.17 1.76 2.92 7.86 0 0 2.16 1.33 0.55 3.45 4.87 0 2.31 0 1.06 0.85 0.65 3.51 0.99 7.6 2.15 2.66 1.23 0.73 3.08 4.61 0 2.89 0 0 0 3.26 3.45 6.46 2.26 7.1 4.61 4.19 1.04 4.05 0 1.41 2.11 0 0 0.0 0 8.74 3.93 0 1.42 4.25 0 2.53 8.24 2.46 0 0 2.83 3.01 
56 0.62 0.27 3.8 2.35 0 6.21 3.55 0 6.59 1.52 6.72 5.93 1.49 7.1 2.5 0.94 0 4.18 0 7.6 1.02 4.94 2.91 0 0 3.76 5.07 0 3.8 0 3.48 5.27 0 2.53 1.8 0.92 0 5.08 0.95 1.64 4.31 0.17 0.55 0.68 1.06 2.71 2.96 0 1.64 0 3.01 0.43 0.82 2.27 0 0 0.0 3.63 6.08 4.56 7.73 0 3.04 1.77 0.35 0 0 3.95 0 4.52 
57 1.72 0.72 2.73 0.78 0.82 1.13 1.25 2.54 0.78 0.83 4.33 2.4 2.34 0 1.17 0.38 2.71 0 7.98 0 0.8 0 0 0 2.35 0 2.82 0 2.92 0 1.36 2.31 0 2.4 0.32 0.98 1.23 0.51 2.59 4.52 1.6 2.07 6.46 0.82 4.52 0.92 1.88 1.79 0.3 3.33 0 0 1.41 1.91 0.55 8.74 3.63 0.0 0 0 0 3.29 0 2.77 0.9 0 2.77 0 1.66 2.54 
58 0 0.7 0.57 1.48 2.35 2.59 0.43 0.23 0.35 0.55 0 0 0 0.55 1.36 0 2.82 0.66 1.91 3.17 0 2.9 0 5.45 1.45 2.16 1.32 1.85 0 0.6 1.33 0.3 1.17 0 0.86 0.3 4.8 0.82 0 0.62 0.55 0 6.59 5.95 2.79 3.93 2.66 4.33 2.4 4.43 3.17 0 3.29 0 3.11 3.93 6.08 0 0.0 0 0 3.33 2.53 3.39 3.7 0 1.23 0 1.06 3.45 
59 0.63 1.05 3.08 0.87 2.34 0 0.78 0 0 2.71 0 0 2.28 1.85 0 0 0 0 0 0 0 0 2.62 1.15 0 0 0 0 0 0 2.83 0.67 0 3.45 0 0.78 0 0.83 0 1.56 3.95 1.24 2.89 0 1.99 2.4 0 0 0 1.05 2.15 2.96 0 0.27 0 0 4.56 0 0 0.0 2.35 0 3.63 3.7 10.14 0 0.92 0 0 0 
60 0 4.23 1.37 2.31 3.39 0.7 0 4.52 3.86 1.1 2.58 2.39 2.15 0 2.07 1.23 2.07 1.96 9.5 1.72 0.62 0 3.67 2.27 1.15 0 1.84 0 0 1.54 0.5 0 8.11 0 3.58 0 1.04 1.04 2.5 4.0 2.23 6.72 6.33 6.33 2.39 0 0 1.6 0 1.04 1.19 0 3.29 0 0.62 1.42 7.73 0 0 2.35 0.0 0.47 3.48 0 1.92 2.62 0 3.95 3.58 0.23 
61 3.2 0 0.78 2.53 0 0 0 0 0 0 2.35 0 0.75 2.34 3.51 2.92 0 0.63 3.45 0.82 2.92 0 0.74 0 0 2.39 0.67 0 0.62 0 0 4.31 3.02 0 0 0 0 0.98 0 0 0 1.02 1.36 0.38 5.57 1.66 0 1.51 1.79 2.46 0.9 3.11 0 0.9 0 4.25 0 3.29 3.33 0 0.47 0.0 0 1.72 1.98 0 0 2.28 0.45 0.86 
62 1.36 0.31 0 1.6 0.35 1.54 0.23 0 1.37 0.65 0 0 0 1.37 0 1.97 0 0.94 2.53 0 2.22 0 0 0 0.53 5.7 1.09 1.09 0 1.36 0.23 0 4.18 0.15 1.72 0 1.6 2.82 3.02 1.56 0 1.11 0.99 0 1.13 0.86 0 1.23 1.69 0.42 1.52 1.17 0 2.71 1.64 0 3.04 0 2.53 3.63 3.48 0 0.0 0 0.82 2.07 3.57 0 0.92 0 
63 2.07 0 0.27 0 0 0 0 0 2.34 2.73 5.19 0 1.54 3.95 0 0.7 0.1 1.79 3.55 2.77 0 2.73 1.11 0.55 1.11 4.31 0 3.29 0 1.25 1.42 5.95 2.91 0.1 1.91 0.67 3.67 3.95 0 1.91 0.37 1.9 2.03 0.43 2.28 1.17 0 2.03 0.48 0.43 0.43 1.13 0.57 2.71 0 2.53 1.77 2.77 3.39 3.7 0 1.72 0 0.0 0 1.96 3.39 0 0 3.67 
64 4.05 0 2.73 0.67 5.32 0 3.2 7.22 3.45 2.15 1.09 0 0 0.92 6.59 0.83 1.91 3.95 0 1.05 3.14 0.5 1.22 2.91 4.81 7.48 4.52 0 0.37 2.59 4.43 6.78 4.52 3.29 6.21 1.0 0.65 0.77 2.66 3.51 2.9 0 0.55 0.55 2.65 0 6.46 0.6 3.39 4.18 3.14 4.56 0 8.24 7.98 8.24 0.35 0.9 3.7 10.14 1.92 1.98 0.82 0 0.0 1.22 3.09 1.84 3.39 2.16 
65 0.52 0 2.83 0 2.16 0 3.67 1.23 0.98 1.6 0.62 0.27 0.4 0 0 1.84 0.73 1.21 2.65 0 0.97 0 3.76 0 0 0.55 1.54 0 0.94 0 0.73 0.32 0.53 0.78 1.17 0 0 3.39 0 0.37 0 4.0 0 1.02 0 0 0 0 3.02 0.82 0 2.28 0 0.22 1.29 2.46 0 0 0 0 2.62 0 2.07 1.96 1.22 0.0 0 1.72 0.63 2.58 
66 0 0 3.08 0 0 3.2 4.14 1.42 0 0.55 0 0.12 1.17 2.28 0.92 0 3.08 0 0 1.48 0 2.35 0 2.46 0 2.46 1.17 0 0 0.77 2.96 1.6 0 0 1.97 0 1.04 0.95 0 1.79 0 1.19 6.68 4.13 2.65 0 1.17 3.51 0.85 0 0 0 0.57 0 1.25 0 0 2.77 1.23 0.92 0 0 3.57 3.39 3.09 0 0.0 0 0 1.14 
67 0.2 1.85 1.11 0 0.12 0.4 0.23 0.15 0.39 3.17 0.94 0 0.51 1.69 0 0 2.26 0.2 0 1.69 1.37 0.48 0 0.6 1.49 1.37 0.31 1.13 1.66 0 0.27 2.22 3.17 0 0.47 0.2 0.55 0.5 0 0.38 1.6 2.53 3.86 2.28 3.04 0.51 0.37 2.54 0 2.03 4.18 0 0.55 0.7 2.07 0 3.95 0 0 0 3.95 2.28 0 0 1.84 1.72 0 0.0 0 3.58 
68 0.12 0.32 0.12 0.78 0 0 0.31 0.78 1.23 1.72 0 3.39 0 0 0.55 0 0.28 0 0.62 0.47 0 1.23 0 2.54 0 2.28 1.22 0 1.6 0.92 0.75 4.05 0 0.74 1.22 0 0 2.63 2.09 0 1.69 1.85 1.79 3.29 0 0.74 0 1.98 0.59 0.43 3.01 0.62 0 0 1.17 2.83 0 1.66 1.06 0 3.58 0.45 0.92 0 3.39 0.63 0 0 0.0 0 
69 0.62 0 0 0 0 0 0 4.33 0 2.35 5.83 3.76 4.61 0 2.11 0 0 0.72 8.36 1.76 0.3 0 0.42 4.23 0.97 6.4 3.95 0 0 1.36 0.9 0 5.27 0.57 0.6 0 0.66 0 0 3.63 3.08 0 0 0 0.87 0.43 0 1.04 1.05 4.71 5.83 3.76 1.33 2.07 0.67 3.01 4.52 2.54 3.45 0 0.23 0.86 0 3.67 2.16 2.58 1.14 3.58 0 0.0 

;