set O:= 0;
set N:= 1 2 3 4 5 6 7 8 9 10 11 12 13 14 15 16 17 18 19 20 21 22 23 24 25 26 27 28 29 30 31 32 33 34 35 36 37 38 39 40 41 42 43 44 45 46 47 48 49 50 51 52 53 54 55 56 57 58 59 60 61 62 63 64 65 66 67 68 69 70 71 72 73 74 75;
set K:= 1 2 3 4;
param V:= 4;
param cp:= 350;
param dm:= 2.0;
param o:=
0 0
1 18
2 26
3 11
4 30
5 21
6 19
7 15
8 16
9 29
10 26
11 37
12 16
13 12
14 31
15 8
16 19
17 20
18 13
19 15
20 22
21 28
22 12
23 6
24 27
25 14
26 18
27 17
28 29
29 13
30 22
31 25
32 28
33 27
34 19
35 10
36 12
37 14
38 24
39 16
40 33
41 15
42 11
43 18
44 17
45 21
46 27
47 19
48 20
49 5
50 22
51 12
52 19
53 22
54 16
55 7
56 26
57 14
58 21
59 24
60 13
61 15
62 18
63 11
64 28
65 9
66 37
67 30
68 10
69 8
70 11
71 3
72 1
73 6
74 10
75 20
;
param c[*,*]
: 0 1 2 3 4 5 6 7 8 9 10 11 12 13 14 15 16 17 18 19 20 21 22 23 24 25 26 27 28 29 30 31 32 33 34 35 36 37 38 39 40 41 42 43 44 45 46 47 48 49 50 51 52 53 54 55 56 57 58 59 60 61 62 63 64 65 66 67 68 69 70 71 72 73 74 75:=
0 0 6 4 4 3 11 2 3 3331 6 23 8 5 4885 7 9749 5 1776 8 6 10 7539 13 9 7 29 1 14 6701 7 5 16 10 3775 4 3997 7328 7106 23 6 12 16 7994 9 5 6 2 6 22 7 7 3 4 4885 24 12 9 40 4 11 11 9493 25 4885 38 9 8 2 2 10 9 8660 4441 6 6 1 
1 6 0 5 8305 7 15 7 14 14443 17 21 15 28 15 15 18 5 5 14 16971 12 6 3 17 18 15165 6661 16 5 11 7 22 14 2889 11915 17 7550 8438 28 15 6439 8 5 2166 9388 12 51 6217 15 6499 25 16 12638 17 22 18 6 19 30 35 9992 7 9 3 6 15 21 6661 5 8 11 9 58 7 5026 20 
2 4 5 0 7 3350 8 2 7539 9 9493 11 24 6980 8 22 38 5026 10 12 19 8935 5 4467 14 9214 13 6 5584 11 23 2 17 8 2792 11 8376 8 9 11448 11 7 9 27 7 29 5055 6 19 7 15 11 4 6 13 38 18 8376 10471 19 13960 20 22 2 9 32 12844 13960 5026 2 7 38 8655 38 3 2 4 
3 4 8305 7 0 6 15 4 10 12277 10 10110 28 13 17 15 66 6 2665 5777 30 24 11 12 8 6 7 4441 12638 8935 12999 8 23 12 23 42 25 17332 22 15 7 2 13 45 9388 1083 12 14 59 13 4 4333 4 11915 16 16609 39 36 21 17 38 43 11448 7259 6 16 17 18 5 9 18 84 25 9 8 35 4 
4 3 7 3350 6 0 8 3 3331 3 27 8 9 3997 4 24 9 21 7 9104 6 6439 12 6439 8 11 11 2443 2220 5863 3972 3 9548 7 4 1554 4 7 6 6883 6439 19 8216 8 15 6 3 2 9 16 15 8 3553 2 11 5 12 9 15 22 8438 7994 9 12 6 9326 7772 11 2 2 7 7550 8 6 5 5 4 
5 11 15 8 15 8 0 9388 22 36 69 17332 18 12999 7 17 3 13360 12 23 11 4333 4694 10471 32 38 23 21 6 29 9 4694 27 66 10832 14 12 14 3 17 19 14082 62 14443 28 20 4 9 3 2528 21 19 14 8 17 8666 48 17693 4333 61 17 13 8 36 13 15 18 18776 11 8 6 7 6 16 13 6 7944 
6 2 7 2 4 3 9388 0 6 11 22 7106 8 15 7 8216 11 3 4 14 14 9 8 5 4885 7 8 4 6 6 7222 3350 9 5 1776 8 7 7 7328 9 12 7 6 5773 5 4 12 5 5551 5305 4663 6217 1332 5 14 8 12 6217 23 7 13 11 8 5 3 30 8660 9770 4 4 8 10 8438 6 3 5 3 
7 3 14 7539 10 3331 22 6 0 1954 6980 20 17 4 7 4 10110 12 8 15 3 8660 41 15887 15887 17 11 2 18 41 11 6980 9 40 45 3 6 8882 7994 9 6 4441 23 20 18 10471 9 2 7772 32 56 25 5107 13 9 5305 25 18 9749 4 7 10658 14 10 14 20581 5584 6422 2 9 10214 20 10 5026 25 8655 4 
8 3331 14443 9 12277 3 36 11 1954 0 18 8 6 9 4 7 8 13 6 21 8 7 10 31 16971 19 47 12 3 10 7 6143 12 11915 24 8 6 10 8 6 8097 11 23 36 33 15 22 1 6661 6980 17 30 5773 1954 3 7 18 18776 14 7 7 9104 13 39 55 40 28 9 4 18 9 8438 11 9 25 9 8 
9 6 17 9493 10 27 69 22 6980 18 0 4 10 3 12 10051 36 33 3553 8 10331 17 17 16609 15 9 3 4219 11 15 15165 13 3775 2528 43 17 9 16 12213 6143 888 1998 64 18 19 4333 13360 8 12 24 9027 8 9 11 32 14 5 18 23 4 12285 18 15 22 42 25 7259 18 5551 25 27 14 14 1998 51 46 6 
10 23 21 11 10110 8 17332 7106 20 8 4 0 5 3331 11 8 34 16 6 23 7818 26 30 19498 16971 14443 10 5 12 13960 59 45 4 7944 56 9 7 13 48 1954 2443 4 40 41 19 19 13 8 14 14 16 19 6439 35 4747 40 8 19137 16609 1 10 29 67 13 14804 26 2792 5 7 7 13767 13989 13989 6 15526 26 26 
11 8 15 24 28 9 18 8 17 6 10 5 0 7 10 3 15 15887 7 16609 20 14519 16 16473 32 19 13 5 11 58 16 11168 15 51 12844 6980 4188 17 17 3 28 13 22 22 34 55 12638 8 14 14 72 15 7994 15 2 7 50 70 14082 5 4 68 17 18 17 20 8 4 7 7994 17032 16194 67 7 13681 16 14 
12 5 28 6980 13 3997 12999 15 4 9 3 3331 7 0 7 24 55 18 3 5773 12 12 44 10 8 6439 4885 3 5773 10 10832 7 7 4 10 16 9 10 10 8 2 1 36 37 8216 4 18 4 8660 10 6 4 6 6 4441 7328 6883 11 55 2 33 24 16 10 22 11 7 13 6 4 10880 15 11324 2 25 17 12 
13 4885 15 8 17 4 7 7 7 4 12 11 10 7 0 6143 3972 14804 7 41 15 9 16 30 18 20 30 5107 1954 37 5 6 14240 17 16 5 6 12 18 19 12 7772 38 23 69 62 19 4 5 21 18 37 8 2 7 1954 17311 20220 3 10 8376 8 10610 39 15165 22 10 10331 3997 5 7 5995 7 40 26 7 5 
14 7 15 22 15 24 17 8216 4 7 10051 8 3 24 6143 0 11915 66 9 19137 3 15 13123 15636 20 81 13 5 7 55 12 11 10051 58 12564 5584 10 13123 12 5 11 7 22 70 66 59 10471 5026 12 13 21 34 10 11 4 4467 18 22 43 6143 3 59 15915 17 17 78 6 4188 5 9 60 27 16 8 13 24 6439 
15 9749 18 38 66 9 3 11 10110 8 36 34 15 55 3972 11915 0 19 16 44 9 3611 8 17 37 42 22 10832 4 13 4 6860 24 17693 26 7222 9388 6 4 16 69 19 18054 69 16609 68 4694 30 5416 5 74 20220 26 12 15 7 25 22 1444 15 14 29 11193 46 19 20 68 22 9 10 9 5777 7 20 51 9 9 
16 5 5 5026 6 21 13360 3 12 13 33 16 15887 18 14804 66 19 0 3109 33 15165 18 8935 10 5 5 40 5 12277 7 12 6701 59 25 12 10471 52 30 32 56 10 4 8 10 6138 5 42 22 16 8376 6 7222 7 11915 56 17 25 6 64 43 22 38 12 6 4 22 32 18054 5329 5 16 38 18 9749 19 13 8 
17 1776 5 10 2665 7 12 4 8 6 3553 6 7 3 7 9 16 3109 0 5773 8 11 10 28 7 5773 5551 2 6 16 12 6 14 3 4 5 4885 11 9 5773 4 1 9 7550 7 3 9 16 15 8 19 4663 2 9 22 30 15 7328 14 8 10 22 13 13 4219 37 14 8 3 3 12 12 10214 7 6 8 2 
18 8 14 12 5777 9104 23 14 15 21 8 23 16609 5773 41 19137 44 33 5773 0 77 25275 15 17 10110 19 4 7 18 52 75 12564 10471 5 22 32 21 92 26 18 8 19 14082 15 15 5055 17332 18 82 18 6 4 23 22 33 21303 6 11 22748 22 22 27081 31 23 10110 18 15526 23 8 10 23831 27 32 10 13 13123 7994 
19 6 16971 19 30 6 11 14 3 8 10331 7818 20 12 15 3 9 15165 8 77 0 9 44 20 19 19859 26 9 4188 13 17 9 11 16 29 4 2 8 8 26 12 28 23 21 19 14804 9 4 31 34 20 19 8 4 12 4 31 21665 8 6980 6 20 27 13 65 25 7 6701 3997 8 20 10 38 16 19 20 5 
20 10 12 8935 24 6439 4333 9 8660 7 17 26 14519 12 9 15 3611 18 11 25275 9 0 25 10 12435 29 15543 8882 4885 35 13 8 32 20942 19 27 8 3 5 61 13 44 24 11 11102 25 9 14 4 7 21 30 11 6 12285 7 35 15 19 13 14 9 8655 40 11 23 32 16 16 8 5 1332 2443 24 8882 7 8 
21 7539 6 5 11 12 4694 8 41 10 17 30 16 44 16 13123 8 8935 10 15 44 25 0 6 13 15 32 37 26 3 5 4 20 13 6701 7539 10610 3 5 14798 13681 12 9 9 8 14 8 32 3 4 14 28 8376 7 25 11 18 10889 9 52 16 7 3 4 8097 9 20 67 10 22 3 25 4747 16 6 9 27 
22 13 3 4467 12 6439 10471 5 15887 31 16609 19498 16473 10 30 15636 17 10 28 17 20 10 6 0 7583 14 18 8 12638 3 21 5863 45 58 7 52 21 8 30 18 21 33 5 8 8 16 21 17 21 6422 11 16 23 13 29 18 27 8305 15 22 75 8660 3350 2 6499 19 17032 23 9 6 7 10 29 34 4 5 5995 
23 9 17 14 8 8 32 4885 15887 16971 15 16971 32 8 18 20 37 5 7 10110 19 12435 13 7583 0 5 26 8 15887 9 14804 8935 18776 19 6 58 17693 13 14 29 13 7 16 20 7 32 14082 15165 9104 41 3611 40 4663 64 14519 26 15 2 22 15526 39 26 12 6 3250 8305 16 70 10 5995 9992 52 11769 29 6 10 13 
24 7 18 9214 6 11 38 7 17 19 9 14443 19 6439 20 81 42 5 5773 19 19859 29 15 14 5 0 9 15 17332 10610 22 11 18 8 10 16 17332 41 43 16609 20 21 12 43 36 6 32 15887 74 14 2528 5416 10 16971 23 24 12 6 43 17 24 31 16 18 6499 13721 23 26 17 8 26 31 92 11554 12 11 15 
25 29 15165 13 7 11 23 8 11 47 3 10 13 4885 30 13 22 40 5551 4 26 15543 32 18 26 9 0 7 15 16 18415 13 8 5 26 11168 22 18 14433 10 3 4219 34 20 18 7 21 11 15 14798 9388 3 24 12564 21 31 8 58 22 20 18 17 21 12564 12277 21303 18 11168 10 33 60 33 16 16 15 55 7772 
26 1 6661 6 4441 2443 21 4 2 12 4219 5 5 3 5107 5 10832 5 2 7 9 8882 37 8 8 15 7 0 5 8376 32 5584 9 5 10 2 12 11 32 18 15 2443 11 18 7994 4441 6499 4 7106 14 7 5995 3 7 15 5773 11 8882 10832 3109 8 21 14 16 6 43 22 13 4 2887 9326 20 9770 4 6 9 1998 
27 14 16 5584 12638 2220 6 6 18 3 11 12 11 5773 1954 7 4 12277 6 18 4188 4885 26 12638 15887 17332 15 5 0 7259 2889 5 13402 17 13 1954 9 5329 4219 9 40 6 18 18 19 26 2166 4 4219 16 31 20 7 1 6422 15 32 18 5 17 12 7 12 31 12638 18 10 11 2665 4 7 6 8 9 13 11 7 
28 6701 5 11 8935 5863 29 6 41 10 15 13960 58 10 37 55 13 7 16 52 13 35 3 3 9 10610 16 8376 7259 0 27 7 16752 12 5 9 44 5 8 18 15 11 7 6 7 9493 29 8376 8 15 9 49 6422 8097 16 11 18 8376 11193 15 18 9 2792 2 7 7 31 17 7539 4747 5 18 8 25 12 2 6 
29 7 11 23 12999 3972 9 7222 11 7 15165 59 16 10832 5 12 4 12 12 75 17 13 5 21 14804 22 18415 32 2889 27 0 13 19 29 10 20 8666 6 5 14 16 23 59 17 52 15 1444 6 16 2 59 68 38 4333 14 30 21665 17 5 16 15 36 10 32 23 30 16 33 7 22 32 10 32 55 18 6 5777 
30 5 7 2 8 3 4694 3350 6980 6143 13 45 11168 7 6 11 6860 6701 6 12564 9 8 4 5863 8935 11 13 5584 5 7 13 0 14 38 5 17 29 21 11 22 40 8 10 17 8 35 4 5 7 8 12 23 6 9 18 16 19 41 32 38 12844 10 7 8 6422 9772 25 13402 9 2234 13 9 7259 9493 9 7 3071 
31 16 22 17 23 9548 27 9 9 12 3775 4 15 7 14240 10051 24 59 14 10471 11 32 20 45 18776 18 8 9 13402 16752 19 14 0 17 68 12 39 19 17 20 4 5773 44 29 84 13 22 12 56 16 17 18 8 49 8376 14 4663 81 43 4 22 19 19545 17 16971 104 11 7259 16 9548 16 34 17 3553 38 17 8882 
32 10 14 8 12 7 66 5 40 11915 2528 7944 51 4 17 58 17693 25 3 5 16 20942 13 58 19 8 5 5 17 12 29 38 17 0 9 22 12 21 24 10 3611 7 13 18 12277 4 16 11193 16971 11448 7 3 4 25 24 66 14 12 18 14 22 23109 27 9214 8305 69 23 14 5551 6 81 28 43 10 13 13 11 
33 3775 2889 2792 23 4 10832 1776 45 24 43 56 12844 10 16 12564 26 12 4 22 29 19 6701 7 6 10 26 10 13 5 10 5 68 9 0 10 13 7328 7994 13 22 4663 6499 6499 5 8 35 11 6 6 6 10471 2 10 45 15 18 7222 56 15 15636 10 8 5 4 9388 26 18 5 11 9 20 8882 23 1805 4 4 
34 4 11915 11 42 1554 14 8 3 8 17 9 6980 16 5 5584 7222 10471 5 32 4 27 7539 52 58 16 11168 2 1954 9 20 17 12 22 10 0 4 8 6 29 31 5 32 62 56 22 7 2 5551 21 13721 13721 19 1 4747 5 28 21 9 8 10 8438 10 7818 45 17693 34 8935 1110 2887 10 31 7994 28 20 6143 9 
35 3997 17 8376 25 4 12 7 6 6 9 7 4188 9 6 10 9388 52 4885 21 2 8 10610 21 17693 17332 22 12 9 44 8666 29 39 12 13 4 0 36 16 5 7259 22 78 24 17693 12 7 2 10 16 16 29 6 4 4 4188 55 22 18 6 22 10 16 11 18 24 6 6 3 5 11 11 11 12 17 9214 4 
36 7328 7550 8 17332 7 14 7 8882 10 16 13 17 10 12 13123 6 30 11 92 8 3 3 8 13 41 18 11 5329 5 6 21 19 21 7328 8 36 0 2 15636 49 10 12 9 35 18 7222 8 1332 3350 18054 27 34 8 26 29 16 11 29 11324 16 2443 5 29 8660 10 19 35 9 6 1554 5 3 24 6661 5 27 
37 7106 8438 9 22 6 3 7328 7994 8 12213 48 17 10 18 12 4 32 9 26 8 5 5 30 14 43 14433 32 4219 8 5 11 17 24 7994 6 16 2 0 14519 15 20 13 11 11 74 26 25 2 3630 19137 22 11 20 13 5773 21 48 9 14 28 2443 14 8376 9326 11 15356 32 8 6217 3 2 2220 23 7550 5584 7 
38 23 28 11448 15 6883 17 9 9 6 6143 1954 3 8 19 5 16 56 5773 18 26 61 14798 18 29 16609 10 18 9 18 14 22 20 10 13 29 5 15636 14519 0 6 5107 19 17032 15636 45 12999 8 28 14 15887 48 7106 16 3350 11 11 18 15165 3 7 71 19 13681 13 24 2 3 5 30 17 17 17311 3630 14 13 8 
39 6 15 11 7 6439 19 12 6 8097 888 2443 28 2 12 11 69 10 4 8 12 13 13681 21 13 20 3 15 40 15 16 40 4 3611 22 31 7259 49 15 6 0 2 33 17332 17 22 12999 9 12 11727 11 5416 19 8935 14 11 5 19 17332 4 45 58 19 45 22 41 12 8097 6 7 52 14 15 4 16 46 11 
40 12 6439 7 2 19 14082 7 4441 11 1998 4 13 1 7772 7 19 4 1 19 28 44 12 33 7 21 4219 2443 6 11 23 8 5773 7 4663 5 22 10 20 5107 2 0 8216 11 15 2 40 4885 36 9 4663 3553 2443 6 6 9 7 7550 30 6 9326 25 14 9 6 21 7 8 3775 3997 44 12213 24 5 23 17 7 
41 16 8 9 13 8216 62 6 23 23 64 40 22 36 38 22 18054 8 9 14082 23 24 9 5 16 12 34 11 18 7 59 10 44 13 6499 32 78 12 13 19 33 8216 0 1 2 23 14 18 8438 40 9 28 12 33 16 87 38 4 24 18 23 11769 9 10 5416 4 36 22 18 13 9 24 11 17 12 16 8 
42 7994 5 27 45 8 14443 5773 20 36 18 41 22 37 23 70 69 10 7550 15 21 11 9 8 20 43 20 18 18 6 17 17 29 18 6499 62 24 9 11 17032 17332 11 1 0 2 14 14 16248 16 9214 8666 17 6217 16248 18 21 40 6 18415 18776 26 11102 12 9 5777 6 18 79 36 13 8 11324 9770 23 22 7 29 
43 9 2166 7 9388 15 28 5 18 33 19 19 34 8216 69 66 16609 6138 7 15 19 11102 8 8 7 36 18 7994 19 7 52 8 84 12277 5 56 17693 35 11 15636 17 15 2 2 0 13 12638 15 8 8935 7 13 5107 17 30 25 18415 8 20 16971 20 11102 7 4 5 6 19 37 16 5773 8 13 20 16248 9 7 6661 
44 5 9388 29 1083 6 20 4 10471 15 4333 19 55 4 62 59 68 5 3 5055 14804 25 14 16 32 6 7 4441 26 9493 15 35 13 4 8 22 12 18 74 45 22 2 23 14 13 0 12 11 31 13 4694 4 2665 14 13 16609 35 12 69 7944 74 28 12285 10 6499 31 14 15526 5329 5 21 43 82 7 9 18 9 
45 6 12 5055 12 3 4 12 9 22 13360 13 12638 18 19 10471 4694 42 9 17332 9 9 8 21 14082 32 21 6499 2166 29 1444 4 22 16 35 7 7 7222 26 12999 12999 40 14 14 12638 12 0 17 5 4 13721 17 10 3 39 8 20220 32 22 11193 14082 12 9749 32 22 16 16 19 9 17 12 9749 12 24 8 10 5 
46 2 51 6 14 2 9 5 2 1 8 8 8 4 4 5026 30 22 16 18 4 14 32 17 15165 15887 11 4 4 8376 6 5 12 11193 11 2 2 8 25 8 9 4885 18 16248 15 11 17 0 5995 23 56 27 4885 6 5 9 55 35 7222 5863 8 9 14 8 12 18415 8 34 5 4 9 8216 9 6701 10832 7 3 
47 6 6217 19 59 9 3 5551 7772 6661 12 14 14 8660 5 12 5416 16 15 82 31 4 3 21 9104 74 15 7106 4219 8 16 7 56 16971 6 5551 10 1332 2 28 12 36 8438 16 8 31 5 5995 0 2 15887 77 6883 5 12 6883 30 10 6860 10214 15 3775 4467 22 29 9 19 15915 5995 4663 2443 4 2887 10 6 3071 5329 
48 22 15 7 13 16 2528 5305 32 6980 24 14 14 10 21 13 5 8376 8 18 34 7 4 6422 41 14 14798 14 16 15 2 8 16 11448 6 21 16 3350 3630 14 11727 9 40 9214 8935 13 4 23 2 0 22 13402 7259 6 10051 8 19 15 8 44 17 6 5305 5026 10 40 13681 28 7 8 19 6 7 11 7 2234 9 
49 7 6499 15 4 15 21 4663 56 17 9027 16 72 6 18 21 74 6 19 6 20 21 14 11 3611 2528 9388 7 31 9 59 12 17 7 6 13721 16 18054 19137 15887 11 4663 9 8666 7 4694 13721 56 15887 22 0 6499 3775 30 16971 22 11554 5 78 12638 45 28 11168 14 16 11915 35 20 29 7 18054 22026 82 11193 14 9214 8 
50 7 25 11 4333 8 19 6217 25 30 8 19 15 4 37 34 20220 7222 4663 4 19 30 28 16 40 5416 3 5995 20 49 68 23 18 3 10471 13721 29 27 22 48 5416 3553 28 17 13 4 17 27 77 13402 6499 0 20 15 18 19 5 46 21 9027 79 28 17 14 10 37 17 16 7328 7106 90 28 30 9 49 13 14 
51 3 16 4 4 3553 14 1332 5107 5773 9 6439 7994 6 8 10 26 7 2 23 8 11 8376 23 4663 10 24 3 7 6422 38 6 8 4 2 19 6 34 11 7106 19 2443 12 6217 5107 2665 10 4885 6883 7259 3775 20 0 11 9 17 16 6 13 6 43 11 9214 21 2665 7994 33 10 4 9 8882 12 20 5 4 6 3 
52 4 12638 6 11915 2 8 5 13 1954 11 35 15 6 2 11 12 11915 9 22 4 6 7 13 64 16971 12564 7 1 8097 4333 9 49 25 10 1 4 8 20 16 8935 6 33 16248 17 14 3 6 5 6 30 15 11 0 5305 7 19 20 5416 7259 9 7772 10 9 15 18 10 19 8 4 15 7106 9 8 22 7 3109 
53 4885 17 13 16 11 17 14 9 3 32 4747 2 4441 7 4 15 56 22 33 12 12285 25 29 14519 23 21 15 6422 16 14 18 8376 24 45 4747 4 26 13 3350 14 6 16 18 30 13 39 5 12 10051 16971 18 9 5305 0 11 16 20 11193 4 9 15 30 12285 12285 18149 7 5 16 6 59 17 29 5584 13 10889 5551 
54 24 22 38 16609 5 8666 8 5305 7 14 40 7 7328 1954 4467 7 17 30 21303 4 7 11 18 26 24 31 5773 15 11 30 16 14 66 15 5 4188 29 5773 11 11 9 87 21 25 16609 8 9 6883 8 22 19 17 7 11 0 18 23 10 37 6 10 14 47 19 22748 37 36 4885 13 11 8 8 10 17 11 7 
55 12 18 18 39 12 48 12 25 18 5 8 50 6883 17311 18 25 25 15 6 31 35 18 27 15 12 8 11 32 18 21665 19 4663 14 18 28 55 16 21 11 5 7 38 40 18415 35 20220 55 30 19 11554 5 16 19 16 18 0 16 24914 6883 19 21 39 15 30 23470 11168 15 10 41 21 37 72 7 18 32 9770 
56 9 6 8376 36 9 17693 6217 18 18776 18 19137 70 11 20220 22 22 6 7328 11 21665 15 10889 8305 2 6 58 8882 18 8376 17 41 81 12 7222 21 22 11 48 18 19 7550 4 6 8 12 32 35 10 15 5 46 6 20 20 23 16 0 43 17332 41 13545 10 6701 5055 8 17 19 37 7 43 17 16 20 30 12 8 
57 40 19 10471 21 15 4333 23 9749 14 23 16609 14082 55 3 43 1444 64 14 22748 8 19 9 15 22 43 22 10832 5 11193 5 32 43 18 56 9 18 29 9 15165 17332 30 24 18415 20 69 22 7222 6860 8 78 21 13 5416 11193 10 24914 43 0 16 17 8 12638 14 65 22 16 16248 9 39 9749 27 9 32 15 9 9388 
58 4 30 19 17 22 61 7 4 7 4 1 5 2 10 6143 15 43 8 22 6980 13 52 22 15526 17 20 3109 17 15 16 38 4 14 15 8 6 11324 14 3 4 6 18 18776 16971 7944 11193 5863 10214 44 12638 9027 6 7259 4 37 6883 17332 16 0 8 15 15077 11448 52 43 5 5584 4 12 50 26 13 4 13721 12 10 
59 11 35 13960 38 8438 17 13 7 7 12285 10 4 33 8376 3 14 22 10 22 6 14 16 75 39 24 18 8 12 18 15 12844 22 22 15636 10 22 16 28 7 45 9326 23 26 20 74 14082 8 15 17 45 79 43 9 9 6 19 41 17 8 0 67 21 16473 16752 22337 7 4188 7 11 18 15636 21 11 32 14798 18 
60 11 9992 20 43 7994 13 11 10658 9104 18 29 68 24 8 59 29 38 22 27081 20 9 7 8660 26 31 17 21 7 9 36 10 19 23109 10 8438 10 2443 2443 71 58 25 11769 11102 11102 28 12 9 3775 6 28 28 11 7772 15 10 21 13545 8 15 67 0 10 10331 13 14 75 21 9326 8438 4 888 1110 56 12 16 10 
61 9493 7 22 11448 9 8 8 14 13 15 67 17 16 10610 15915 11193 12 13 31 27 8655 3 3350 12 16 21 14 12 2792 10 7 19545 27 8 10 16 5 14 19 19 14 9 12 7 12285 9749 14 4467 5305 11168 17 9214 10 30 14 39 10 12638 15077 21 10 0 5 7818 23 18 19 10331 9 16 8376 7 17 22 4 8655 
62 25 9 2 7259 12 36 5 10 39 22 13 18 10 39 17 46 6 13 23 13 40 4 2 6 18 12564 16 31 2 32 8 17 9214 5 7818 11 29 8376 13681 45 9 10 9 4 10 32 8 22 5026 14 14 21 9 12285 47 15 6701 14 11448 16473 10331 5 0 4 7 59 16194 9 17 8 13 18 12 1 3 21 
63 4885 3 9 6 6 13 3 14 55 42 14804 17 22 15165 17 19 4 4219 10110 65 11 8097 6499 3250 6499 12277 6 12638 7 23 6422 16971 8305 4 45 18 8660 9326 13 22 6 5416 5777 5 6499 22 12 29 10 16 10 2665 15 12285 19 30 5055 65 52 16752 13 7818 4 0 9 56 15356 6 4 8660 14 13 24 3250 8 6 
64 38 6 32 16 9326 15 30 20581 40 25 26 20 11 22 78 20 22 37 18 25 23 9 19 8305 13721 21303 43 18 7 30 9772 104 69 9388 17693 24 10 11 24 41 21 4 6 6 31 16 18415 9 40 11915 37 7994 18 18149 22748 23470 8 22 43 22337 14 23 7 9 0 23 28 13 32 16 45 9770 42 10 8097 8882 
65 9 15 12844 17 7772 18 8660 5584 28 7259 2792 8 7 10 6 68 32 14 15526 7 32 20 17032 16 23 18 22 10 31 16 25 11 23 26 34 6 19 15356 2 12 7 36 18 19 14 16 8 19 13681 35 17 33 10 7 37 11168 17 16 5 7 75 18 59 56 23 0 2 6217 11 74 17869 73 20 14240 17 30 
66 8 21 13960 18 11 18776 9770 6422 9 18 5 4 13 10331 4188 22 18054 8 23 6701 16 67 23 70 26 11168 13 11 17 33 13402 7259 14 18 8935 6 35 32 3 8097 8 22 79 37 15526 19 34 15915 28 20 16 10 19 5 36 15 19 16248 5584 4188 21 19 16194 15356 28 2 0 8 10 38 36 19 6980 31 15077 8438 
67 2 6661 5026 5 2 11 4 2 4 5551 7 7 6 3997 5 9 5329 3 8 3997 16 10 9 10 17 10 4 2665 7539 7 9 16 5551 5 1110 3 9 8 5 6 3775 18 36 16 5329 9 5 5995 7 29 7328 4 8 16 4885 10 37 9 4 7 9326 10331 9 6 13 6217 8 0 3 8438 8660 17 4 5551 8 3 
68 2 5 2 9 2 8 4 9 18 25 7 7994 4 5 9 10 5 3 10 8 8 22 6 5995 8 33 2887 4 4747 22 2234 9548 6 11 2887 5 6 6217 30 7 3997 13 13 5773 5 17 4 4663 8 7 7106 9 4 6 13 41 7 39 12 11 8438 9 17 4 32 11 10 3 0 7 9 9 5995 3109 3630 1 
69 10 8 7 18 7 6 8 10214 9 27 13767 17032 10880 7 60 9 16 12 23831 20 5 3 7 9992 26 60 9326 7 5 32 13 16 81 9 10 11 1554 3 17 52 44 9 8 8 21 12 9 2443 19 18054 90 8882 15 59 11 21 43 9749 50 18 4 16 8 8660 16 74 38 8438 7 0 14 1998 51 27 6 15 
70 9 11 38 84 7550 7 10 20 8438 14 13989 16194 15 5995 27 5777 38 12 27 10 1332 25 10 52 31 33 20 6 18 10 9 34 28 20 31 11 5 2 17 14 12213 24 11324 13 43 9749 8216 4 6 22026 28 12 7106 17 8 37 17 27 26 15636 888 8376 13 14 45 17869 36 8660 9 14 0 2 53 9 31 11 
71 8660 9 8655 25 8 6 8438 10 11 14 13989 67 11324 7 16 7 18 10214 32 38 2443 4747 29 11769 92 16 9770 8 8 32 7259 17 43 8882 7994 11 3 2220 17311 15 24 11 9770 20 82 12 9 2887 7 82 30 20 9 29 8 72 16 9 13 21 1110 7 18 13 9770 73 19 17 9 1998 2 0 13 8 8 10 
72 4441 58 38 9 6 16 6 5026 9 1998 6 7 2 40 8 20 9749 7 10 16 24 16 34 29 11554 16 4 9 25 55 9493 3553 10 23 28 12 24 23 3630 4 5 17 23 16248 7 24 6701 10 11 11193 9 5 8 5584 10 7 20 32 4 11 56 17 12 24 42 20 6980 4 5995 51 53 13 0 12999 11 20 
73 6 7 3 8 5 13 3 25 25 51 15526 13681 25 26 13 51 19 6 13 19 8882 6 4 6 12 15 6 13 12 18 9 38 13 1805 20 17 6661 7550 14 16 23 12 22 9 9 8 10832 6 7 14 49 4 22 13 17 18 30 15 13721 32 12 22 1 3250 10 14240 31 5551 3109 27 9 8 12999 0 15 3997 
74 6 5026 2 35 5 6 5 8655 9 46 26 16 17 7 24 9 13 8 13123 20 7 9 5 10 11 55 9 11 2 6 7 17 13 4 6143 9214 5 5584 13 46 17 16 7 7 18 10 7 3071 2234 9214 13 6 7 10889 11 32 12 9 12 14798 16 4 3 8 8097 17 15077 8 3630 6 31 8 11 15 0 5 
75 1 20 4 4 4 7944 3 4 8 6 26 14 12 5 6439 9 8 2 7994 5 8 27 5995 13 15 7772 1998 7 6 5777 3071 8882 11 4 9 4 27 7 8 11 7 8 29 6661 9 5 3 5329 9 8 14 3 3109 5551 7 9770 8 9388 10 18 10 8655 21 6 8882 30 8438 3 1 15 11 10 20 3997 5 0 

;param cto[*,*]
: 0 1 2 3 4 5 6 7 8 9 10 11 12 13 14 15 16 17 18 19 20 21 22 23 24 25 26 27 28 29 30 31 32 33 34 35 36 37 38 39 40 41 42 43 44 45 46 47 48 49 50 51 52 53 54 55 56 57 58 59 60 61 62 63 64 65 66 67 68 69 70 71 72 73 74 75:=
0 0 46 44 45 39 42 43 44 40 42 42 43 40 42 43 43 41 39 48 42 44 43 43 43 48 44 39 41 42 41 40 44 42 41 40 41 44 44 42 42 40 44 44 43 41 40 44 42 41 43 43 40 40 42 43 45 44 43 45 45 46 44 42 42 46 43 48 39 39 44 49 45 41 41 41 38 
1 46 0 40 42 42 44 41 49 45 44 46 51 43 49 51 45 44 46 44 46 46 46 43 40 42 45 43 44 40 47 42 47 43 39 44 46 44 45 47 45 43 40 40 39 42 43 44 43 42 41 44 41 44 46 46 50 41 46 45 49 46 42 39 43 45 51 49 43 41 44 46 49 45 39 41 42 
2 44 40 0 46 40 41 43 43 42 44 49 46 42 46 45 42 41 41 45 44 44 40 41 42 44 45 45 41 40 41 43 47 47 40 41 43 42 42 45 44 46 42 42 42 42 40 45 41 40 42 44 40 45 44 44 47 43 43 44 47 44 41 43 41 43 46 47 41 39 46 44 43 44 39 39 40 
3 45 42 46 0 42 49 41 47 44 40 43 45 40 45 49 46 39 40 41 45 47 49 47 41 40 45 41 44 44 44 47 44 39 41 43 44 46 47 44 41 40 43 43 42 38 47 43 45 44 44 40 40 44 44 46 43 42 46 42 47 48 45 42 40 45 45 46 46 41 51 48 48 41 42 43 45 
4 39 42 40 42 0 41 40 40 40 43 43 43 41 41 43 41 42 40 45 42 43 42 43 48 45 45 40 40 42 40 43 46 43 45 39 45 42 46 43 43 42 44 48 44 46 39 39 41 40 44 48 41 43 42 42 47 49 42 42 45 44 43 42 46 45 44 45 39 43 47 44 44 46 42 40 39 
5 42 44 41 49 41 0 42 43 42 46 46 46 44 41 44 39 44 47 48 43 40 40 43 46 47 48 43 40 41 39 40 49 46 43 41 43 40 43 50 46 45 46 45 45 46 44 42 39 39 46 51 44 41 44 42 50 47 40 45 50 41 46 42 48 49 51 47 42 45 44 41 40 49 43 40 42 
6 43 41 43 41 40 42 0 42 42 42 44 48 41 43 44 47 40 40 44 44 45 42 42 42 43 44 40 42 41 41 40 49 45 39 41 43 47 44 44 42 41 46 42 46 45 41 41 42 41 42 43 39 42 43 44 45 43 44 42 46 46 47 40 44 44 45 46 40 39 44 45 45 42 40 40 39 
7 44 49 43 47 40 43 42 0 39 42 41 40 40 41 40 43 47 41 49 44 45 44 46 46 46 44 43 41 44 42 42 47 43 43 40 39 45 44 41 46 41 47 47 46 43 41 39 44 43 45 44 42 40 39 41 46 51 43 40 46 46 46 48 44 48 41 42 39 41 46 46 50 41 44 43 44 
8 40 45 42 44 40 42 42 39 0 44 42 45 41 40 40 46 48 42 46 39 47 44 46 46 46 45 40 44 48 45 42 45 44 44 39 39 44 43 46 43 42 47 47 46 44 40 42 43 42 46 45 42 39 44 40 47 47 41 42 46 45 46 44 45 48 42 43 40 41 49 45 45 42 44 43 41 
9 42 44 44 40 43 46 42 42 44 0 40 43 40 49 44 47 42 41 41 44 49 47 46 44 46 40 41 48 46 45 44 41 39 43 43 43 48 48 42 38 39 46 46 45 40 44 47 47 46 42 40 41 44 43 46 41 45 47 40 46 50 51 45 43 48 42 44 42 43 49 53 53 39 44 45 46 
10 42 46 49 43 43 46 44 41 42 40 0 40 40 48 42 46 44 42 44 43 48 47 47 46 45 42 41 44 47 45 45 40 42 45 43 42 52 47 39 40 41 48 48 51 42 48 42 47 46 45 42 43 43 41 44 43 47 46 43 43 50 49 50 45 49 40 45 42 48 49 49 49 39 46 46 43 
11 43 51 46 45 43 46 48 40 45 43 40 0 42 43 40 49 46 43 46 41 47 47 48 48 51 45 46 43 47 45 45 42 44 46 42 40 48 47 39 42 43 49 49 49 45 44 42 51 46 47 49 44 43 39 46 46 49 45 40 44 49 53 47 47 55 39 39 42 44 49 48 49 41 47 46 43 
12 40 43 42 40 41 44 41 40 41 40 40 42 0 47 43 45 41 39 42 43 46 45 45 44 43 42 39 42 48 43 46 42 40 42 41 41 50 49 41 43 39 45 45 44 40 42 45 45 44 42 45 40 42 41 44 43 45 45 43 44 48 46 43 42 51 42 43 40 41 47 47 47 43 43 43 40 
13 42 49 46 45 41 41 43 41 40 49 48 43 47 0 42 40 45 43 48 40 42 43 45 51 51 47 42 39 44 44 45 47 46 44 40 41 42 41 44 45 44 47 47 46 46 40 40 46 41 51 47 44 39 42 39 49 48 39 44 43 43 45 44 45 48 48 44 41 46 48 43 43 44 44 46 46 
14 43 51 45 49 43 44 44 40 40 44 42 40 43 42 0 44 46 43 47 43 46 46 48 48 48 50 46 46 47 47 44 44 45 46 41 39 46 49 41 44 47 49 49 48 45 43 41 49 45 47 46 44 41 39 41 47 49 43 42 40 47 48 46 47 50 41 40 42 44 47 47 47 46 50 46 43 
15 43 45 42 46 41 39 47 43 46 47 46 49 45 40 44 0 45 44 49 46 40 42 44 47 48 52 43 44 43 40 41 49 47 44 41 42 44 39 49 46 45 47 46 46 46 40 42 40 44 47 48 44 41 44 41 54 48 38 49 49 41 43 44 45 47 46 46 46 42 42 41 45 46 44 42 46 
16 41 44 41 39 42 44 40 47 48 42 44 46 41 45 46 45 0 40 42 45 51 44 42 40 44 43 46 44 46 47 42 45 41 39 43 44 45 46 45 42 41 42 42 41 40 43 43 44 43 39 41 39 44 45 50 44 45 46 43 48 47 44 41 39 43 46 47 42 41 49 47 50 43 40 42 41 
17 39 46 41 40 40 47 40 41 42 41 42 43 39 43 43 44 40 0 42 43 46 44 43 43 42 42 43 42 43 42 45 44 44 41 41 42 45 49 42 44 43 44 44 47 40 42 41 44 43 42 42 39 42 42 44 44 44 44 41 45 47 45 42 41 45 43 48 40 44 46 46 46 41 41 42 43 
18 48 44 45 41 45 48 44 49 46 41 44 46 42 48 47 49 42 42 0 47 50 51 50 43 40 44 48 51 46 47 46 43 44 43 46 46 49 49 45 42 42 45 49 44 40 46 46 48 47 45 39 42 46 46 48 40 47 49 43 53 51 48 45 43 51 46 47 48 44 50 55 51 42 48 46 44 
19 42 46 44 45 42 43 44 44 39 44 43 41 43 40 43 46 45 43 47 0 44 45 47 51 48 46 42 40 45 42 43 49 45 45 40 43 48 44 42 44 44 48 52 51 45 42 40 44 43 47 46 44 40 40 39 48 49 45 42 41 46 47 45 46 49 46 42 41 43 46 45 46 43 45 44 46 
20 44 46 44 47 43 40 45 45 47 49 48 47 46 42 46 40 51 46 50 44 0 42 45 48 49 50 45 42 43 41 42 51 48 45 43 48 40 39 48 52 47 47 51 47 48 42 43 44 41 52 50 46 46 46 43 52 49 40 47 51 40 43 44 50 47 48 52 44 44 41 39 40 48 45 46 48 
21 43 46 40 49 42 40 42 44 44 47 47 47 45 43 46 42 44 44 51 45 42 0 41 44 46 48 44 42 43 44 40 49 50 42 43 45 40 41 47 47 45 47 43 47 45 41 43 39 39 45 47 43 46 46 44 53 45 46 46 52 42 40 44 43 43 48 49 43 41 40 42 41 46 41 39 42 
22 43 43 41 47 43 43 42 46 46 46 47 48 45 45 48 44 42 43 50 47 45 41 0 42 44 51 48 44 39 43 42 49 45 41 44 46 43 44 48 46 44 44 40 40 44 43 45 42 42 43 49 42 48 47 50 48 42 49 47 50 45 40 39 41 40 49 50 44 42 42 45 44 46 40 40 43 
23 43 40 42 41 48 46 42 46 46 44 46 48 44 51 48 47 40 43 43 51 48 44 42 0 44 44 44 46 42 45 44 47 43 40 45 47 46 47 47 48 43 40 40 40 42 45 45 45 44 40 43 42 46 47 48 49 42 47 46 50 48 44 45 39 42 52 49 44 43 46 48 47 45 41 43 43 
24 48 42 44 40 45 47 43 46 46 46 45 51 43 51 48 48 44 42 40 48 49 46 44 44 0 42 44 46 45 46 49 45 41 42 49 46 48 48 46 43 42 42 43 42 40 46 46 47 46 39 40 42 46 47 49 43 45 49 44 53 50 46 44 41 45 47 48 45 44 48 50 49 44 43 49 44 
25 44 45 45 45 45 48 44 44 45 40 42 45 42 47 50 52 43 42 44 46 50 48 51 44 42 0 47 46 47 47 50 41 40 44 45 45 49 49 43 44 41 46 47 46 41 46 49 48 47 42 39 43 46 45 48 39 45 52 42 47 55 49 46 44 48 44 45 44 44 50 51 55 41 49 47 44 
26 39 43 45 41 40 43 40 43 40 41 41 46 39 42 46 43 46 43 48 42 45 44 48 44 44 47 0 41 43 42 41 43 41 42 43 40 45 44 41 41 40 45 45 44 41 41 40 44 42 47 43 40 40 41 42 45 45 43 40 44 46 45 43 46 46 42 43 39 40 45 46 46 40 46 42 39 
27 41 44 41 44 40 40 42 41 44 48 44 43 42 39 46 44 44 42 51 40 42 42 44 46 46 46 41 0 42 39 40 46 45 43 39 41 42 41 47 44 47 46 46 45 44 39 39 41 40 46 46 42 42 42 40 48 50 40 43 44 47 44 43 44 50 48 48 40 45 47 47 43 47 43 41 40 
28 42 40 40 44 42 41 41 44 48 46 47 47 48 44 47 43 46 43 46 45 43 43 39 42 45 47 43 42 0 41 40 49 45 40 43 45 45 42 47 46 44 42 41 41 44 41 43 40 40 47 46 42 43 46 49 48 43 43 46 48 47 40 39 41 42 48 52 43 41 45 44 42 46 40 43 45 
29 41 47 41 44 40 39 41 42 45 45 45 45 43 44 47 40 47 42 47 42 41 44 43 45 46 47 42 39 41 0 39 51 45 42 40 42 41 40 49 45 44 45 45 44 45 38 44 40 43 45 46 42 40 43 42 49 50 44 44 49 42 42 42 44 45 49 46 41 40 42 42 42 45 42 40 41 
30 40 42 43 47 43 40 40 42 42 44 45 45 46 45 44 41 42 45 46 43 42 40 42 44 49 50 41 40 40 39 0 51 44 45 40 42 41 41 45 44 43 44 43 43 43 39 41 40 39 44 45 41 41 44 43 48 44 42 44 46 43 42 40 42 44 46 46 41 39 42 43 42 44 41 39 40 
31 44 47 47 44 46 49 49 47 45 41 40 42 42 47 44 49 45 44 43 49 51 49 49 47 45 41 43 46 49 51 51 0 42 46 45 44 50 50 41 41 42 49 49 48 43 47 45 49 52 45 42 48 46 43 51 42 48 48 41 45 52 50 48 46 51 41 42 44 46 55 51 55 41 47 48 45 
32 42 43 47 39 43 46 45 43 44 39 42 44 40 46 45 47 41 44 44 45 48 50 45 43 41 40 41 45 45 45 44 42 0 46 43 48 47 47 47 40 39 48 45 44 39 44 43 46 45 41 39 40 44 44 46 41 47 51 41 47 49 47 44 42 46 44 49 42 46 48 49 49 40 43 44 42 
33 41 39 40 41 45 43 39 43 44 43 45 46 42 44 46 44 39 41 43 45 45 42 41 40 42 44 42 43 40 42 45 46 46 0 42 48 44 44 45 43 42 41 41 44 41 42 43 46 46 41 43 40 47 45 49 46 41 45 44 48 50 42 39 39 42 46 47 46 40 44 46 45 44 39 44 41 
34 40 44 41 43 39 41 41 40 39 43 43 42 41 40 41 41 43 41 46 40 43 43 44 45 49 45 43 39 43 40 40 45 43 42 0 40 43 42 42 43 46 46 46 45 43 40 38 42 41 45 45 42 38 41 41 47 46 41 42 43 45 48 43 43 47 43 44 39 40 44 44 44 42 43 42 40 
35 41 46 43 44 45 43 43 39 39 43 42 40 41 41 39 42 44 42 46 43 48 45 46 47 46 45 40 41 45 42 42 44 48 48 40 0 45 44 45 42 42 47 47 47 48 45 43 44 43 49 45 47 40 39 40 47 48 42 41 41 50 46 49 45 49 41 46 40 46 46 46 46 42 45 44 45 
36 44 44 42 46 42 40 47 45 44 48 52 48 50 42 46 44 45 45 49 48 40 40 43 46 48 49 45 42 45 41 41 50 47 44 43 45 0 39 48 48 50 45 49 45 51 41 44 39 40 47 49 45 43 46 44 55 51 41 47 52 40 45 42 45 45 49 49 44 47 39 40 39 47 43 45 43 
37 44 45 42 47 46 43 44 44 43 48 47 47 49 41 49 39 46 49 49 44 39 41 44 47 48 49 44 41 42 40 41 50 47 44 42 44 39 0 47 47 46 46 46 46 47 41 43 40 40 47 52 45 42 45 42 51 47 40 47 47 40 42 43 45 46 48 48 43 43 44 39 40 47 44 41 43 
38 42 47 45 44 43 50 44 41 46 42 39 39 41 44 41 49 45 42 45 42 48 47 48 47 46 43 41 47 47 49 45 41 47 45 42 45 48 47 0 41 42 49 49 48 43 44 42 47 46 46 44 44 43 40 44 44 48 45 39 42 49 49 47 50 50 39 44 46 44 53 53 49 40 46 50 43 
39 42 45 44 41 43 46 42 46 43 38 40 42 43 45 44 46 42 44 42 44 52 47 46 48 43 44 41 44 46 45 44 41 40 43 43 42 48 47 41 0 43 46 46 46 40 44 43 47 45 43 40 42 44 42 49 46 45 46 40 45 49 47 45 43 48 42 43 42 43 48 53 49 39 44 45 42 
40 40 43 46 40 42 45 41 41 42 39 41 43 39 44 47 45 41 43 42 44 47 45 44 43 42 41 40 47 44 44 43 42 39 42 46 42 50 46 42 43 0 44 45 44 39 43 42 45 48 42 41 40 42 42 45 43 44 45 40 45 48 46 43 42 46 43 48 41 41 47 48 47 40 42 43 41 
41 44 40 42 43 44 46 46 47 47 46 48 49 45 47 49 47 42 44 45 48 47 47 44 40 42 46 45 46 42 45 44 49 48 41 46 47 45 46 49 46 44 0 42 38 44 49 46 45 44 42 45 43 46 52 49 47 40 47 51 51 47 42 41 40 44 49 51 45 43 49 47 50 50 41 43 48 
42 44 40 42 43 48 45 42 47 47 46 48 49 45 47 49 46 42 44 49 52 51 43 40 40 43 47 45 46 41 45 43 49 45 41 46 47 49 46 49 46 45 42 0 42 44 48 46 44 44 42 45 43 46 48 52 48 40 47 47 51 47 42 41 41 39 53 51 45 43 48 47 46 47 40 46 44 
43 43 39 42 42 44 45 46 46 46 45 51 49 44 46 48 46 41 47 44 51 47 47 40 40 42 46 44 45 41 44 43 48 44 44 45 47 45 46 48 46 44 38 42 0 43 44 49 48 44 45 48 42 45 47 48 47 40 47 46 54 47 42 44 40 40 49 50 44 42 48 47 46 46 40 42 43 
44 41 42 42 38 46 46 45 43 44 40 42 45 40 46 45 46 40 40 40 45 48 45 44 42 40 41 41 44 44 45 43 43 39 41 43 48 51 47 43 40 39 44 44 43 0 48 47 46 45 40 43 40 44 48 46 42 43 46 42 47 49 46 43 41 46 44 46 42 42 47 49 48 41 46 44 42 
45 40 43 40 47 39 44 41 41 40 44 48 44 42 40 43 40 43 42 46 42 42 41 43 45 46 46 41 39 41 38 39 47 44 42 40 45 41 41 44 44 43 49 48 44 48 0 40 44 39 45 46 42 39 43 41 48 46 40 43 45 43 43 42 43 49 45 45 40 40 42 43 42 44 46 40 40 
46 44 44 45 43 39 42 41 39 42 47 42 42 45 40 41 42 43 41 46 40 43 43 45 45 46 49 40 39 43 44 41 45 43 43 38 43 44 43 42 43 42 46 46 49 47 40 0 43 42 45 45 42 39 40 41 47 46 41 42 47 49 45 47 48 47 47 43 39 40 45 44 44 42 43 42 40 
47 42 43 41 45 41 39 42 44 43 47 47 51 45 46 49 40 44 44 48 44 44 39 42 45 47 48 44 41 40 40 40 49 46 46 42 44 39 40 47 47 45 45 44 48 46 44 43 0 39 46 47 43 46 49 43 50 50 41 46 51 41 41 41 44 44 48 48 43 42 40 41 40 50 42 40 42 
48 41 42 40 44 40 39 41 43 42 46 46 46 44 41 45 44 43 43 47 43 41 39 42 44 46 47 42 40 40 43 39 52 45 46 41 43 40 40 46 45 48 44 44 44 45 39 42 39 0 45 46 42 41 44 46 49 45 41 45 46 46 41 41 43 44 47 47 42 40 41 46 41 49 42 39 41 
49 43 41 42 44 44 46 42 45 46 42 45 47 42 51 47 47 39 42 45 47 52 45 43 40 39 42 47 46 47 45 44 45 41 41 45 49 47 47 46 43 42 42 42 45 40 45 45 46 45 0 41 41 45 46 48 44 44 47 44 49 49 45 42 40 44 47 52 44 42 47 49 48 43 41 44 43 
50 43 44 44 40 48 51 43 44 45 40 42 49 45 47 46 48 41 42 39 46 50 47 49 43 40 39 43 46 46 46 45 42 39 43 45 45 49 52 44 40 41 45 45 48 43 46 45 47 46 41 0 42 49 45 51 44 44 52 42 48 51 47 45 42 47 44 49 44 44 49 50 50 41 44 46 43 
51 40 41 40 40 41 44 39 42 42 41 43 44 40 44 44 44 39 39 42 44 46 43 42 42 42 43 40 42 42 42 41 48 40 40 42 47 45 45 44 42 40 43 43 42 40 42 42 43 42 41 42 0 42 43 45 44 42 48 42 46 50 44 41 40 44 44 49 44 40 45 46 46 42 40 45 40 
52 40 44 45 44 43 41 42 40 39 44 43 43 42 39 41 41 44 42 46 40 46 46 48 46 46 46 40 42 43 40 41 46 44 47 38 40 43 42 43 44 42 46 46 45 44 39 39 46 41 45 49 42 0 41 40 47 47 40 42 43 44 48 43 44 51 44 44 39 41 44 44 44 47 43 42 40 
53 42 46 44 44 42 44 43 39 44 43 41 39 41 42 39 44 45 42 46 40 46 46 47 47 47 45 41 42 46 43 44 43 44 45 41 39 46 45 40 42 42 52 48 47 48 43 40 49 44 46 45 43 41 0 41 46 48 43 44 41 51 47 46 46 49 40 40 41 47 47 47 47 41 46 45 42 
54 43 46 44 46 42 42 44 41 40 46 44 46 44 39 41 41 50 44 48 39 43 44 50 48 49 48 42 40 49 42 43 51 46 49 41 40 44 42 44 49 45 49 52 48 46 41 41 43 46 48 51 45 40 41 0 53 53 40 44 46 44 46 45 46 49 44 44 42 43 45 44 48 48 46 44 43 
55 45 50 47 43 47 50 45 46 47 41 43 46 43 49 47 54 44 44 40 48 52 53 48 49 43 39 45 48 48 49 48 42 41 46 47 47 55 51 44 46 43 47 48 47 42 48 47 50 49 44 44 44 47 46 53 0 50 50 43 49 53 50 51 45 49 45 46 49 46 52 53 52 42 50 48 46 
56 44 41 43 42 49 47 43 51 47 45 47 49 45 48 49 48 45 44 47 49 49 45 42 42 45 45 45 50 43 50 44 48 47 41 46 48 51 47 48 45 44 40 40 40 43 46 46 50 45 44 44 42 47 48 53 50 0 48 46 51 49 48 42 40 42 53 54 45 47 46 49 48 46 42 44 48 
57 43 46 43 46 42 40 44 43 41 47 46 45 45 39 43 38 46 44 49 45 40 46 49 47 49 52 43 40 43 44 42 48 51 45 41 42 41 40 45 46 45 47 47 47 46 40 41 41 41 47 52 48 40 43 40 50 48 0 45 44 46 44 44 46 47 50 46 46 43 43 41 42 46 45 46 42 
58 45 45 44 42 42 45 42 40 42 40 43 40 43 44 42 49 43 41 43 42 47 46 47 46 44 42 40 43 46 44 44 41 41 44 42 41 47 47 39 40 40 51 47 46 42 43 42 46 45 44 42 42 42 44 44 43 46 45 0 47 49 47 45 44 49 40 41 45 43 48 48 52 39 45 45 42 
59 45 49 47 47 45 50 46 46 46 46 43 44 44 43 40 49 48 45 53 41 51 52 50 50 53 47 44 44 48 49 46 45 47 48 43 41 52 47 42 45 45 51 51 54 47 45 47 51 46 49 48 46 43 41 46 49 51 44 47 0 49 50 48 49 52 41 40 48 46 53 48 49 44 48 47 45 
60 46 46 44 48 44 41 46 46 45 50 50 49 48 43 47 41 47 47 51 46 40 42 45 48 50 55 46 47 47 42 43 52 49 50 45 50 40 40 49 49 48 47 47 47 49 43 49 41 46 49 51 50 44 51 44 53 49 46 49 49 0 43 44 47 47 50 50 45 45 40 38 39 49 45 43 45 
61 44 42 41 45 43 46 47 46 46 51 49 53 46 45 48 43 44 45 48 47 43 40 40 44 46 49 45 44 40 42 42 50 47 42 48 46 45 42 49 47 46 42 42 42 46 43 45 41 41 45 47 44 48 47 46 50 48 44 47 50 43 0 40 43 42 53 54 44 43 40 43 42 47 41 40 43 
62 42 39 43 42 42 42 40 48 44 45 50 47 43 44 46 44 41 42 45 45 44 44 39 45 44 46 43 43 39 42 40 48 44 39 43 49 42 43 47 45 43 41 41 44 43 42 47 41 41 42 45 41 43 46 45 51 42 44 45 48 44 40 0 44 42 47 48 42 40 42 44 44 45 42 43 41 
63 42 43 41 40 46 48 44 44 45 43 45 47 42 45 47 45 39 41 43 46 50 43 41 39 41 44 46 44 41 44 42 46 42 39 43 45 45 45 50 43 42 40 41 40 41 43 48 44 43 40 42 40 44 46 46 45 40 46 44 49 47 43 44 0 46 47 48 46 45 45 47 46 44 39 42 42 
64 46 45 43 45 45 49 44 48 48 48 49 55 51 48 50 47 43 45 51 49 47 43 40 42 45 48 46 50 42 45 44 51 46 42 47 49 45 46 50 48 46 44 39 40 46 49 47 44 44 44 47 44 51 49 49 49 42 47 49 52 47 42 42 46 0 51 52 46 44 44 47 46 48 42 43 45 
65 43 51 46 45 44 51 45 41 42 42 40 39 42 48 41 46 46 43 46 46 48 48 49 52 47 44 42 48 48 49 46 41 44 46 43 41 49 48 39 42 43 49 53 49 44 45 47 48 47 47 44 44 44 40 44 45 53 50 40 41 50 53 47 47 51 0 39 43 45 50 49 49 41 47 47 44 
66 48 49 47 46 45 47 46 42 43 44 45 39 43 44 40 46 47 48 47 42 52 49 50 49 48 45 43 48 52 46 46 42 49 47 44 46 49 48 44 43 48 51 51 50 46 45 43 48 47 52 49 49 44 40 44 46 54 46 41 40 50 54 48 48 52 39 0 44 49 50 49 54 42 48 47 45 
67 39 43 41 46 39 42 40 39 40 42 42 42 40 41 42 46 42 40 48 41 44 43 44 44 45 44 39 40 43 41 41 44 42 46 39 40 44 43 46 42 41 45 45 44 42 40 39 43 42 44 44 44 39 41 42 49 45 46 45 48 45 44 42 46 46 43 44 0 40 45 45 45 45 42 42 39 
68 39 41 39 41 43 45 39 41 41 43 48 44 41 46 44 42 41 44 44 43 44 41 42 43 44 44 40 45 41 40 39 46 46 40 40 46 47 43 44 43 41 43 43 42 42 40 40 42 40 42 44 40 41 47 43 46 47 43 43 46 45 43 40 45 44 45 49 40 0 47 44 44 43 40 40 38 
69 44 44 46 51 47 44 44 46 49 49 49 49 47 48 47 42 49 46 50 46 41 40 42 46 48 50 45 47 45 42 42 55 48 44 44 46 39 44 53 48 47 49 48 48 47 42 45 40 41 47 49 45 44 47 45 52 46 43 48 53 40 40 42 45 44 50 50 45 47 0 41 39 48 43 41 44 
70 49 46 44 48 44 41 45 46 45 53 49 48 47 43 47 41 47 46 55 45 39 42 45 48 50 51 46 47 44 42 43 51 49 46 44 46 40 39 53 53 48 47 47 47 49 43 44 41 46 49 50 46 44 47 44 53 49 41 48 48 38 43 44 47 47 49 49 45 44 41 0 43 49 49 43 45 
71 45 49 43 48 44 40 45 50 45 53 49 49 47 43 47 45 50 46 51 46 40 41 44 47 49 55 46 43 42 42 42 55 49 45 44 46 39 40 49 49 47 50 46 46 48 42 44 40 41 48 50 46 44 47 48 52 48 42 52 49 39 42 44 46 46 49 54 45 44 39 43 0 52 48 42 44 
72 41 45 44 41 46 49 42 41 42 39 39 41 43 44 46 46 43 41 42 43 48 46 46 45 44 41 40 47 46 45 44 41 40 44 42 42 47 47 40 39 40 50 47 46 41 44 42 50 49 43 41 42 47 41 48 42 46 46 39 44 49 47 45 44 48 41 42 45 43 48 49 52 0 44 49 42 
73 41 39 39 42 42 43 40 44 44 44 46 47 43 44 50 44 40 41 48 45 45 41 40 41 43 49 46 43 40 42 41 47 43 39 43 45 43 44 46 44 42 41 40 40 46 46 43 42 42 41 44 40 43 46 46 50 42 45 45 48 45 41 42 39 42 47 48 42 40 43 49 48 44 0 40 41 
74 41 41 39 43 40 40 40 43 43 45 46 46 43 46 46 42 42 42 46 44 46 39 40 43 49 47 42 41 43 40 39 48 44 44 42 44 45 41 50 45 43 43 46 42 44 40 42 40 39 44 46 45 42 45 44 48 44 46 45 47 43 40 43 42 43 47 47 42 40 41 43 42 49 40 0 45 
75 38 42 40 45 39 42 39 44 41 46 43 43 40 46 43 46 41 43 44 46 48 42 43 43 44 44 39 40 45 41 40 45 42 41 40 45 43 43 43 42 41 48 44 43 42 40 40 42 41 43 43 40 40 42 43 46 48 42 42 45 45 43 41 42 45 44 45 39 38 44 45 44 42 41 45 0 

;param d[*,*]
: 0 1 2 3 4 5 6 7 8 9 10 11 12 13 14 15 16 17 18 19 20 21 22 23 24 25 26 27 28 29 30 31 32 33 34 35 36 37 38 39 40 41 42 43 44 45 46 47 48 49 50 51 52 53 54 55 56 57 58 59 60 61 62 63 64 65 66 67 68 69 70 71 72 73 74 75:=
0 0.0 0 0 0 0.12 0.98 0 0 0.92 0 1.02 0 0.2 1.36 0 3.42 0 0.49 0 0 0 2.54 0.5 0 0 1.29 0 0.63 2.26 0.3 0.23 0.62 0.37 1.05 0.17 1.11 2.03 1.97 1.02 0 0.55 0.6 2.22 0 0 0.23 0 0 1.23 0 0 0 0 1.36 1.06 0 0 2.63 0 0 0 3.2 1.36 1.36 1.68 0 0 0.08 0 0 0 2.4 1.23 0 0 0 
1 0 0.0 0.23 2.91 0 1.29 0.27 0 5.07 1.45 1.84 0 1.21 0 0 1.56 0 0 0.6 5.95 0 0 0 1.13 1.54 5.32 1.85 1.37 0.23 0 0 0.9 1.21 1.01 4.18 0.72 2.09 2.34 1.96 0.63 1.79 0.68 0.39 0.76 3.29 0.48 3.29 1.72 1.02 2.28 2.09 0.7 4.43 0.8 1.88 0 0.27 1.68 2.59 2.46 2.77 0.35 0.49 0 0 0 1.02 1.85 0 0 0 0 3.76 0.47 1.69 0.9 
2 0 0.23 0.0 0 1.13 0.32 0 2.54 0.43 3.2 0 1.68 2.35 0 1.56 2.45 1.69 0.7 0 1.33 3.01 0.25 1.51 0.98 3.11 0 0 1.88 0.62 1.51 0 0.83 0 0.94 0.74 2.82 0.4 0.43 3.86 0 0 0.42 1.48 0 1.6 1.77 0 1.05 0.51 1.02 0 0 0 0.6 2.09 0.85 2.82 3.67 1.33 4.71 1.37 1.23 0 0.63 1.79 4.33 4.71 1.69 0.12 0 2.09 2.92 2.09 0.15 0 0.18 
3 0 2.91 0 0.0 0 0 0 0 4.31 0.86 3.55 2.4 0.59 0.7 0 4.33 0.55 0.74 2.03 2.53 2.11 0 0 0.32 0.55 0 1.23 4.43 3.01 4.56 0 1.97 0.75 1.51 2.73 2.09 6.08 1.92 1.29 0.28 0 1.13 2.92 3.29 0.38 0 1.17 3.86 0.6 0 1.52 0.17 4.18 1.41 5.83 2.54 2.35 1.84 1.48 3.2 3.63 3.86 2.45 0.25 0.67 1.49 0.75 0 0.33 0 5.46 2.15 0.78 0.35 1.91 0 
4 0.12 0 1.13 0 0.0 0.7 0 0.92 0 1.17 0 0 1.11 0 1.06 0.78 0.94 0.25 2.53 0 1.79 0.86 1.79 0 0 0 0.68 0.62 1.98 1.39 0 2.65 0 0 0.43 0 0 0 1.91 1.79 0.82 2.28 0 0.55 0 0.12 0 0.33 0.86 0.55 0 0.99 0 0.4 0 0 0 1.29 0.98 2.34 2.22 0 0.82 0 2.59 2.16 0 0 0 0 2.09 0 0 0 0 0.2 
5 0.98 1.29 0.32 0 0.7 0.0 3.29 1.85 2.35 4.52 6.08 0.75 4.56 0.63 1.45 0.13 4.69 0 0.97 0.47 1.52 1.65 3.67 2.71 3.26 0.97 1.79 0.23 1.88 0.56 1.65 2.35 4.33 3.8 1.23 0.5 0.94 0 0 0.78 4.94 4.05 5.07 2.4 1.72 0 0.37 0.12 0.89 1.8 0 1.25 0.7 1.45 3.04 4.13 6.21 1.52 3.95 0 1.11 0 2.35 0 0 0 6.59 0.94 0 0 0.63 0.25 0 1.09 0.25 2.79 
6 0 0.27 0 0 0 3.29 0.0 0 0.4 0.98 1.97 0 0.66 0 2.28 0 0 0.17 0.53 0.53 0 0.38 0 1.36 0 0 0 0 0.3 2.53 1.13 0 0 0.49 0.3 0 0 2.03 0 0.43 0.27 0 1.6 0 0 1.05 0 1.54 1.79 1.29 1.72 0.37 0 0.52 0 0 1.72 1.97 0 0 0 0 0.23 0 1.33 2.4 2.71 0 0.2 0 0 2.34 0 0 0 0.12 
7 0 0 2.54 0 0.92 1.85 0 0.0 0.66 2.35 1.11 0.92 0 0.32 0 3.55 0 0.3 0 0 2.4 2.28 5.57 5.57 0.72 0 0 0.99 2.28 0.94 2.35 0 2.63 2.92 0 0.31 2.46 2.22 0.63 0 1.23 1.96 0.83 0.77 3.67 0.78 0 2.16 1.79 3.67 2.16 1.42 0.74 0.49 1.79 1.72 0 3.42 0 0 2.96 0 0 0.6 7.22 1.88 2.16 0 0.33 2.83 0.73 0 1.69 2.09 2.92 0 
8 0.92 5.07 0.43 4.31 0 2.35 0.4 0.66 0.0 1.25 0 0 0.33 0.2 0.51 0 0 0 1.84 0.43 0 0 2.65 5.95 0.8 2.59 0.55 0 0 0 2.07 0 4.18 2.03 0.43 0.31 0 0 0 2.73 0.42 1.99 3.08 2.83 1.33 1.41 0 1.85 2.35 0.72 2.53 1.6 0.66 0 0.47 0.85 6.59 1.23 0 0 2.53 0 2.16 3.58 3.45 1.54 0.45 0.17 0.78 0 2.34 0 0.42 2.16 0 0.28 
9 0 1.45 3.2 0.86 1.17 4.52 0.98 2.35 1.25 0.0 0 0.48 0 0 3.39 3.08 2.16 0.99 0.66 3.48 0 0.82 5.83 1.33 0 0 1.17 0 0.72 5.32 0.62 1.05 0.89 2.82 1.17 0 0 3.39 2.07 0.25 0.55 4.14 0.77 1.6 1.52 4.69 0 0 1.68 3.17 0.68 0.33 0 1.79 0 0 1.52 1.96 0 4.14 0 0 1.52 2.73 2.15 2.45 1.29 1.54 1.09 1.0 0 0 0.55 3.29 2.53 0 
10 1.02 1.84 0 3.55 0 6.08 1.97 1.11 0 0 0.0 0 0.92 0 0.38 2.9 1.37 0 1.97 2.63 0.97 2.07 6.84 5.95 5.07 0.38 0 0.58 4.71 3.86 2.46 0 2.79 3.67 0.45 0.35 0 2.11 0.66 0.68 0 3.45 3.51 0 1.6 0 0 0 0 0.65 1.6 1.79 1.91 1.6 2.22 0 6.72 5.83 0 0.5 1.1 3.7 0 5.19 1.09 0.94 0 0 0 3.82 3.88 3.88 0.27 5.45 1.8 1.13 
11 0 0 1.68 2.4 0 0.75 0 0.92 0 0.48 0 0.0 0 0.5 0.17 0 5.57 0 5.83 1.11 4.89 0 5.55 2.23 0 0.63 0 0.52 3.2 0.65 3.76 1.02 3.29 4.33 2.35 1.41 0 0.83 0.13 1.54 0.48 1.07 1.07 2.35 3.58 4.43 0.38 0 0 4.71 0 2.22 1.06 0 0 2.77 3.88 4.94 0.25 0 3.76 0 0.85 0.82 0 0.43 0.27 0 2.22 5.74 5.46 3.7 0.33 4.61 0.78 0.52 
12 0.2 1.21 2.35 0.59 1.11 4.56 0.66 0 0.33 0 0.92 0 0.0 0 1.06 3.58 0.78 0.12 1.6 0.45 0 2.4 0 0 1.79 1.36 0.12 1.6 0 3.8 0 0 0 0.38 0.7 0.33 0 0 0.32 0 0 1.6 1.64 2.28 0 1.54 0 2.4 0 0 0 0.22 0 1.23 2.03 1.91 0 3.58 0 1.45 0.92 0.75 0 0.98 0 0 0.5 0.22 0 3.02 0 3.14 0 1.09 1.21 0.55 
13 1.36 0 0 0.7 0 0.63 0 0.32 0.2 0 0 0.5 0 0.0 2.07 1.39 5.19 0 3.51 0.8 0.35 1.09 2.59 0 0 2.07 1.42 0.66 2.03 0 0 4.8 0.72 1.41 0.22 0.27 0.43 0.78 1.33 0 2.16 3.26 1.99 4.52 4.05 1.22 0 0 1.17 0 3.14 0 0 0 0.66 5.83 7.1 0.13 0 2.82 0 3.58 2.16 5.32 0.92 0 3.48 1.11 0 0 1.66 0 2.22 2.22 0 0 
14 0 0 1.56 0 1.06 1.45 2.28 0 0.51 3.39 0.38 0.17 1.06 2.07 0.0 4.18 4.33 0 6.72 0 0.72 4.42 5.27 0.97 5.27 0 0 0 3.02 0 0 3.39 3.76 4.23 1.88 0.55 4.42 0 0 0.53 0 1.07 3.88 3.63 3.86 3.67 1.69 0 0.63 0.89 2.9 0 0.78 0.27 1.51 0.89 1.07 2.82 2.07 0 3.26 5.36 0.8 0.82 4.31 0.28 1.41 0 0 3.33 1.92 0 0 0 1.68 1.79 
15 3.42 1.56 2.45 4.33 0.78 0.13 0 3.55 0 3.08 2.9 0 3.58 1.39 4.18 0.0 1.64 1.37 3.76 0 1.27 0.35 1.45 3.14 3.57 0 3.8 0 1.09 0.17 2.41 1.0 6.21 2.22 2.53 3.29 0 0.35 0 4.52 1.6 6.33 4.52 5.83 4.42 1.65 1.98 1.9 0 4.8 7.1 2.22 0.99 1.29 0.28 0 0.94 0.51 0 0 1.88 3.93 3.01 1.64 0.83 4.42 1.88 0 0.42 0.38 2.03 0 1.76 3.29 0.37 0 
16 0 0 1.69 0.55 0.94 4.69 0 0 0 2.16 1.37 5.57 0.78 5.19 4.33 1.64 0.0 0.86 2.16 5.32 0 3.01 0.9 0.2 0 2.63 0 4.31 0 0 2.26 3.86 1.6 0.75 3.67 3.39 2.59 2.71 3.67 0.42 0 0.35 0.86 2.15 0.2 2.73 1.85 1.37 2.82 0.55 2.53 0.31 4.18 3.67 0 2.16 0 4.14 2.82 0.94 3.26 0.55 0.3 0.37 1.91 2.71 6.33 1.48 0 0 3.26 0 3.42 1.22 0.94 0.32 
17 0.49 0 0.7 0.74 0.25 0 0.17 0.3 0 0.99 0 0 0.12 0 0 1.37 0.86 0.0 1.6 0 0 0 1.21 0 1.6 1.54 0 0 1.09 1.02 0 0.53 0 0 0 1.36 0 0 1.6 0 0 0 2.09 0 0 0.37 0.7 0.55 0 0.82 1.29 0 0.35 0.98 1.33 0.57 2.03 0.6 0.28 0 0.83 0.63 0.94 1.17 1.64 0.52 0 0 0 0 0 2.83 0.27 0 0 0 
18 0 0.6 0 2.03 2.53 0.97 0.53 0 1.84 0.66 1.97 5.83 1.6 3.51 6.72 3.76 2.16 1.6 0.0 4.99 8.87 0 0 3.55 1.22 0 0 0 2.9 4.89 4.23 3.67 0 1.91 2.71 1.8 6.02 1.09 1.52 0.35 0.82 4.94 0 0.62 1.77 6.08 0.73 5.36 0.87 0 0.37 1.02 1.88 2.83 7.48 0.55 0 7.98 1.91 0 9.5 2.19 1.6 3.55 0 5.45 1.96 0 0 8.36 0 2.78 0.43 0 4.42 2.22 
19 0 5.95 1.33 2.53 0 0.47 0.53 0 0.43 3.48 2.63 1.11 0.45 0.8 0 0 5.32 0 4.99 0.0 0 2.4 0.83 0 6.97 1.84 0.35 1.41 0 1.48 0 0 0.67 2.46 0 0 0 0 1.42 0.57 1.25 0.97 0 0 5.19 0.82 0.2 1.37 1.85 0.83 0.78 0 0 0.68 0.31 2.19 7.6 0 2.35 0.28 0.73 1.92 0 4.23 1.05 0 2.26 1.11 0 0.75 0 1.68 1.13 1.64 1.37 0 
20 0 0 3.01 2.11 1.79 1.52 0 2.4 0 0 0.97 4.89 0 0.35 0.72 1.27 0 0 8.87 0 0.0 1.36 0 3.45 2.54 4.31 2.46 1.36 1.91 1.11 0 1.19 7.35 0.7 1.17 0 0 0.23 3.39 0 1.96 0.9 0 3.08 2.19 0.37 0.52 0 0.32 0 2.58 0 0 4.14 0 1.32 0 1.22 0 0 0.39 2.92 2.22 0 0.85 2.27 0 0.58 0 0 0.37 0.68 0.92 2.46 0 0 
21 2.54 0 0.25 0 0.86 1.65 0.38 2.28 0 0.82 2.07 0 2.4 1.09 4.42 0.35 3.01 0 0 2.4 1.36 0.0 0.3 0.6 0 2.23 2.03 1.42 0 0 0 0 0 2.26 2.54 3.58 0.17 0 4.99 4.61 0 0 0 0 0.68 0.7 1.79 0.23 0.31 0.67 1.99 2.82 0 1.76 0 0 3.67 0 2.9 0 0 0 0 2.73 0 0.95 3.7 0.48 1.23 0 1.36 1.6 0.78 0 0.49 1.48 
22 0.5 0 1.51 0 1.79 3.67 0 5.57 2.65 5.83 6.84 5.55 0 2.59 5.27 1.45 0.9 1.21 0 0.83 0 0.3 0.0 2.66 0.58 0 0 4.43 0 1.79 1.98 3.88 3.76 0.63 3.39 1.84 0 1.33 0 1.84 1.45 0 0.68 0.68 1.37 1.79 1.49 0.94 2.16 0.47 0 1.02 0 2.03 0 2.31 2.91 0 1.92 4.13 2.4 1.13 0 2.28 1.22 5.74 1.1 0 0 0 0 1.29 2.9 0.18 0 1.66 
23 0 1.13 0.98 0.32 0 2.71 1.36 5.57 5.95 1.33 5.95 2.23 0 0 0.97 3.14 0.2 0 3.55 0 3.45 0.6 2.66 0.0 0 2.22 0 5.57 0.43 5.19 3.01 6.59 1.66 0.25 3.76 6.21 0 0 2.03 0 0 1.04 1.32 0.62 2.07 4.94 5.32 2.53 2.28 1.27 2.63 1.29 4.14 4.89 2.23 0 0 0.9 5.45 2.7 0.97 0.55 0 1.14 2.91 0 3.88 0 1.66 2.77 2.27 3.26 2.46 0.27 0.5 0.5 
24 0 1.54 3.11 0.55 0 3.26 0 0.72 0.8 0 5.07 0 1.79 0 5.27 3.57 0 1.6 1.22 6.97 2.54 0 0.58 0 0.0 0.38 0.57 6.08 3.58 1.88 0 1.56 0.7 0.9 0 6.08 3.51 3.63 5.83 1.72 0.94 1.02 2.82 2.35 0.23 2.71 5.57 4.8 0 0.89 1.9 0.37 5.95 1.96 1.0 1.06 0 3.7 1.45 0 2.7 0.78 1.25 2.28 4.81 1.96 2.23 0.63 0 2.27 2.66 6.02 4.05 1.06 0 0.55 
25 1.29 5.32 0 0 0 0.97 0 0 2.59 0 0.38 0.63 1.36 2.07 0 0 2.63 1.54 0 1.84 4.31 2.23 0 2.22 0.38 0.0 0 0 0 6.46 0 0.3 0.47 2.22 3.76 1.56 0 4.0 0.5 0 1.17 2.9 0.83 0.75 0.63 1.84 0 0 4.99 3.29 0.13 1.06 4.23 1.49 2.15 0.35 3.76 0 0.9 0.89 0 1.02 4.23 4.31 7.48 1.29 3.76 0 1.45 2.66 1.24 0 0.7 0 3.02 2.16 
26 0 1.85 0 1.23 0.68 1.79 0 0 0.55 1.17 0 0 0.12 1.42 0 3.8 0 0 0 0.35 2.46 2.03 0 0 0.57 0 0.0 0 2.82 2.07 1.88 0 0 0.37 0 0.55 0 1.41 0.78 0.66 0.68 0 0.68 2.22 1.23 2.28 0.17 1.97 0.98 0 1.66 0 0.25 0.66 1.6 0 2.46 3.8 0.86 0 0.78 0.67 1.09 0 1.88 0.98 0.5 0.2 0.8 2.59 0.75 2.71 0 0 0.43 0.55 
27 0.63 1.37 1.88 4.43 0.62 0.23 0 0.99 0 0 0.58 0.52 1.6 0.66 0 0 4.31 0 0 1.41 1.36 1.42 4.43 5.57 6.08 0 0 0.0 2.45 1.01 0.23 4.52 1.49 1.13 0.66 0.63 1.48 1.17 0 2.22 0 0.77 0.73 1.6 2.22 0.76 0.31 1.17 0.86 2.65 1.76 0 0 2.16 0.8 2.23 0 0.2 1.17 0.55 0 0.55 1.72 4.43 0 0 0 0.74 0 0 0 0 0 1.13 0.78 0.25 
28 2.26 0.23 0.62 3.01 1.98 1.88 0.3 2.28 0 0.72 4.71 3.2 0 2.03 3.02 1.09 0 1.09 2.9 0 1.91 0 0 0.43 3.58 0 2.82 2.45 0.0 1.79 0.47 5.65 0 0.25 0 2.4 0 0 0.85 0.73 0 0 0 0.32 3.2 1.88 2.82 0.59 0.8 0 2.71 2.16 2.73 0.75 0 0 2.82 3.93 0.73 0 0 0.94 0.1 0.33 0 2.19 0 2.54 1.6 0 1.25 0 1.72 0.68 0 0 
29 0.3 0 1.51 4.56 1.39 0.56 2.53 0.94 0 5.32 3.86 0.65 3.8 0 0 0.17 0 1.02 4.89 1.48 1.11 0 1.79 5.19 1.88 6.46 2.07 1.01 1.79 0.0 0.85 0 2.46 0.43 1.32 3.04 0.27 0.22 0 0.67 1.97 3.86 1.49 3.39 0.63 0.51 0 1.04 0 3.86 4.42 2.45 1.52 1.21 1.98 7.6 0 0 1.41 0 2.35 0.42 2.07 1.97 2.59 0 2.83 0.28 1.41 2.07 0.86 2.07 3.58 1.54 0.51 2.03 
30 0.23 0 0 0 0 1.65 1.13 2.35 2.07 0.62 2.46 3.76 0 0 0 2.41 2.26 0 4.23 0 0 0 1.98 3.01 0 0 1.88 0.23 0.47 0.85 0.0 0 2.09 0 0.92 1.6 1.17 0.78 1.56 2.22 0 0 1.17 0 1.91 0.31 0 0.51 0.43 0.55 1.6 0 0.63 1.29 1.09 0.92 2.28 2.07 2.09 4.33 0.5 0 0.55 2.16 3.29 1.72 4.52 0.63 0.75 0.9 0 2.45 3.2 0.63 0.37 1.04 
31 0.62 0.9 0.83 1.97 2.65 2.35 0 0 0 1.05 0 1.02 0 4.8 3.39 1.0 3.86 0.53 3.67 0 1.19 0 3.88 6.59 1.56 0.3 0 4.52 5.65 0 0 0.0 1.48 4.42 0 2.16 0 0 1.11 0 1.6 3.76 2.5 5.46 1.13 1.92 0 2.46 0 0.7 1.54 0 2.71 2.82 0 1.29 5.27 3.63 0 1.56 0 6.59 0 5.95 6.78 0.74 2.45 0.6 2.65 0 1.27 0 0.99 3.2 0 2.46 
32 0.37 1.21 0 0.75 0 4.33 0 2.63 4.18 0.89 2.79 3.29 0 0.72 3.76 6.21 1.6 0 0 0.67 7.35 0 3.76 1.66 0.7 0.47 0 1.49 0 2.46 2.09 1.48 0.0 0 1.85 0 0.89 2.07 0 1.27 0.31 0 1.52 4.31 0.31 1.41 3.93 5.95 3.86 0.3 0.12 0 2.16 2.03 4.33 1.23 0 0 1.17 1.92 8.11 1.92 3.11 2.91 4.52 1.97 0 1.54 0 5.27 2.42 3.7 0.86 1.13 0.62 0.4 
33 1.05 1.01 0.94 1.51 0 3.8 0.49 2.92 2.03 2.82 3.67 4.33 0.38 1.41 4.23 2.22 0.75 0 1.91 2.46 0.7 2.26 0.63 0.25 0.9 2.22 0.37 1.13 0.25 0.43 0 4.42 0 0.0 0.43 0 2.03 2.22 0 1.91 1.29 2.28 2.28 0 0.32 2.26 0.47 0 0 0.27 3.67 0 0 2.46 0 0.73 2.53 3.67 1.33 5.27 0 0 0.35 0.37 3.29 1.84 0.89 0 0.47 0 0.75 2.46 1.97 0.63 0 0 
34 0.17 4.18 0.74 2.73 0.43 1.23 0.3 0 0.43 1.17 0.45 2.35 0.7 0.22 1.88 2.53 3.67 0 2.71 0 1.17 2.54 3.39 3.76 0 3.76 0 0.66 0 1.32 0.92 0 1.85 0.43 0.0 0.18 0 0 1.6 1.72 0 2.71 4.05 3.67 1.85 0.62 0.12 1.54 1.17 4.81 4.81 0.82 0 1.6 0 1.96 1.8 0.74 0.37 0 2.34 0 2.63 2.92 6.21 1.85 3.01 0.31 0.8 0 1.37 2.22 1.54 1.72 2.07 0.39 
35 1.11 0.72 2.82 2.09 0 0.5 0 0.31 0.31 0 0.35 1.41 0.33 0.27 0.55 3.29 3.39 1.36 1.8 0 0 3.58 1.84 6.21 6.08 1.56 0.55 0.63 2.4 3.04 1.6 2.16 0 0 0.18 0.0 1.56 0.58 0 2.45 0.98 5.08 2.07 6.21 0 0 0 0 1.13 0 2.46 0 0.2 0.27 1.41 3.02 0.92 1.54 0 1.23 0 0.78 0 1.56 1.0 0 0 0 0 0 0 0 0.86 1.49 3.11 0 
36 2.03 2.09 0.4 6.08 0 0.94 0 2.46 0 0 0 0 0 0.43 4.42 0 2.59 0 6.02 0 0 0.17 0 0 3.51 0 0 1.48 0 0.27 1.17 0 0.89 2.03 0 1.56 0.0 0 5.27 2.15 0 0 0 1.52 0 2.53 0 0.37 1.13 6.33 2.35 1.49 0 1.84 1.29 0 0 1.88 3.14 0 0.68 0 1.6 2.4 0 0 2.42 0 0 0.43 0.2 0.12 0.89 1.85 0 1.17 
37 1.97 2.34 0.43 1.92 0 0 2.03 2.22 0 3.39 2.11 0.83 0 0.78 0 0.35 2.71 0 1.09 0 0.23 0 1.33 0 3.63 4.0 1.41 1.17 0 0.22 0.78 0 2.07 2.22 0 0.58 0 0.0 4.89 0 0.77 0 0 0 4.8 1.69 1.09 0 1.22 6.72 0 0 0.9 0 1.6 0 2.11 0.8 0 1.96 0.68 0.98 2.82 2.59 0 5.18 2.23 0 1.72 0 0 0.62 0.85 2.09 1.88 0 
38 1.02 1.96 3.86 1.29 1.91 0 0 0.63 0 2.07 0.66 0.13 0.32 1.33 0 0 3.67 1.6 1.52 1.42 3.39 4.99 0 2.03 5.83 0.5 0.78 0 0.85 0 1.56 1.11 0 0 1.6 0 5.27 4.89 0.0 0.3 1.42 0 5.74 5.27 2.92 4.56 0.4 1.99 0 5.57 3.11 1.97 1.09 1.13 0.53 0 0 5.32 0 0 3.94 0 4.61 0 1.14 0 0 0 1.33 0 0 5.83 1.22 0 0 0 
39 0 0.63 0 0.28 1.79 0.78 0.43 0 2.73 0.25 0.68 1.54 0 0 0.53 4.52 0.42 0 0.35 0.57 0 4.61 1.84 0 1.72 0 0.66 2.22 0.73 0.67 2.22 0 1.27 1.91 1.72 2.45 2.15 0 0.3 0.0 0 2.83 6.08 0.72 1.41 4.56 0.45 0 3.95 0.47 1.9 0.82 3.01 0.98 0 0 1.64 6.08 0.17 2.46 2.54 0.9 2.46 1.91 3.51 0.86 2.73 0 0 2.31 0 0 0.2 1.41 2.53 0.42 
40 0.55 1.79 0 0 0.82 4.94 0.27 1.23 0.42 0.55 0 0.48 0 2.16 0 1.6 0 0 0.82 1.25 1.96 0 1.45 0 0.94 1.17 0.68 0 0 1.97 0 1.6 0.31 1.29 0 0.98 0 0.77 1.42 0 0.0 2.28 0 0.57 0 2.63 1.36 1.56 0 1.29 0.99 0.68 0 0 0 0 2.09 2.53 0.23 2.59 0.95 0 0 0 0.78 0 0 1.05 1.11 1.96 3.39 0.89 0.18 1.02 1.21 0.27 
41 0.6 0.68 0.42 1.13 2.28 4.05 0 1.96 1.99 4.14 3.45 1.07 1.6 3.26 1.07 6.33 0.35 0 4.94 0.97 0.9 0 0 1.04 1.02 2.9 0 0.77 0 3.86 0 3.76 0 2.28 2.71 5.08 0 0 0 2.83 2.28 0.0 0 0.16 1.97 0 0.77 2.34 2.22 0.82 2.4 0.45 2.83 0 5.65 3.26 0.17 2.07 0 0 3.26 0.43 0.7 1.9 0 2.54 0 0.68 0.5 0 0.9 0 0 0.99 1.09 0 
42 2.22 0.39 1.48 2.92 0 5.07 1.6 0.83 3.08 0.77 3.51 1.07 1.64 1.99 3.88 4.52 0.86 2.09 0 0 0 0 0.68 1.32 2.82 0.83 0.68 0.73 0 1.49 1.17 2.5 1.52 2.28 4.05 2.07 0 0 5.74 6.08 0 0 0.0 0 0.57 0 5.7 0.58 3.11 3.04 0.7 1.72 5.7 0 0 3.45 0.55 6.46 6.59 1.24 3.08 0.86 0.63 2.03 0.55 0 4.37 1.6 0.48 0 3.14 2.71 1.96 1.41 0 1.29 
43 0 0.76 0 3.29 0.55 2.4 0 0.77 2.83 1.6 0 2.35 2.28 4.52 3.63 5.83 2.15 0 0.62 0 3.08 0 0.68 0.62 2.35 0.75 2.22 1.6 0.32 3.39 0 5.46 4.31 0 3.67 6.21 1.52 0 5.27 0.72 0.57 0.16 0 0.0 1.13 4.43 0 0 3.01 0 0 1.42 0.7 2.11 2.15 6.46 0.68 0.82 5.95 0 3.08 0 0 0.43 0.55 0 2.62 0.62 1.6 0 0 0.75 5.7 0.74 0 1.85 
44 0 3.29 1.6 0.38 0 1.72 0 3.67 1.33 1.52 1.6 3.58 0 4.05 3.86 4.42 0.2 0 1.77 5.19 2.19 0.68 1.37 2.07 0.23 0.63 1.23 2.22 3.2 0.63 1.91 1.13 0.31 0.32 1.85 0 0 4.8 2.92 1.41 0 1.97 0.57 1.13 0.0 0 0 2.65 0.63 1.65 0 0.74 0.57 0 5.83 2.26 1.06 4.52 2.79 4.8 2.39 4.14 0.48 2.28 2.65 0.6 5.45 1.48 0 0.87 3.7 5.36 0.3 0 1.29 0.35 
45 0.23 0.48 1.77 0 0.12 0 1.05 0.78 1.41 4.69 0 4.43 1.54 1.22 3.67 1.65 2.73 0.37 6.08 0.82 0.37 0.7 1.79 4.94 2.71 1.84 2.28 0.76 1.88 0.51 0.31 1.92 1.41 2.26 0.62 0 2.53 1.69 4.56 4.56 2.63 0 0 4.43 0 0.0 1.13 0 0.35 4.81 0.72 0.86 0.13 2.54 0.33 7.1 2.71 1.41 3.93 4.94 0.48 3.42 2.07 1.85 0 0.67 1.64 0.8 1.13 1.02 3.42 1.02 2.03 0 0.86 0.47 
46 0 3.29 0 1.17 0 0.37 0 0 0 0 0 0.38 0 0 1.69 1.98 1.85 0.7 0.73 0.2 0.52 1.79 1.49 5.32 5.57 0 0.17 0.31 2.82 0 0 0 3.93 0.47 0.12 0 0 1.09 0.4 0.45 1.36 0.77 5.7 0 0 1.13 0.0 1.66 1.29 3.67 2.34 1.36 0.31 0.25 0.63 3.02 2.96 2.53 1.98 0 0 0.65 0 0 6.46 0 1.85 0.23 0 0 2.28 0 2.26 3.8 0 0 
47 0 1.72 1.05 3.86 0.33 0.12 1.54 2.16 1.85 0 0 0 2.4 0 0 1.9 1.37 0.55 5.36 1.37 0 0.23 0.94 2.53 4.8 0 1.97 1.17 0.59 1.04 0.51 2.46 5.95 0 1.54 0 0.37 0 1.99 0 1.56 2.34 0.58 0 2.65 0 1.66 0.0 0 5.57 4.99 1.91 0 0 1.91 1.14 0 2.41 2.83 0 1.05 1.51 1.23 1.29 0 0.92 5.36 1.66 1.29 0.68 0 0.8 0 0 1.04 1.48 
48 1.23 1.02 0.51 0.6 0.86 0.89 1.79 1.79 2.35 1.68 0 0 0 1.17 0.63 0 2.82 0 0.87 1.85 0.32 0.31 2.16 2.28 0 4.99 0.98 0.86 0.8 0 0.43 0 3.86 0 1.17 1.13 1.13 1.22 0 3.95 0 2.22 3.11 3.01 0.63 0.35 1.29 0 0.0 1.52 4.52 2.45 0.3 3.39 0 0 0.7 0.7 2.4 0.8 0 1.79 1.69 0.48 2.22 4.61 1.99 0 0.59 1.05 0 0.32 0 0 0.75 0.66 
49 0 2.28 1.02 0 0.55 1.8 1.29 3.67 0.72 3.17 0.65 4.71 0 0 0.89 4.8 0.55 0.82 0 0.83 0 0.67 0.47 1.27 0.89 3.29 0 2.65 0 3.86 0.55 0.7 0.3 0.27 4.81 0 6.33 6.72 5.57 0.47 1.29 0.82 3.04 0 1.65 4.81 3.67 5.57 1.52 0.0 2.28 1.05 2.59 5.95 0.92 4.05 0 5.08 4.43 3.88 2.42 3.76 0.98 1.04 4.18 3.02 0 1.29 0 6.33 7.73 5.36 3.93 1.23 3.11 0 
50 0 2.09 0 1.52 0 0 1.72 2.16 2.53 0.68 1.6 0 0 3.14 2.9 7.1 2.53 1.29 0.37 0.78 2.58 1.99 0 2.63 1.9 0.13 1.66 1.76 2.71 4.42 1.6 1.54 0.12 3.67 4.81 2.46 2.35 0 3.11 1.9 0.99 2.4 0.7 0 0 0.72 2.34 4.99 4.52 2.28 0.0 0.86 0 1.56 0 0 3.01 0 3.17 5.18 1.19 0 0.65 0.43 3.14 1.45 0 2.03 1.97 5.83 1.17 2.62 0.78 3.2 0 0.52 
51 0 0.7 0 0.17 0.99 1.25 0.37 1.42 1.6 0.33 1.79 2.22 0.22 0 0 2.22 0.31 0 1.02 0 0 2.82 1.02 1.29 0.37 1.06 0 0 2.16 2.45 0 0 0 0 0.82 0 1.49 0 1.97 0.82 0.68 0.45 1.72 1.42 0.74 0.86 1.36 1.91 2.45 1.05 0.86 0.0 0.42 0 0.63 0.6 0 0 0 1.88 0 3.11 1.17 0.74 2.22 1.45 0 0 0.39 2.46 0 0.75 0 0 0 0 
52 0 4.43 0 4.18 0 0.7 0 0.74 0.66 0 1.91 1.06 0 0 0.78 0.99 4.18 0.35 1.88 0 0 0 0 4.14 5.95 4.23 0.25 0 2.73 1.52 0.63 2.71 2.16 0 0 0.2 0 0.9 1.09 3.01 0 2.83 5.7 0.7 0.57 0.13 0.31 0 0.3 2.59 0 0.42 0.0 1.79 0.51 0.9 0.82 1.9 2.45 0 2.16 0 0 1.33 0 0 1.33 0.35 0 0.57 1.97 0 0 1.85 0 0.86 
53 1.36 0.8 0.6 1.41 0.4 1.45 0.52 0.49 0 1.79 1.6 0 1.23 0 0.27 1.29 3.67 0.98 2.83 0.68 4.14 1.76 2.03 4.89 1.96 1.49 0.66 2.16 0.75 1.21 1.29 2.82 2.03 2.46 1.6 0.27 1.84 0 1.13 0.98 0 0 0 2.11 0 2.54 0.25 0 3.39 5.95 1.56 0 1.79 0.0 0.78 0.77 0.97 3.93 0 0.63 0 2.11 4.14 4.14 6.12 0.51 0 0.7 0 3.26 0.83 2.03 1.88 0 3.67 1.54 
54 1.06 1.88 2.09 5.83 0 3.04 0 1.79 0.47 0 2.22 0 2.03 0.66 1.51 0.28 0 1.33 7.48 0.31 0 0 0 2.23 1.0 2.15 1.6 0.8 0 1.98 1.09 0 4.33 0 0 1.41 1.29 1.6 0.53 0 0 5.65 0 2.15 5.83 0.33 0.63 1.91 0 0.92 0 0.63 0.51 0.78 0.0 0 0 0.86 2.03 0 0 0 2.59 0.8 7.98 2.03 1.97 1.36 0.5 0 0 0 0 0.72 0 0 
55 0 0 0.85 2.54 0 4.13 0 1.72 0.85 0 0 2.77 1.91 5.83 0.89 0 2.16 0.57 0.55 2.19 1.32 0 2.31 0 1.06 0.35 0 2.23 0 7.6 0.92 1.29 1.23 0.73 1.96 3.02 0 0 0 0 0 3.26 3.45 6.46 2.26 7.1 3.02 1.14 0 4.05 0 0.6 0.9 0.77 0 0.0 0 8.74 1.91 0 0 2.7 0 2.53 8.24 3.76 0 0 1.8 0 1.39 3.17 0 0 2.27 2.71 
56 0 0.27 2.82 2.35 0 6.21 1.72 0 6.59 1.52 6.72 3.88 0 7.1 1.07 0.94 0 2.03 0 7.6 0 3.67 2.91 0 0 3.76 2.46 0 2.82 0 2.28 5.27 0 2.53 1.8 0.92 0 2.11 0 1.64 2.09 0.17 0.55 0.68 1.06 2.71 2.96 0 0.7 0 3.01 0 0.82 0.97 0 0 0.0 3.63 6.08 2.89 3.76 0 2.26 1.77 0.35 0 0 1.64 0 1.88 0 0 1.76 1.98 0.57 0 
57 2.63 1.68 3.67 1.84 1.29 1.52 1.97 3.42 1.23 1.96 5.83 4.94 3.58 0.13 2.82 0.51 4.14 0.6 7.98 0 1.22 0 0 0.9 3.7 0 3.8 0.2 3.93 0 2.07 3.63 0 3.67 0.74 1.54 1.88 0.8 5.32 6.08 2.53 2.07 6.46 0.82 4.52 1.41 2.53 2.41 0.7 5.08 0 0 1.9 3.93 0.86 8.74 3.63 0.0 0.68 1.45 0 4.43 0.58 4.23 0.9 0 5.7 0 2.54 3.42 1.79 0.37 2.71 0.63 0 3.29 
58 0 2.59 1.33 1.48 0.98 3.95 0 0 0 0 0 0.25 0 0 2.07 0 2.82 0.28 1.91 2.35 0 2.9 1.92 5.45 1.45 0.9 0.86 1.17 0.73 1.41 2.09 0 1.17 1.33 0.37 0 3.14 0 0 0.17 0.23 0 6.59 5.95 2.79 3.93 1.98 2.83 2.4 4.43 3.17 0 2.45 0 2.03 1.91 6.08 0.68 0.0 0 0 5.08 3.86 3.39 3.7 0.23 1.88 0 0.45 2.19 0.97 0 0.2 4.81 0 0.38 
59 0 2.46 4.71 3.2 2.34 0 0 0 0 4.14 0.5 0 1.45 2.82 0 0 0.94 0 0 0.28 0 0 4.13 2.7 0 0.89 0 0.55 0 0 4.33 1.56 1.92 5.27 0 1.23 0 1.96 0 2.46 2.59 0 1.24 0 4.8 4.94 0 0 0.8 3.88 5.18 1.88 0 0.63 0 0 2.89 1.45 0 0.0 3.7 0 5.55 5.65 7.53 0.33 1.41 0 0 0 5.27 1.0 0 2.27 4.99 0.67 
60 0 2.77 1.37 3.63 2.22 1.11 0 2.96 2.53 0 1.1 3.76 0.92 0 3.26 1.88 3.26 0.83 9.5 0.73 0.39 0 2.4 0.97 2.7 0 0.78 0 0 2.35 0.5 0 8.11 0 2.34 0 0.68 0.68 3.94 2.54 0.95 3.26 3.08 3.08 2.39 0.48 0 1.05 0 2.42 1.19 0 2.16 0 0 0 3.76 0 0 3.7 0.0 0.47 3.48 0 0 4.13 0 2.59 2.34 0 0.25 0.31 2.46 0 1.09 0 
61 3.2 0.35 1.23 3.86 0 0 0 0 0 0 3.7 0 0.75 3.58 5.36 3.93 0.55 0.63 2.19 1.92 2.92 0 1.13 0.55 0.78 1.02 0.67 0.55 0.94 0.42 0 6.59 1.92 0 0 0.78 0 0.98 0 0.9 0 0.43 0.86 0 4.14 3.42 0.65 1.51 1.79 3.76 0 3.11 0 2.11 0 2.7 0 4.43 5.08 0 0.47 0.0 0.25 2.63 1.29 0 0 3.48 0.45 0.86 2.82 0 0 1.23 0 2.92 
62 1.36 0.49 0 2.45 0.82 2.35 0.23 0 2.16 1.52 0 0.85 0 2.16 0.8 3.01 0.3 0.94 1.6 0 2.22 0 0 0 1.25 4.23 1.09 1.72 0.1 2.07 0.55 0 3.11 0.35 2.63 0 1.6 2.82 4.61 2.46 0 0.7 0.63 0 0.48 2.07 0 1.23 1.69 0.98 0.65 1.17 0 4.14 2.59 0 2.26 0.58 3.86 5.55 3.48 0.25 0.0 0 0.35 3.26 5.46 0.43 0.92 0 0.62 1.25 0 0 0 1.17 
63 1.36 0 0.63 0.25 0 0 0 0.6 3.58 2.73 5.19 0.82 0.98 5.32 0.82 1.64 0.37 1.17 3.55 4.23 0 2.73 2.28 1.14 2.28 4.31 0 4.43 0.33 1.97 2.16 5.95 2.91 0.37 2.92 1.56 2.4 2.59 0 1.91 0 1.9 2.03 0.43 2.28 1.85 0 1.29 0.48 1.04 0.43 0.74 1.33 4.14 0.8 2.53 1.77 4.23 3.39 5.65 0 2.63 0 0.0 0 3.08 5.18 0 0 2.4 0 0 2.03 1.14 0.37 0 
64 1.68 0 1.79 0.67 2.59 0 1.33 7.22 3.45 2.15 1.09 0 0 0.92 4.31 0.83 1.91 1.64 0 1.05 0.85 0 1.22 2.91 4.81 7.48 1.88 0 0 2.59 3.29 6.78 4.52 3.29 6.21 1.0 0 0 1.14 3.51 0.78 0 0.55 0.55 2.65 0 6.46 0 2.22 4.18 3.14 2.22 0 6.12 7.98 8.24 0.35 0.9 3.7 7.53 0 1.29 0.35 0 0.0 0 1.32 0 1.41 0.58 1.99 2.71 3.57 0.86 2.73 2.46 
65 0 0 4.33 1.49 2.16 0 2.4 1.88 1.54 2.45 0.94 0.43 0 0 0.28 4.42 2.71 0.52 5.45 0 2.27 0.95 5.74 0 1.96 1.29 0.98 0 2.19 0 1.72 0.74 1.97 1.84 1.85 0 0 5.18 0 0.86 0 2.54 0 0 0.6 0.67 0 0.92 4.61 3.02 1.45 1.45 0 0.51 2.03 3.76 0 0 0.23 0.33 4.13 0 3.26 3.08 0 0.0 0 1.72 0 4.07 6.02 4.0 1.11 4.8 0.83 1.33 
66 0 1.02 4.71 0.75 0 6.59 2.71 2.16 0.45 1.29 0 0.27 0.5 3.48 1.41 1.88 6.33 0 1.96 2.26 0 3.7 1.1 3.88 2.23 3.76 0.5 0 0 2.83 4.52 2.45 0 0.89 3.01 0 2.42 2.23 0 2.73 0 0 4.37 2.62 5.45 1.64 1.85 5.36 1.99 0 0 0 1.33 0 1.97 0 0 5.7 1.88 1.41 0 0 5.46 5.18 1.32 0 0.0 0 0 2.66 2.5 0 2.35 2.19 5.08 2.34 
67 0.08 1.85 1.69 0 0 0.94 0 0 0.17 1.54 0 0 0.22 1.11 0 0 1.48 0 0 1.11 0.58 0.48 0 0 0.63 0 0.2 0.74 2.54 0.28 0.63 0.6 1.54 0 0.31 0 0 0 0 0 1.05 0.68 1.6 0.62 1.48 0.8 0.23 1.66 0 1.29 2.03 0 0.35 0.7 1.36 0 1.64 0 0 0 2.59 3.48 0.43 0 0 1.72 0 0.0 0 2.34 2.4 0.65 0 1.54 0.37 0.12 
68 0 0 0.12 0.33 0 0 0.2 0.33 0.78 1.09 0 2.22 0 0 0 0.42 0 0 0 0 0 1.23 0 1.66 0 1.45 0.8 0 1.6 1.41 0.75 2.65 0 0.47 0.8 0 0 1.72 1.33 0 1.11 0.5 0.48 1.6 0 1.13 0 1.29 0.59 0 1.97 0.39 0 0 0.5 1.8 0 2.54 0.45 0 2.34 0.45 0.92 0 1.41 0 0 0 0.0 0 0 0 1.66 0.86 1.22 0 
69 0 0 0 0 0 0 0 2.83 0 1.0 3.82 5.74 3.02 0 3.33 0.38 0 0 8.36 0.75 0 0 0 2.77 2.27 2.66 2.59 0 0 2.07 0.9 0 5.27 0 0 0 0.43 0 0 2.31 1.96 0 0 0 0.87 1.02 0 0.68 1.05 6.33 5.83 2.46 0.57 3.26 0 0 1.88 3.42 2.19 0 0 0.86 0 2.4 0.58 4.07 2.66 2.34 0 0.0 0.63 0.55 2.23 1.17 0 0.57 
70 0 0 2.09 5.46 2.09 0.63 0 0.73 2.34 0 3.88 5.46 0 1.66 1.92 2.03 3.26 0 0 0 0.37 1.36 0 2.27 2.66 1.24 0.75 0 1.25 0.86 0 1.27 2.42 0.75 1.37 0 0.2 0 0 0 3.39 0.9 3.14 0 3.7 3.42 2.28 0 0 7.73 1.17 0 1.97 0.83 0 1.39 0 1.79 0.97 5.27 0.25 2.82 0.62 0 1.99 6.02 2.5 2.4 0 0.63 0.0 0 2.35 0 1.72 0 
71 2.4 0 2.92 2.15 0 0.25 2.34 0 0 0 3.88 3.7 3.14 0 0 0 0 2.83 2.78 1.68 0.68 1.6 1.29 3.26 6.02 0 2.71 0 0 2.07 2.45 0 3.7 2.46 2.22 0 0.12 0.62 5.83 0 0.89 0 2.71 0.75 5.36 1.02 0 0.8 0.32 5.36 2.62 0.75 0 2.03 0 3.17 0 0.37 0 1.0 0.31 0 1.25 0 2.71 4.0 0 0.65 0 0.55 0 0.0 0 0 0.4 0 
72 1.23 3.76 2.09 0.78 0 0 0 1.69 0.42 0.55 0.27 0.33 0 2.22 0 1.76 3.42 0.27 0.43 1.13 0.92 0.78 2.9 2.46 4.05 0.7 0 0 1.72 3.58 3.2 0.99 0.86 1.97 1.54 0.86 0.89 0.85 1.22 0.2 0.18 0 1.96 5.7 0.3 2.03 2.26 0 0 3.93 0.78 0 0 1.88 0 0 1.76 2.71 0.2 0 2.46 0 0 2.03 3.57 1.11 2.35 0 1.66 2.23 2.35 0 0.0 4.56 0 0.9 
73 0 0.47 0.15 0.35 0 1.09 0 2.09 2.16 3.29 5.45 4.61 1.09 2.22 0 3.29 1.22 0 0 1.64 2.46 0 0.18 0.27 1.06 0 0 1.13 0.68 1.54 0.63 3.2 1.13 0.63 1.72 1.49 1.85 2.09 0 1.41 1.02 0.99 1.41 0.74 0 0 3.8 0 0 1.23 3.2 0 1.85 0 0.72 0 1.98 0.63 4.81 2.27 0 1.23 0 1.14 0.86 4.8 2.19 1.54 0.86 1.17 0 0 4.56 0.0 0.8 1.11 
74 0 1.69 0 1.91 0 0.25 0 2.92 0 2.53 1.8 0.78 1.21 0 1.68 0.37 0.94 0 4.42 1.37 0 0.49 0 0.5 0 3.02 0.43 0.78 0 0.51 0.37 0 0.62 0 2.07 3.11 0 1.88 0 2.53 1.21 1.09 0 0 1.29 0.86 0 1.04 0.75 3.11 0 0 0 3.67 0 2.27 0.57 0 0 4.99 1.09 0 0 0.37 2.73 0.83 5.08 0.37 1.22 0 1.72 0.4 0 0.8 0.0 0 
75 0 0.9 0.18 0 0.2 2.79 0.12 0 0.28 0 1.13 0.52 0.55 0 1.79 0 0.32 0 2.22 0 0 1.48 1.66 0.5 0.55 2.16 0.55 0.25 0 2.03 1.04 2.46 0.4 0 0.39 0 1.17 0 0 0.42 0.27 0 1.29 1.85 0.35 0.47 0 1.48 0.66 0 0.52 0 0.86 1.54 0 2.71 0 3.29 0.38 0.67 0 2.92 1.17 0 2.46 1.33 2.34 0.12 0 0.57 0 0 0.9 1.11 0 0.0 

;