set O:= 0;
set N:= 1 2 3 4 5 6 7 8 9 10 11 12 13 14 15 16 17 18 19 20 21 22 23 24 25 26 27 28 29 30 31 32 33 34 35 36 37 38 39 40 41 42 43 44 45 46 47 48 49 50 51 52 53 54 55 56 57 58 59 60 61 62 63 64 65 66 67 68 69 70 71 72 73 74 75;
set K:= 1 2 3 4;
param V:= 4;
param cp:= 350;
param dm:= 5.0;
param o:=
0 0
1 18
2 26
3 11
4 30
5 21
6 19
7 15
8 16
9 29
10 26
11 37
12 16
13 12
14 31
15 8
16 19
17 20
18 13
19 15
20 22
21 28
22 12
23 6
24 27
25 14
26 18
27 17
28 29
29 13
30 22
31 25
32 28
33 27
34 19
35 10
36 12
37 14
38 24
39 16
40 33
41 15
42 11
43 18
44 17
45 21
46 27
47 19
48 20
49 5
50 22
51 12
52 19
53 22
54 16
55 7
56 26
57 14
58 21
59 24
60 13
61 15
62 18
63 11
64 28
65 9
66 37
67 30
68 10
69 8
70 11
71 3
72 1
73 6
74 10
75 20
;
param c[*,*]
: 0 1 2 3 4 5 6 7 8 9 10 11 12 13 14 15 16 17 18 19 20 21 22 23 24 25 26 27 28 29 30 31 32 33 34 35 36 37 38 39 40 41 42 43 44 45 46 47 48 49 50 51 52 53 54 55 56 57 58 59 60 61 62 63 64 65 66 67 68 69 70 71 72 73 74 75:=
0 0 7 3 4 3 7 2 3 3331 6 23 8 5 4885 7 5995 5 1776 12 6 10 5995 17 9 7 48 1 14 5329 4 4 27 10 3775 4 3997 7328 7106 23 6 12 20 10051 11 5 3 2 6 18 7 12 3 4 4885 24 19 9 25 4 11 11 7550 25 4885 48 9 8 2 2 10 9 8660 4441 7 5 1 
1 7 0 5 6422 9 12 9 11 11168 13 16 15 35 12 15 14 4 7 14 13123 15 6 3 13 14 15165 8376 12 5 8 7 22 11 2234 9214 13 9493 10610 28 12 8097 6 3 1675 7259 9 39 7818 15 5026 25 20 9772 17 17 18 5 15 23 35 12564 7 9 2 5 15 21 8376 7 10 14 11 45 6 5026 26 
2 3 5 0 5 2665 5 2 5995 7 7550 9 19 5551 6 18 23 3997 8 16 15 7106 4 4467 11 7328 17 4 4441 9 14 2 23 7 2220 8 6661 7 7 9104 8 5 9 27 7 23 3109 5 15 6 12 14 3 5 10 30 23 6661 6439 15 11102 16 18 2 7 32 10214 11102 3997 2 6 30 6883 30 3 2 3 
3 4 6422 5 0 6 15 4 10 12277 8 7818 22 17 17 12 66 4 2665 5777 30 24 11 9 5 4 7 4441 12638 8935 10051 6 23 9 14 42 25 17332 22 12 5 3 10 35 7259 838 7 14 46 13 2 4333 4 11915 13 16609 39 22 21 13 29 43 11448 7259 4 12 13 14 5 9 14 84 25 7 7 35 4 
4 3 9 2665 6 0 5 3 3331 3 27 8 9 3997 4 24 6 21 7 14804 6 6439 10 8097 8 11 18 2443 2220 4663 2443 2 15526 7 4 1554 4 7 6 6883 6439 19 10331 10 18 6 2 2 9 12 15 13 3553 2 11 5 20 9 9 22 8438 7994 7 12 6 11727 7772 11 2 2 7 7550 8 6 7 4 4 
5 7 12 5 15 5 0 5773 22 36 69 17332 18 12999 7 17 3 13360 7 23 11 4333 4694 8097 32 38 23 13 6 29 9 2887 27 66 10832 14 12 14 3 17 19 14082 48 11168 22 20 2 9 3 2528 21 19 9 8 17 8666 48 17693 4333 61 17 13 8 28 13 12 18 18776 7 5 6 7 6 16 10 6 4885 
6 2 9 2 4 3 5773 0 6 11 22 7106 8 15 7 8216 7 3 4 23 14 9 6 7 4885 7 14 4 6 5 4441 2665 15 5 1776 8 7 7 7328 9 12 7 8 7259 6 4 8 5 5551 4219 4663 10110 1332 5 14 8 19 6217 14 7 13 11 6 5 3 38 8660 9770 4 4 8 10 8438 6 4 4 3 
7 3 11 5995 10 3331 22 6 0 2528 9027 20 17 6 9 4 10110 7 8 15 4 14082 53 12285 9770 11 14 2 23 53 11 5551 12 40 28 4 7 14443 12999 9 8 7222 17 16 14 10471 6 3 12638 42 35 25 5107 17 9 6860 32 11 9749 4 7 17332 18 10 9 15915 5584 6422 2 9 16609 32 16 6499 19 11193 4 
8 3331 11168 7 12277 3 36 11 2528 0 23 8 6 14 5 7 8 8 6 21 10 12 13 24 10436 12 61 12 4 13 7 4885 16 11915 15 10 7 16 14 6 10471 18 18 28 26 15 13 2 10832 9027 11 30 5773 2528 3 9 23 11546 14 7 7 14804 17 39 34 31 28 9 4 18 15 13721 18 11 20 12 8 
9 6 13 7550 8 27 69 22 9027 23 0 5 10 4 16 10051 36 20 3553 8 13360 27 17 12844 9 5 5 4219 14 15 11727 10 6138 1954 27 22 12 25 19859 6143 1117 2513 49 14 14 3350 8216 11 16 24 5551 8 9 14 32 18 9 11 23 5 12285 30 15 22 26 19 7259 18 5551 25 34 23 23 2513 39 46 6 
10 23 16 9 7818 8 17332 7106 20 8 5 0 5 4188 11 8 34 12 6 23 7818 42 30 15077 13123 11168 17 5 12 13960 46 36 6 6143 44 9 7 21 78 1954 3071 6 31 32 15 15 8 8 18 14 12 19 6439 35 4747 40 14 14798 16609 2 10 48 67 13 11448 20 2792 5 7 7 17311 22748 22748 8 12006 26 26 
11 8 15 19 22 9 18 8 17 6 10 5 0 8 10 3 15 12285 7 16609 20 18776 16 16473 32 15 17 5 11 58 12 8882 19 39 12844 6980 4188 22 23 3 28 16 22 22 34 42 7772 8 14 14 56 15 7994 15 2 7 65 70 14082 5 4 88 17 18 17 20 8 4 7 7994 17032 20942 87 7 13681 16 14 
12 5 35 5551 17 3997 12999 15 6 14 4 4188 8 0 11 30 55 18 3 9388 19 19 44 12 8 6439 7944 3 9388 10 8376 6 11 5 10 26 14 16 16 11 3 2 46 47 10331 5 11 6 10889 10 6 7 6 9 5584 11915 11193 11 55 3 41 40 16 10 22 14 8 17 6 4 13681 24 18415 3 31 17 12 
13 4885 12 6 17 4 7 7 9 5 16 11 10 11 0 6143 3972 9104 7 41 19 15 20 23 11 12 38 5107 2528 48 5 5 18415 17 10 6 7 19 29 19 16 12638 30 18 54 62 12 5 8 27 11 37 8 3 7 2528 22387 12435 3 10 8376 12 13721 39 9326 17 10 10331 3997 5 12 9749 12 52 20 9 5 
14 7 15 18 12 24 17 8216 4 7 10051 8 3 30 6143 0 11915 51 9 19137 3 19 13123 15636 20 63 16 5 7 55 9 9 12999 45 12564 5584 10 16971 15 5 11 9 22 70 66 46 6439 5026 12 13 16 34 10 11 4 4467 24 22 43 6143 3 77 15915 17 17 78 6 4188 5 9 60 35 21 8 13 24 6439 
15 5995 14 23 66 6 3 7 10110 8 36 34 15 55 3972 11915 0 19 10 44 9 3611 8 13 37 42 22 6661 4 13 4 4219 24 17693 26 7222 9388 6 4 16 69 19 13960 54 12844 68 2887 30 5416 5 74 20220 16 12 15 7 25 22 1444 15 14 29 11193 36 19 16 68 22 5 6 9 5777 7 20 39 9 6 
16 5 4 3997 4 21 13360 3 7 8 20 12 12285 18 9104 51 19 0 3109 33 9326 18 7106 8 3 3 40 5 7550 5 7 5329 59 15 7 6439 32 30 32 44 6 4 7 8 4747 3 26 13 10 6661 4 7222 7 7328 44 10 25 4 64 34 17 38 9 6 3 17 25 13960 5329 5 10 38 18 5995 15 11 8 
17 1776 7 8 2665 7 7 4 8 6 3553 6 7 3 7 9 10 3109 0 9388 8 11 8 35 7 5773 9027 2 6 12 7 4 23 3 4 5 4885 11 9 5773 4 1 12 9493 8 3 5 16 15 7 19 7583 2 9 22 30 25 7328 9 8 10 22 11 13 4219 47 14 8 3 3 12 12 10214 7 7 6 2 
18 12 14 16 5777 14804 23 23 15 21 8 23 16609 9388 41 19137 44 33 9388 0 77 25275 20 17 10110 19 4 12 18 68 75 16248 10471 5 22 32 21 92 26 18 8 30 14082 15 15 5055 17332 18 82 23 6 4 38 22 33 21303 6 11 22748 22 22 27081 40 30 10110 18 15526 23 14 17 23831 27 32 10 13 16971 12999 
19 6 13123 15 30 6 11 14 4 10 13360 7818 20 19 19 3 9 9326 8 77 0 15 56 16 12 12213 34 9 5416 16 17 7 15 16 18 6 3 14 13 26 15 46 18 16 15 14804 6 5 51 43 12 19 8 5 12 6 40 13323 8 6980 6 32 35 13 40 20 7 6701 3997 8 32 16 62 21 15 25 5 
20 10 15 7106 24 6439 4333 9 14082 12 27 42 18776 19 15 19 3611 18 11 25275 15 0 32 12 20220 29 25275 8882 7944 45 13 6 51 20942 30 43 13 5 9 79 21 72 30 14 13960 25 5 22 6 9 21 30 11 9 15887 12 57 24 19 21 18 14 11193 40 17 28 42 21 16 8 8 2166 3972 40 11168 9 8 
21 5995 6 4 11 10 4694 6 53 13 17 30 16 44 20 13123 8 7106 8 20 56 32 0 6 10 12 41 29 33 2 3 3 26 13 5329 9749 13721 5 6 14798 13681 12 9 9 8 14 5 42 3 4 11 37 6661 9 25 14 24 8660 9 52 16 8 2 4 6439 9 20 67 8 18 2 32 6138 16 6 7 21 
22 17 3 4467 9 8097 8097 7 12285 24 12844 15077 16473 12 23 15636 13 8 35 17 16 12 6 0 5863 11 18 10 9772 3 16 5863 45 45 6 40 16 10 38 18 16 41 4 6 6 12 16 13 27 6422 9 16 29 10 29 14 27 6422 11 17 75 10889 3350 2 5026 15 17032 23 12 7 9 12 37 26 3 5 7539 
23 9 13 11 5 8 32 4885 9770 10436 9 13123 32 8 11 20 37 3 7 10110 12 20220 10 5863 0 3 26 8 9770 7 9104 7106 18776 12 4 36 10880 21 23 29 8 7 12 16 6 20 8660 9326 9104 33 2220 40 4663 39 14519 16 15 1 22 12006 39 42 9 6 1998 6422 16 70 10 5995 9992 84 19137 18 5 8 13 
24 7 14 7328 4 11 38 7 11 12 5 11168 15 6439 12 63 42 3 5773 19 12213 29 12 11 3 0 9 15 10658 8438 13 9 18 5 6 10 10658 41 43 12844 12 21 9 34 28 3 20 9770 45 11 1554 5416 10 10436 17 15 12 4 43 13 18 31 13 18 3997 10610 17 20 17 8 16 31 92 7106 9 9 15 
25 48 15165 17 7 18 23 14 14 61 5 17 17 7944 38 16 22 40 9027 4 34 25275 41 18 26 9 0 11 19 20 18415 17 13 5 26 14443 29 29 23470 14 5 6860 34 20 18 7 21 14 24 19137 9388 3 39 16248 27 40 13 58 22 33 24 27 28 16248 12277 21303 24 14443 16 53 98 53 26 26 15 71 12638 
26 1 8376 4 4441 2443 13 4 2 12 4219 5 5 3 5107 5 6661 5 2 12 9 8882 29 10 8 15 11 0 5 6661 20 4441 14 5 10 2 12 11 32 18 15 2443 14 23 10051 4441 3997 4 7106 11 7 9749 3 7 15 5773 18 8882 6661 3109 8 21 11 16 6 54 22 13 4 2887 9326 20 9770 4 7 7 1998 
27 14 12 4441 12638 2220 6 6 23 4 14 12 11 9388 2528 7 4 7550 6 18 5416 7944 33 9772 9770 10658 19 5 0 9388 2889 4 17332 17 8 2528 12 8666 6860 9 52 10 14 14 14 26 1332 6 6860 20 19 20 7 1 6422 19 41 11 5 17 12 11 15 31 7772 14 10 11 2665 4 11 10 13 12 10 14 7 
28 5329 5 9 8935 4663 29 5 53 13 15 13960 58 10 48 55 13 5 12 68 16 45 2 3 7 8438 20 6661 9388 0 17 5 21665 12 4 11 56 7 10 18 15 11 7 6 7 9493 18 10832 7 12 7 64 5107 10471 16 14 24 6661 11193 15 18 11 2220 2 6 7 31 17 5995 3775 4 23 10 25 12 1 5 
29 4 8 14 10051 2443 9 4441 11 7 11727 46 12 8376 5 9 4 7 7 75 17 13 3 16 9104 13 18415 20 2889 17 0 8 19 22 6 20 8666 6 5 11 12 18 46 13 40 12 888 6 10 1 36 68 23 4333 11 30 21665 10 5 13 12 36 6 25 14 23 12 26 4 13 20 10 32 42 14 4 3553 
30 4 7 2 6 2 2887 2665 5551 4885 10 36 8882 6 5 9 4219 5329 4 16248 7 6 3 5863 7106 9 17 4441 4 5 8 0 18 30 4 13 23 17 9 18 32 7 10 17 8 28 2 4 6 6 9 30 5 7 15 12 25 33 20 30 10214 8 5 8 5107 9772 20 10658 7 1776 10 7 5773 7550 9 5 2443 
31 27 22 23 23 15526 27 15 12 16 6138 6 19 11 18415 12999 24 59 23 10471 15 51 26 45 18776 18 13 14 17332 21665 19 18 0 17 68 16 51 31 27 26 6 9388 44 29 84 13 22 16 91 21 17 18 13 64 10832 18 7583 81 43 7 29 32 25275 22 16971 104 14 9388 26 15526 27 55 27 5777 38 22 14443 
32 10 11 7 9 7 66 5 40 11915 1954 6143 39 5 17 45 17693 15 3 5 16 20942 13 45 12 5 5 5 17 12 22 30 17 0 5 22 12 21 24 8 2792 9 10 14 9493 3 10 11193 13123 11448 4 3 4 25 18 66 14 7 18 11 17 23109 27 9214 5107 54 18 11 5551 6 63 28 43 8 10 13 11 
33 3775 2234 2220 14 4 10832 1776 28 15 27 44 12844 10 10 12564 26 7 4 22 18 30 5329 6 4 6 26 10 8 4 6 4 68 5 0 6 8 11915 12999 13 14 4663 5026 5026 4 5 21 7 6 5 4 10471 2 6 45 9 18 4441 56 12 15636 16 6 5 3 7259 26 18 5 11 9 32 14443 14 1396 4 4 
34 4 9214 8 42 1554 14 8 4 10 22 9 6980 26 6 5584 7222 6439 5 32 6 43 9749 40 36 10 14443 2 2528 11 20 13 16 22 6 0 5 14 10 29 40 8 25 48 44 22 4 3 9027 27 8438 13721 19 2 4747 7 36 13 9 8 10 13721 13 7818 28 13681 34 8935 1110 2887 16 51 12999 36 16 7944 9 
35 3997 13 6661 25 4 12 7 7 7 12 7 4188 14 7 10 9388 32 4885 21 3 13 13721 16 10880 10658 29 12 12 56 8666 23 51 12 8 5 0 58 25 5 9388 36 60 18 13681 12 4 3 16 21 10 29 6 5 4 5416 71 14 18 6 22 17 21 11 11 19 6 6 3 5 18 17 18 16 13 11915 4 
36 7328 9493 7 17332 7 14 7 14443 16 25 21 22 16 19 16971 6 30 11 92 14 5 5 10 21 41 29 11 8666 7 6 17 31 21 11915 14 58 0 3 20220 79 17 15 11 44 18 4441 13 2166 4333 18054 27 34 13 34 48 27 18 29 18415 20 3972 6 29 14082 12 24 45 9 6 2528 9 5 38 8376 6 27 
37 7106 10610 7 22 6 3 7328 12999 14 19859 78 23 16 29 15 4 32 9 26 13 9 6 38 23 43 23470 32 6860 10 5 9 27 24 12999 10 25 3 0 18776 24 33 17 14 14 74 16 40 4 4694 19137 22 11 33 17 9388 33 78 9 22 36 3972 18 8376 15165 14 19859 41 8 6217 5 4 3611 37 9493 7222 7 
38 23 28 9104 12 6883 17 9 9 6 6143 1954 3 11 19 5 16 44 5773 18 26 79 14798 18 29 12844 14 18 9 18 11 18 26 8 13 29 5 20220 18776 0 6 6422 19 17032 15636 35 7994 8 28 14 12285 48 7106 16 3350 11 15 18 15165 3 7 92 19 13681 13 24 2 3 5 30 17 22 22387 3630 14 13 8 
39 6 12 8 5 6439 19 12 8 10471 1117 3071 28 3 16 11 69 6 4 8 15 21 13681 16 8 12 5 15 52 15 12 32 6 2792 14 40 9388 79 24 6 0 3 26 13402 13 17 7994 12 15 11727 7 5416 19 11554 14 15 8 12 17332 6 45 94 19 45 14 32 12 8097 6 7 66 23 25 6 13 46 11 
40 12 8097 5 3 19 14082 7 7222 18 2513 6 16 2 12638 9 19 4 1 30 46 72 12 41 7 21 6860 2443 10 11 18 7 9388 9 4663 8 36 17 33 6422 3 0 10331 14 19 3 25 7944 45 9 4663 5777 2443 10 8 15 11 7550 30 8 11727 41 14 9 6 26 9 9 3775 3997 56 19859 38 6 29 17 7 
41 20 6 9 10 10331 48 8 17 18 49 31 22 46 30 22 13960 7 12 14082 18 30 9 4 12 9 34 14 14 7 46 10 44 10 5026 25 60 15 17 19 26 10331 0 1 1 18 11 14 10610 40 7 28 15 26 16 67 38 3 18 14 23 14798 9 10 4188 3 36 22 23 17 11 30 13 13 9 16 9 
42 10051 3 27 35 10 11168 7259 16 28 14 32 22 47 18 70 54 8 9493 15 16 14 9 6 16 34 20 23 14 6 13 17 29 14 5026 48 18 11 14 17032 13402 14 1 0 1 11 11 12564 20 9214 6701 17 7818 12564 18 16 40 5 14240 14519 26 13960 12 9 4467 5 18 79 46 16 10 14240 12285 17 17 7 37 
43 11 1675 7 7259 18 22 6 14 26 14 15 34 10331 54 66 12844 4747 8 15 15 13960 8 6 6 28 18 10051 14 7 40 8 84 9493 4 44 13681 44 14 15636 13 19 1 1 0 10 9772 11 9 8935 5 13 6422 13 30 19 18415 6 15 13123 20 13960 7 4 4 5 19 37 21 7259 10 16 25 12564 7 7 8376 
44 5 7259 23 838 6 20 4 10471 15 3350 15 42 5 62 46 68 3 3 5055 14804 25 14 12 20 3 7 4441 26 9493 12 28 13 3 5 22 12 18 74 35 17 3 18 11 10 0 8 11 24 13 2887 4 2665 14 10 16609 35 7 69 6143 57 28 12285 10 3997 24 11 12006 5329 5 16 43 82 6 7 18 9 
45 3 9 3109 7 2 2 8 6 13 8216 8 7772 11 12 6439 2887 26 5 17332 6 5 5 16 8660 20 21 3997 1332 18 888 2 22 10 21 4 4 4441 16 7994 7994 25 11 11 9772 8 0 11 3 2 8438 17 6 2 24 5 20220 20 13 6883 8660 7 5995 25 13 12 10 12 6 11 7 5995 7 15 6 6 3 
46 2 39 5 14 2 9 5 3 2 11 8 8 6 5 5026 30 13 16 18 5 22 42 13 9326 9770 14 4 6 10832 6 4 16 11193 7 3 3 13 40 8 12 7944 14 12564 11 11 11 0 9749 30 35 27 4885 7 5 12 71 21 7222 5863 8 14 18 8 7 14240 8 34 5 4 15 13360 15 8666 8376 10 3 
47 6 7818 15 46 9 3 5551 12638 10832 16 18 14 10889 8 12 5416 10 15 82 51 6 3 27 9104 45 24 7106 6860 7 10 6 91 13123 6 9027 16 2166 4 28 15 45 10610 20 9 24 3 9749 0 1 9770 77 6883 8 12 11193 49 10 6860 12844 15 6138 3553 22 29 11 19 15915 5995 4663 2443 7 4694 13 7 2443 5329 
48 18 15 6 13 12 2528 4219 42 9027 24 14 14 10 27 13 5 6661 7 23 43 9 4 6422 33 11 19137 11 20 12 1 6 21 11448 5 27 21 4333 4694 14 11727 9 40 9214 8935 13 2 30 1 0 17 17332 5773 8 10051 10 25 12 8 44 17 8 4219 5026 8 40 13681 28 5 7 15 8 9 11 7 1776 8 
49 7 5026 12 2 15 21 4663 35 11 5551 12 56 6 11 16 74 4 19 6 12 21 11 9 2220 1554 9388 7 19 7 36 9 17 4 4 8438 10 18054 19137 12285 7 4663 7 6701 5 2887 8438 35 9770 17 0 6499 3775 19 13123 14 11554 3 78 9772 35 28 8882 14 10 9214 27 16 29 7 11102 22026 82 6883 11 7328 8 
50 12 25 14 4333 13 19 10110 25 30 8 19 15 7 37 34 20220 7222 7583 4 19 30 37 16 40 5416 3 9749 20 64 68 30 18 3 10471 13721 29 27 22 48 5416 5777 28 17 13 4 17 27 77 17332 6499 0 32 15 18 19 5 46 21 9027 79 28 22 18 10 37 17 16 11915 11554 90 28 30 9 49 17 22 
51 3 20 3 4 3553 9 1332 5107 5773 9 6439 7994 6 8 10 16 7 2 38 8 11 6661 29 4663 10 39 3 7 5107 23 5 13 4 2 19 6 34 11 7106 19 2443 15 7818 6422 2665 6 4885 6883 5773 3775 32 0 11 9 17 26 6 8 6 43 11 7328 21 2665 10051 33 10 4 9 8882 12 20 5 5 5 3 
52 4 9772 5 11915 2 8 5 17 2528 14 35 15 9 3 11 12 7328 9 22 5 9 9 10 39 10436 16248 7 1 10471 4333 7 64 25 6 2 5 13 33 16 11554 10 26 12564 13 14 2 7 8 8 19 15 11 0 5305 9 24 12 5416 7259 9 12638 13 9 9 14 10 19 8 4 25 11554 15 10 17 9 3109 
53 4885 17 10 13 11 17 14 9 3 32 4747 2 5584 7 4 15 44 22 33 12 15887 25 29 14519 17 27 15 6422 16 11 15 10832 18 45 4747 4 34 17 3350 14 8 16 18 30 10 24 5 12 10051 13123 18 9 5305 0 11 21 20 11193 4 9 19 30 12285 12285 18149 7 5 16 6 59 23 38 5584 13 10889 5551 
54 24 17 30 16609 5 8666 8 6860 9 18 40 7 11915 2528 4467 7 10 30 21303 6 12 14 14 16 15 40 5773 19 14 30 12 18 66 9 7 5416 48 9388 11 15 15 67 16 19 16609 5 12 11193 10 14 19 17 9 11 0 23 14 10 37 6 17 18 47 12 17590 37 36 4885 13 18 13 13 13 13 14 7 
55 19 18 23 39 20 48 19 32 23 9 14 65 11193 22387 24 25 25 25 6 40 57 24 27 15 12 13 18 41 24 21665 25 7583 14 18 36 71 27 33 15 8 11 38 40 18415 35 20220 71 49 25 11554 5 26 24 21 23 0 16 24914 11193 24 34 50 19 30 23470 14443 19 16 66 35 60 117 12 18 42 15887 
56 9 5 6661 22 9 17693 6217 11 11546 11 14798 70 11 12435 22 22 4 7328 11 13323 24 8660 6422 1 4 58 8882 11 6661 10 33 81 7 4441 13 14 18 78 18 12 7550 3 5 6 7 20 21 10 12 3 46 6 12 20 14 16 0 43 13402 41 22026 8 6701 3109 7 17 19 37 7 43 28 25 12 23 9 8 
57 25 15 6439 21 9 4333 14 9749 14 23 16609 14082 55 3 43 1444 64 9 22748 8 19 9 11 22 43 22 6661 5 11193 5 20 43 18 56 9 18 29 9 15165 17332 30 18 14240 15 69 13 7222 6860 8 78 21 8 5416 11193 10 24914 43 0 16 17 8 12638 11 65 17 16 16248 6 24 9749 27 9 32 12 9 5773 
58 4 23 15 13 22 61 7 4 7 5 2 5 3 10 6143 15 34 8 22 6980 21 52 17 12006 13 33 3109 17 15 13 30 7 11 12 8 6 18415 22 3 6 8 14 14519 13123 6143 6883 5863 12844 44 9772 9027 6 7259 4 37 11193 13402 16 0 8 24 15077 11448 40 34 5 5584 4 12 63 42 21 6 10610 12 10 
59 11 35 11102 29 8438 17 13 7 7 12285 10 4 41 8376 3 14 17 10 22 6 18 16 75 39 18 24 8 12 18 12 10214 29 17 15636 10 22 20 36 7 45 11727 23 26 20 57 8660 8 15 17 35 79 43 9 9 6 24 41 17 8 0 87 21 16473 16752 22337 7 4188 7 11 18 20220 27 11 32 14798 18 
60 11 12564 16 43 7994 13 11 17332 14804 30 48 88 40 12 77 29 38 22 27081 32 14 8 10889 42 31 27 21 11 11 36 8 32 23109 16 13721 17 3972 3972 92 94 41 14798 13960 13960 28 7 14 6138 8 28 28 11 12638 19 17 34 22026 8 24 87 0 13 10331 20 17 97 27 9326 8438 6 1444 1805 91 15 20 10 
61 7550 7 18 11448 7 8 6 18 17 15 67 17 16 13721 15915 11193 9 11 40 35 11193 2 3350 9 13 28 11 15 2220 6 5 25275 27 6 13 21 6 18 19 19 14 9 12 7 12285 5995 18 3553 4219 8882 22 7328 13 30 18 50 8 12638 15077 21 13 0 5 6217 23 18 19 8216 7 12 10832 9 17 22 3 6883 
62 25 9 2 7259 12 28 5 10 39 22 13 18 10 39 17 36 6 13 30 13 40 4 2 6 18 16248 16 31 2 25 8 22 9214 5 7818 11 29 8376 13681 45 9 10 9 4 10 25 8 22 5026 14 18 21 9 12285 47 19 6701 11 11448 16473 10331 5 0 4 7 59 16194 9 17 8 13 18 12 1 3 21 
63 4885 2 7 4 6 13 3 9 34 26 11448 17 22 9326 17 19 3 4219 10110 40 17 6439 5026 1998 3997 12277 6 7772 6 14 5107 16971 5107 3 28 11 14082 15165 13 14 6 4188 4467 4 3997 13 7 29 8 10 10 2665 9 12285 12 30 3109 65 40 16752 20 6217 4 0 7 56 15356 6 4 8660 23 21 15 2513 6 6 
64 48 5 32 12 11727 12 38 15915 31 19 20 20 14 17 78 16 17 47 18 20 28 9 15 6422 10610 21303 54 14 7 23 9772 104 54 7259 13681 19 12 14 24 32 26 3 5 5 24 12 14240 11 40 9214 37 10051 14 18149 17590 23470 7 17 34 22337 17 23 7 7 0 23 28 16 40 20 57 12285 32 8 8097 11168 
65 9 15 10214 13 7772 18 8660 5584 28 7259 2792 8 8 10 6 68 25 14 15526 7 42 20 17032 16 17 24 22 10 31 12 20 14 18 26 34 6 24 19859 2 12 9 36 18 19 11 10 8 19 13681 27 17 33 10 7 37 14443 17 16 5 7 97 18 59 56 23 0 2 6217 11 74 23109 94 20 14240 17 30 
66 8 21 11102 14 11 18776 9770 6422 9 18 5 4 17 10331 4188 22 13960 8 23 6701 21 67 23 70 20 14443 13 11 17 26 10658 9388 11 18 8935 6 45 41 3 8097 9 22 79 37 12006 12 34 15915 28 16 16 10 19 5 36 19 19 16248 5584 4188 27 19 16194 15356 28 2 0 8 10 38 46 24 6980 31 15077 8438 
67 2 8376 3997 5 2 7 4 2 4 5551 7 7 6 3997 5 5 5329 3 14 3997 16 8 12 10 17 16 4 2665 5995 4 7 26 5551 5 1110 3 9 8 5 6 3775 23 46 21 5329 6 5 5995 5 29 11915 4 8 16 4885 16 37 6 4 7 9326 8216 9 6 16 6217 8 0 3 8438 8660 17 4 6980 6 3 
68 2 7 2 9 2 5 4 9 18 25 7 7994 4 5 9 6 5 3 17 8 8 18 7 5995 8 53 2887 4 3775 13 1776 15526 6 11 2887 5 6 6217 30 7 3997 17 16 7259 5 11 4 4663 7 7 11554 9 4 6 13 66 7 24 12 11 8438 7 17 4 40 11 10 3 0 7 9 9 5995 3909 2887 1 
69 10 10 6 14 7 6 8 16609 15 34 17311 17032 13681 12 60 9 10 12 23831 32 8 2 9 9992 16 98 9326 11 4 20 10 27 63 9 16 18 2528 5 17 66 56 11 10 10 16 7 15 2443 15 11102 90 8882 25 59 18 35 43 9749 63 18 6 12 8 8660 20 74 38 8438 7 0 23 3250 64 34 4 15 
70 9 14 30 84 7550 7 10 32 13721 23 22748 20942 24 9749 35 5777 38 12 27 16 2166 32 12 84 31 53 20 10 23 10 7 55 28 32 51 17 9 4 22 23 19859 30 14240 16 43 5995 13360 7 8 22026 28 12 11554 23 13 60 28 27 42 20220 1444 10832 13 23 57 23109 46 8660 9 23 0 3 87 12 40 11 
71 8660 11 6883 25 8 6 8438 16 18 23 22748 87 18415 12 21 7 18 10214 32 62 3972 6138 37 19137 92 26 9770 13 10 32 5773 27 43 14443 12999 18 5 3611 22387 25 38 13 12285 25 82 7 15 4694 9 82 30 20 15 38 13 117 25 9 21 27 1805 9 18 21 12285 94 24 17 9 3250 3 0 22 10 11 10 
72 4441 45 30 7 6 16 6 6499 11 2513 8 7 3 52 8 20 5995 7 10 21 40 16 26 18 7106 26 4 12 25 42 7550 5777 8 14 36 16 38 37 3630 6 6 13 17 12564 6 15 8666 13 11 6883 9 5 10 5584 13 12 12 32 6 11 91 17 12 15 32 20 6980 4 5995 64 87 22 0 10051 11 20 
73 7 6 3 7 7 10 4 19 20 39 12006 13681 31 20 13 39 15 7 13 15 11168 6 3 5 9 15 7 10 12 14 9 38 10 1396 16 13 8376 9493 14 13 29 9 17 7 7 6 8376 7 7 11 49 5 17 13 13 18 23 12 10610 32 15 22 1 2513 8 14240 31 6980 3909 34 12 10 10051 0 15 5026 
74 5 5026 2 35 4 6 4 11193 12 46 26 16 17 9 24 9 11 6 16971 25 9 7 5 8 9 71 7 14 1 4 5 22 13 4 7944 11915 6 7222 13 46 17 16 7 7 18 6 10 2443 1776 7328 17 5 9 10889 14 42 9 9 12 14798 20 3 3 6 8097 17 15077 6 2887 4 40 11 11 15 0 4 
75 1 26 3 4 4 4885 3 4 8 6 26 14 12 5 6439 6 8 2 12999 5 8 21 7539 13 15 12638 1998 7 5 3553 2443 14443 11 4 9 4 27 7 8 11 7 9 37 8376 9 3 3 5329 8 8 22 3 3109 5551 7 15887 8 5773 10 18 10 6883 21 6 11168 30 8438 3 1 15 11 10 20 5026 4 0 

;param cto[*,*]
: 0 1 2 3 4 5 6 7 8 9 10 11 12 13 14 15 16 17 18 19 20 21 22 23 24 25 26 27 28 29 30 31 32 33 34 35 36 37 38 39 40 41 42 43 44 45 46 47 48 49 50 51 52 53 54 55 56 57 58 59 60 61 62 63 64 65 66 67 68 69 70 71 72 73 74 75:=
0 0 46 44 45 39 42 43 44 40 42 42 43 40 42 43 43 41 39 48 42 44 43 43 43 48 44 39 41 42 41 40 44 42 41 40 41 44 44 42 42 40 44 44 43 41 40 44 42 41 43 43 40 40 42 43 45 44 43 45 45 46 44 42 42 46 43 48 39 39 44 49 45 41 41 41 38 
1 46 0 40 42 42 44 41 49 45 44 46 51 43 49 51 45 44 46 44 46 46 46 43 40 42 45 43 44 40 47 42 47 43 39 44 46 44 45 47 45 43 40 40 39 42 43 44 43 42 41 44 41 44 46 46 50 41 46 45 49 46 42 39 43 45 51 49 43 41 44 46 49 45 39 41 42 
2 44 40 0 46 40 41 43 43 42 44 49 46 42 46 45 42 41 41 45 44 44 40 41 42 44 45 45 41 40 41 43 47 47 40 41 43 42 42 45 44 46 42 42 42 42 40 45 41 40 42 44 40 45 44 44 47 43 43 44 47 44 41 43 41 43 46 47 41 39 46 44 43 44 39 39 40 
3 45 42 46 0 42 49 41 47 44 40 43 45 40 45 49 46 39 40 41 45 47 49 47 41 40 45 41 44 44 44 47 44 39 41 43 44 46 47 44 41 40 43 43 42 38 47 43 45 44 44 40 40 44 44 46 43 42 46 42 47 48 45 42 40 45 45 46 46 41 51 48 48 41 42 43 45 
4 39 42 40 42 0 41 40 40 40 43 43 43 41 41 43 41 42 40 45 42 43 42 43 48 45 45 40 40 42 40 43 46 43 45 39 45 42 46 43 43 42 44 48 44 46 39 39 41 40 44 48 41 43 42 42 47 49 42 42 45 44 43 42 46 45 44 45 39 43 47 44 44 46 42 40 39 
5 42 44 41 49 41 0 42 43 42 46 46 46 44 41 44 39 44 47 48 43 40 40 43 46 47 48 43 40 41 39 40 49 46 43 41 43 40 43 50 46 45 46 45 45 46 44 42 39 39 46 51 44 41 44 42 50 47 40 45 50 41 46 42 48 49 51 47 42 45 44 41 40 49 43 40 42 
6 43 41 43 41 40 42 0 42 42 42 44 48 41 43 44 47 40 40 44 44 45 42 42 42 43 44 40 42 41 41 40 49 45 39 41 43 47 44 44 42 41 46 42 46 45 41 41 42 41 42 43 39 42 43 44 45 43 44 42 46 46 47 40 44 44 45 46 40 39 44 45 45 42 40 40 39 
7 44 49 43 47 40 43 42 0 39 42 41 40 40 41 40 43 47 41 49 44 45 44 46 46 46 44 43 41 44 42 42 47 43 43 40 39 45 44 41 46 41 47 47 46 43 41 39 44 43 45 44 42 40 39 41 46 51 43 40 46 46 46 48 44 48 41 42 39 41 46 46 50 41 44 43 44 
8 40 45 42 44 40 42 42 39 0 44 42 45 41 40 40 46 48 42 46 39 47 44 46 46 46 45 40 44 48 45 42 45 44 44 39 39 44 43 46 43 42 47 47 46 44 40 42 43 42 46 45 42 39 44 40 47 47 41 42 46 45 46 44 45 48 42 43 40 41 49 45 45 42 44 43 41 
9 42 44 44 40 43 46 42 42 44 0 40 43 40 49 44 47 42 41 41 44 49 47 46 44 46 40 41 48 46 45 44 41 39 43 43 43 48 48 42 38 39 46 46 45 40 44 47 47 46 42 40 41 44 43 46 41 45 47 40 46 50 51 45 43 48 42 44 42 43 49 53 53 39 44 45 46 
10 42 46 49 43 43 46 44 41 42 40 0 40 40 48 42 46 44 42 44 43 48 47 47 46 45 42 41 44 47 45 45 40 42 45 43 42 52 47 39 40 41 48 48 51 42 48 42 47 46 45 42 43 43 41 44 43 47 46 43 43 50 49 50 45 49 40 45 42 48 49 49 49 39 46 46 43 
11 43 51 46 45 43 46 48 40 45 43 40 0 42 43 40 49 46 43 46 41 47 47 48 48 51 45 46 43 47 45 45 42 44 46 42 40 48 47 39 42 43 49 49 49 45 44 42 51 46 47 49 44 43 39 46 46 49 45 40 44 49 53 47 47 55 39 39 42 44 49 48 49 41 47 46 43 
12 40 43 42 40 41 44 41 40 41 40 40 42 0 47 43 45 41 39 42 43 46 45 45 44 43 42 39 42 48 43 46 42 40 42 41 41 50 49 41 43 39 45 45 44 40 42 45 45 44 42 45 40 42 41 44 43 45 45 43 44 48 46 43 42 51 42 43 40 41 47 47 47 43 43 43 40 
13 42 49 46 45 41 41 43 41 40 49 48 43 47 0 42 40 45 43 48 40 42 43 45 51 51 47 42 39 44 44 45 47 46 44 40 41 42 41 44 45 44 47 47 46 46 40 40 46 41 51 47 44 39 42 39 49 48 39 44 43 43 45 44 45 48 48 44 41 46 48 43 43 44 44 46 46 
14 43 51 45 49 43 44 44 40 40 44 42 40 43 42 0 44 46 43 47 43 46 46 48 48 48 50 46 46 47 47 44 44 45 46 41 39 46 49 41 44 47 49 49 48 45 43 41 49 45 47 46 44 41 39 41 47 49 43 42 40 47 48 46 47 50 41 40 42 44 47 47 47 46 50 46 43 
15 43 45 42 46 41 39 47 43 46 47 46 49 45 40 44 0 45 44 49 46 40 42 44 47 48 52 43 44 43 40 41 49 47 44 41 42 44 39 49 46 45 47 46 46 46 40 42 40 44 47 48 44 41 44 41 54 48 38 49 49 41 43 44 45 47 46 46 46 42 42 41 45 46 44 42 46 
16 41 44 41 39 42 44 40 47 48 42 44 46 41 45 46 45 0 40 42 45 51 44 42 40 44 43 46 44 46 47 42 45 41 39 43 44 45 46 45 42 41 42 42 41 40 43 43 44 43 39 41 39 44 45 50 44 45 46 43 48 47 44 41 39 43 46 47 42 41 49 47 50 43 40 42 41 
17 39 46 41 40 40 47 40 41 42 41 42 43 39 43 43 44 40 0 42 43 46 44 43 43 42 42 43 42 43 42 45 44 44 41 41 42 45 49 42 44 43 44 44 47 40 42 41 44 43 42 42 39 42 42 44 44 44 44 41 45 47 45 42 41 45 43 48 40 44 46 46 46 41 41 42 43 
18 48 44 45 41 45 48 44 49 46 41 44 46 42 48 47 49 42 42 0 47 50 51 50 43 40 44 48 51 46 47 46 43 44 43 46 46 49 49 45 42 42 45 49 44 40 46 46 48 47 45 39 42 46 46 48 40 47 49 43 53 51 48 45 43 51 46 47 48 44 50 55 51 42 48 46 44 
19 42 46 44 45 42 43 44 44 39 44 43 41 43 40 43 46 45 43 47 0 44 45 47 51 48 46 42 40 45 42 43 49 45 45 40 43 48 44 42 44 44 48 52 51 45 42 40 44 43 47 46 44 40 40 39 48 49 45 42 41 46 47 45 46 49 46 42 41 43 46 45 46 43 45 44 46 
20 44 46 44 47 43 40 45 45 47 49 48 47 46 42 46 40 51 46 50 44 0 42 45 48 49 50 45 42 43 41 42 51 48 45 43 48 40 39 48 52 47 47 51 47 48 42 43 44 41 52 50 46 46 46 43 52 49 40 47 51 40 43 44 50 47 48 52 44 44 41 39 40 48 45 46 48 
21 43 46 40 49 42 40 42 44 44 47 47 47 45 43 46 42 44 44 51 45 42 0 41 44 46 48 44 42 43 44 40 49 50 42 43 45 40 41 47 47 45 47 43 47 45 41 43 39 39 45 47 43 46 46 44 53 45 46 46 52 42 40 44 43 43 48 49 43 41 40 42 41 46 41 39 42 
22 43 43 41 47 43 43 42 46 46 46 47 48 45 45 48 44 42 43 50 47 45 41 0 42 44 51 48 44 39 43 42 49 45 41 44 46 43 44 48 46 44 44 40 40 44 43 45 42 42 43 49 42 48 47 50 48 42 49 47 50 45 40 39 41 40 49 50 44 42 42 45 44 46 40 40 43 
23 43 40 42 41 48 46 42 46 46 44 46 48 44 51 48 47 40 43 43 51 48 44 42 0 44 44 44 46 42 45 44 47 43 40 45 47 46 47 47 48 43 40 40 40 42 45 45 45 44 40 43 42 46 47 48 49 42 47 46 50 48 44 45 39 42 52 49 44 43 46 48 47 45 41 43 43 
24 48 42 44 40 45 47 43 46 46 46 45 51 43 51 48 48 44 42 40 48 49 46 44 44 0 42 44 46 45 46 49 45 41 42 49 46 48 48 46 43 42 42 43 42 40 46 46 47 46 39 40 42 46 47 49 43 45 49 44 53 50 46 44 41 45 47 48 45 44 48 50 49 44 43 49 44 
25 44 45 45 45 45 48 44 44 45 40 42 45 42 47 50 52 43 42 44 46 50 48 51 44 42 0 47 46 47 47 50 41 40 44 45 45 49 49 43 44 41 46 47 46 41 46 49 48 47 42 39 43 46 45 48 39 45 52 42 47 55 49 46 44 48 44 45 44 44 50 51 55 41 49 47 44 
26 39 43 45 41 40 43 40 43 40 41 41 46 39 42 46 43 46 43 48 42 45 44 48 44 44 47 0 41 43 42 41 43 41 42 43 40 45 44 41 41 40 45 45 44 41 41 40 44 42 47 43 40 40 41 42 45 45 43 40 44 46 45 43 46 46 42 43 39 40 45 46 46 40 46 42 39 
27 41 44 41 44 40 40 42 41 44 48 44 43 42 39 46 44 44 42 51 40 42 42 44 46 46 46 41 0 42 39 40 46 45 43 39 41 42 41 47 44 47 46 46 45 44 39 39 41 40 46 46 42 42 42 40 48 50 40 43 44 47 44 43 44 50 48 48 40 45 47 47 43 47 43 41 40 
28 42 40 40 44 42 41 41 44 48 46 47 47 48 44 47 43 46 43 46 45 43 43 39 42 45 47 43 42 0 41 40 49 45 40 43 45 45 42 47 46 44 42 41 41 44 41 43 40 40 47 46 42 43 46 49 48 43 43 46 48 47 40 39 41 42 48 52 43 41 45 44 42 46 40 43 45 
29 41 47 41 44 40 39 41 42 45 45 45 45 43 44 47 40 47 42 47 42 41 44 43 45 46 47 42 39 41 0 39 51 45 42 40 42 41 40 49 45 44 45 45 44 45 38 44 40 43 45 46 42 40 43 42 49 50 44 44 49 42 42 42 44 45 49 46 41 40 42 42 42 45 42 40 41 
30 40 42 43 47 43 40 40 42 42 44 45 45 46 45 44 41 42 45 46 43 42 40 42 44 49 50 41 40 40 39 0 51 44 45 40 42 41 41 45 44 43 44 43 43 43 39 41 40 39 44 45 41 41 44 43 48 44 42 44 46 43 42 40 42 44 46 46 41 39 42 43 42 44 41 39 40 
31 44 47 47 44 46 49 49 47 45 41 40 42 42 47 44 49 45 44 43 49 51 49 49 47 45 41 43 46 49 51 51 0 42 46 45 44 50 50 41 41 42 49 49 48 43 47 45 49 52 45 42 48 46 43 51 42 48 48 41 45 52 50 48 46 51 41 42 44 46 55 51 55 41 47 48 45 
32 42 43 47 39 43 46 45 43 44 39 42 44 40 46 45 47 41 44 44 45 48 50 45 43 41 40 41 45 45 45 44 42 0 46 43 48 47 47 47 40 39 48 45 44 39 44 43 46 45 41 39 40 44 44 46 41 47 51 41 47 49 47 44 42 46 44 49 42 46 48 49 49 40 43 44 42 
33 41 39 40 41 45 43 39 43 44 43 45 46 42 44 46 44 39 41 43 45 45 42 41 40 42 44 42 43 40 42 45 46 46 0 42 48 44 44 45 43 42 41 41 44 41 42 43 46 46 41 43 40 47 45 49 46 41 45 44 48 50 42 39 39 42 46 47 46 40 44 46 45 44 39 44 41 
34 40 44 41 43 39 41 41 40 39 43 43 42 41 40 41 41 43 41 46 40 43 43 44 45 49 45 43 39 43 40 40 45 43 42 0 40 43 42 42 43 46 46 46 45 43 40 38 42 41 45 45 42 38 41 41 47 46 41 42 43 45 48 43 43 47 43 44 39 40 44 44 44 42 43 42 40 
35 41 46 43 44 45 43 43 39 39 43 42 40 41 41 39 42 44 42 46 43 48 45 46 47 46 45 40 41 45 42 42 44 48 48 40 0 45 44 45 42 42 47 47 47 48 45 43 44 43 49 45 47 40 39 40 47 48 42 41 41 50 46 49 45 49 41 46 40 46 46 46 46 42 45 44 45 
36 44 44 42 46 42 40 47 45 44 48 52 48 50 42 46 44 45 45 49 48 40 40 43 46 48 49 45 42 45 41 41 50 47 44 43 45 0 39 48 48 50 45 49 45 51 41 44 39 40 47 49 45 43 46 44 55 51 41 47 52 40 45 42 45 45 49 49 44 47 39 40 39 47 43 45 43 
37 44 45 42 47 46 43 44 44 43 48 47 47 49 41 49 39 46 49 49 44 39 41 44 47 48 49 44 41 42 40 41 50 47 44 42 44 39 0 47 47 46 46 46 46 47 41 43 40 40 47 52 45 42 45 42 51 47 40 47 47 40 42 43 45 46 48 48 43 43 44 39 40 47 44 41 43 
38 42 47 45 44 43 50 44 41 46 42 39 39 41 44 41 49 45 42 45 42 48 47 48 47 46 43 41 47 47 49 45 41 47 45 42 45 48 47 0 41 42 49 49 48 43 44 42 47 46 46 44 44 43 40 44 44 48 45 39 42 49 49 47 50 50 39 44 46 44 53 53 49 40 46 50 43 
39 42 45 44 41 43 46 42 46 43 38 40 42 43 45 44 46 42 44 42 44 52 47 46 48 43 44 41 44 46 45 44 41 40 43 43 42 48 47 41 0 43 46 46 46 40 44 43 47 45 43 40 42 44 42 49 46 45 46 40 45 49 47 45 43 48 42 43 42 43 48 53 49 39 44 45 42 
40 40 43 46 40 42 45 41 41 42 39 41 43 39 44 47 45 41 43 42 44 47 45 44 43 42 41 40 47 44 44 43 42 39 42 46 42 50 46 42 43 0 44 45 44 39 43 42 45 48 42 41 40 42 42 45 43 44 45 40 45 48 46 43 42 46 43 48 41 41 47 48 47 40 42 43 41 
41 44 40 42 43 44 46 46 47 47 46 48 49 45 47 49 47 42 44 45 48 47 47 44 40 42 46 45 46 42 45 44 49 48 41 46 47 45 46 49 46 44 0 42 38 44 49 46 45 44 42 45 43 46 52 49 47 40 47 51 51 47 42 41 40 44 49 51 45 43 49 47 50 50 41 43 48 
42 44 40 42 43 48 45 42 47 47 46 48 49 45 47 49 46 42 44 49 52 51 43 40 40 43 47 45 46 41 45 43 49 45 41 46 47 49 46 49 46 45 42 0 42 44 48 46 44 44 42 45 43 46 48 52 48 40 47 47 51 47 42 41 41 39 53 51 45 43 48 47 46 47 40 46 44 
43 43 39 42 42 44 45 46 46 46 45 51 49 44 46 48 46 41 47 44 51 47 47 40 40 42 46 44 45 41 44 43 48 44 44 45 47 45 46 48 46 44 38 42 0 43 44 49 48 44 45 48 42 45 47 48 47 40 47 46 54 47 42 44 40 40 49 50 44 42 48 47 46 46 40 42 43 
44 41 42 42 38 46 46 45 43 44 40 42 45 40 46 45 46 40 40 40 45 48 45 44 42 40 41 41 44 44 45 43 43 39 41 43 48 51 47 43 40 39 44 44 43 0 48 47 46 45 40 43 40 44 48 46 42 43 46 42 47 49 46 43 41 46 44 46 42 42 47 49 48 41 46 44 42 
45 40 43 40 47 39 44 41 41 40 44 48 44 42 40 43 40 43 42 46 42 42 41 43 45 46 46 41 39 41 38 39 47 44 42 40 45 41 41 44 44 43 49 48 44 48 0 40 44 39 45 46 42 39 43 41 48 46 40 43 45 43 43 42 43 49 45 45 40 40 42 43 42 44 46 40 40 
46 44 44 45 43 39 42 41 39 42 47 42 42 45 40 41 42 43 41 46 40 43 43 45 45 46 49 40 39 43 44 41 45 43 43 38 43 44 43 42 43 42 46 46 49 47 40 0 43 42 45 45 42 39 40 41 47 46 41 42 47 49 45 47 48 47 47 43 39 40 45 44 44 42 43 42 40 
47 42 43 41 45 41 39 42 44 43 47 47 51 45 46 49 40 44 44 48 44 44 39 42 45 47 48 44 41 40 40 40 49 46 46 42 44 39 40 47 47 45 45 44 48 46 44 43 0 39 46 47 43 46 49 43 50 50 41 46 51 41 41 41 44 44 48 48 43 42 40 41 40 50 42 40 42 
48 41 42 40 44 40 39 41 43 42 46 46 46 44 41 45 44 43 43 47 43 41 39 42 44 46 47 42 40 40 43 39 52 45 46 41 43 40 40 46 45 48 44 44 44 45 39 42 39 0 45 46 42 41 44 46 49 45 41 45 46 46 41 41 43 44 47 47 42 40 41 46 41 49 42 39 41 
49 43 41 42 44 44 46 42 45 46 42 45 47 42 51 47 47 39 42 45 47 52 45 43 40 39 42 47 46 47 45 44 45 41 41 45 49 47 47 46 43 42 42 42 45 40 45 45 46 45 0 41 41 45 46 48 44 44 47 44 49 49 45 42 40 44 47 52 44 42 47 49 48 43 41 44 43 
50 43 44 44 40 48 51 43 44 45 40 42 49 45 47 46 48 41 42 39 46 50 47 49 43 40 39 43 46 46 46 45 42 39 43 45 45 49 52 44 40 41 45 45 48 43 46 45 47 46 41 0 42 49 45 51 44 44 52 42 48 51 47 45 42 47 44 49 44 44 49 50 50 41 44 46 43 
51 40 41 40 40 41 44 39 42 42 41 43 44 40 44 44 44 39 39 42 44 46 43 42 42 42 43 40 42 42 42 41 48 40 40 42 47 45 45 44 42 40 43 43 42 40 42 42 43 42 41 42 0 42 43 45 44 42 48 42 46 50 44 41 40 44 44 49 44 40 45 46 46 42 40 45 40 
52 40 44 45 44 43 41 42 40 39 44 43 43 42 39 41 41 44 42 46 40 46 46 48 46 46 46 40 42 43 40 41 46 44 47 38 40 43 42 43 44 42 46 46 45 44 39 39 46 41 45 49 42 0 41 40 47 47 40 42 43 44 48 43 44 51 44 44 39 41 44 44 44 47 43 42 40 
53 42 46 44 44 42 44 43 39 44 43 41 39 41 42 39 44 45 42 46 40 46 46 47 47 47 45 41 42 46 43 44 43 44 45 41 39 46 45 40 42 42 52 48 47 48 43 40 49 44 46 45 43 41 0 41 46 48 43 44 41 51 47 46 46 49 40 40 41 47 47 47 47 41 46 45 42 
54 43 46 44 46 42 42 44 41 40 46 44 46 44 39 41 41 50 44 48 39 43 44 50 48 49 48 42 40 49 42 43 51 46 49 41 40 44 42 44 49 45 49 52 48 46 41 41 43 46 48 51 45 40 41 0 53 53 40 44 46 44 46 45 46 49 44 44 42 43 45 44 48 48 46 44 43 
55 45 50 47 43 47 50 45 46 47 41 43 46 43 49 47 54 44 44 40 48 52 53 48 49 43 39 45 48 48 49 48 42 41 46 47 47 55 51 44 46 43 47 48 47 42 48 47 50 49 44 44 44 47 46 53 0 50 50 43 49 53 50 51 45 49 45 46 49 46 52 53 52 42 50 48 46 
56 44 41 43 42 49 47 43 51 47 45 47 49 45 48 49 48 45 44 47 49 49 45 42 42 45 45 45 50 43 50 44 48 47 41 46 48 51 47 48 45 44 40 40 40 43 46 46 50 45 44 44 42 47 48 53 50 0 48 46 51 49 48 42 40 42 53 54 45 47 46 49 48 46 42 44 48 
57 43 46 43 46 42 40 44 43 41 47 46 45 45 39 43 38 46 44 49 45 40 46 49 47 49 52 43 40 43 44 42 48 51 45 41 42 41 40 45 46 45 47 47 47 46 40 41 41 41 47 52 48 40 43 40 50 48 0 45 44 46 44 44 46 47 50 46 46 43 43 41 42 46 45 46 42 
58 45 45 44 42 42 45 42 40 42 40 43 40 43 44 42 49 43 41 43 42 47 46 47 46 44 42 40 43 46 44 44 41 41 44 42 41 47 47 39 40 40 51 47 46 42 43 42 46 45 44 42 42 42 44 44 43 46 45 0 47 49 47 45 44 49 40 41 45 43 48 48 52 39 45 45 42 
59 45 49 47 47 45 50 46 46 46 46 43 44 44 43 40 49 48 45 53 41 51 52 50 50 53 47 44 44 48 49 46 45 47 48 43 41 52 47 42 45 45 51 51 54 47 45 47 51 46 49 48 46 43 41 46 49 51 44 47 0 49 50 48 49 52 41 40 48 46 53 48 49 44 48 47 45 
60 46 46 44 48 44 41 46 46 45 50 50 49 48 43 47 41 47 47 51 46 40 42 45 48 50 55 46 47 47 42 43 52 49 50 45 50 40 40 49 49 48 47 47 47 49 43 49 41 46 49 51 50 44 51 44 53 49 46 49 49 0 43 44 47 47 50 50 45 45 40 38 39 49 45 43 45 
61 44 42 41 45 43 46 47 46 46 51 49 53 46 45 48 43 44 45 48 47 43 40 40 44 46 49 45 44 40 42 42 50 47 42 48 46 45 42 49 47 46 42 42 42 46 43 45 41 41 45 47 44 48 47 46 50 48 44 47 50 43 0 40 43 42 53 54 44 43 40 43 42 47 41 40 43 
62 42 39 43 42 42 42 40 48 44 45 50 47 43 44 46 44 41 42 45 45 44 44 39 45 44 46 43 43 39 42 40 48 44 39 43 49 42 43 47 45 43 41 41 44 43 42 47 41 41 42 45 41 43 46 45 51 42 44 45 48 44 40 0 44 42 47 48 42 40 42 44 44 45 42 43 41 
63 42 43 41 40 46 48 44 44 45 43 45 47 42 45 47 45 39 41 43 46 50 43 41 39 41 44 46 44 41 44 42 46 42 39 43 45 45 45 50 43 42 40 41 40 41 43 48 44 43 40 42 40 44 46 46 45 40 46 44 49 47 43 44 0 46 47 48 46 45 45 47 46 44 39 42 42 
64 46 45 43 45 45 49 44 48 48 48 49 55 51 48 50 47 43 45 51 49 47 43 40 42 45 48 46 50 42 45 44 51 46 42 47 49 45 46 50 48 46 44 39 40 46 49 47 44 44 44 47 44 51 49 49 49 42 47 49 52 47 42 42 46 0 51 52 46 44 44 47 46 48 42 43 45 
65 43 51 46 45 44 51 45 41 42 42 40 39 42 48 41 46 46 43 46 46 48 48 49 52 47 44 42 48 48 49 46 41 44 46 43 41 49 48 39 42 43 49 53 49 44 45 47 48 47 47 44 44 44 40 44 45 53 50 40 41 50 53 47 47 51 0 39 43 45 50 49 49 41 47 47 44 
66 48 49 47 46 45 47 46 42 43 44 45 39 43 44 40 46 47 48 47 42 52 49 50 49 48 45 43 48 52 46 46 42 49 47 44 46 49 48 44 43 48 51 51 50 46 45 43 48 47 52 49 49 44 40 44 46 54 46 41 40 50 54 48 48 52 39 0 44 49 50 49 54 42 48 47 45 
67 39 43 41 46 39 42 40 39 40 42 42 42 40 41 42 46 42 40 48 41 44 43 44 44 45 44 39 40 43 41 41 44 42 46 39 40 44 43 46 42 41 45 45 44 42 40 39 43 42 44 44 44 39 41 42 49 45 46 45 48 45 44 42 46 46 43 44 0 40 45 45 45 45 42 42 39 
68 39 41 39 41 43 45 39 41 41 43 48 44 41 46 44 42 41 44 44 43 44 41 42 43 44 44 40 45 41 40 39 46 46 40 40 46 47 43 44 43 41 43 43 42 42 40 40 42 40 42 44 40 41 47 43 46 47 43 43 46 45 43 40 45 44 45 49 40 0 47 44 44 43 40 40 38 
69 44 44 46 51 47 44 44 46 49 49 49 49 47 48 47 42 49 46 50 46 41 40 42 46 48 50 45 47 45 42 42 55 48 44 44 46 39 44 53 48 47 49 48 48 47 42 45 40 41 47 49 45 44 47 45 52 46 43 48 53 40 40 42 45 44 50 50 45 47 0 41 39 48 43 41 44 
70 49 46 44 48 44 41 45 46 45 53 49 48 47 43 47 41 47 46 55 45 39 42 45 48 50 51 46 47 44 42 43 51 49 46 44 46 40 39 53 53 48 47 47 47 49 43 44 41 46 49 50 46 44 47 44 53 49 41 48 48 38 43 44 47 47 49 49 45 44 41 0 43 49 49 43 45 
71 45 49 43 48 44 40 45 50 45 53 49 49 47 43 47 45 50 46 51 46 40 41 44 47 49 55 46 43 42 42 42 55 49 45 44 46 39 40 49 49 47 50 46 46 48 42 44 40 41 48 50 46 44 47 48 52 48 42 52 49 39 42 44 46 46 49 54 45 44 39 43 0 52 48 42 44 
72 41 45 44 41 46 49 42 41 42 39 39 41 43 44 46 46 43 41 42 43 48 46 46 45 44 41 40 47 46 45 44 41 40 44 42 42 47 47 40 39 40 50 47 46 41 44 42 50 49 43 41 42 47 41 48 42 46 46 39 44 49 47 45 44 48 41 42 45 43 48 49 52 0 44 49 42 
73 41 39 39 42 42 43 40 44 44 44 46 47 43 44 50 44 40 41 48 45 45 41 40 41 43 49 46 43 40 42 41 47 43 39 43 45 43 44 46 44 42 41 40 40 46 46 43 42 42 41 44 40 43 46 46 50 42 45 45 48 45 41 42 39 42 47 48 42 40 43 49 48 44 0 40 41 
74 41 41 39 43 40 40 40 43 43 45 46 46 43 46 46 42 42 42 46 44 46 39 40 43 49 47 42 41 43 40 39 48 44 44 42 44 45 41 50 45 43 43 46 42 44 40 42 40 39 44 46 45 42 45 44 48 44 46 45 47 43 40 43 42 43 47 47 42 40 41 43 42 49 40 0 45 
75 38 42 40 45 39 42 39 44 41 46 43 43 40 46 43 46 41 43 44 46 48 42 43 43 44 44 39 40 45 41 40 45 42 41 40 45 43 43 43 42 41 48 44 43 42 40 40 42 41 43 43 40 40 42 43 46 48 42 42 45 45 43 41 42 45 44 45 39 38 44 45 44 42 41 45 0 

;param d[*,*]
: 0 1 2 3 4 5 6 7 8 9 10 11 12 13 14 15 16 17 18 19 20 21 22 23 24 25 26 27 28 29 30 31 32 33 34 35 36 37 38 39 40 41 42 43 44 45 46 47 48 49 50 51 52 53 54 55 56 57 58 59 60 61 62 63 64 65 66 67 68 69 70 71 72 73 74 75:=
0 0.0 0 0 0 0.12 0 0 0 0.92 0 1.02 0 0.2 1.36 0 1.66 0 0.49 0 0 0 1.66 1.17 0 0 3.11 0 0.63 1.48 0 0 2.28 0.37 1.05 0.17 1.11 2.03 1.97 1.02 0 0.55 1.41 3.39 0.52 0 0 0 0 0.78 0 0.48 0 0 1.36 1.06 1.64 0 1.09 0 0 0 2.09 1.36 1.36 2.65 0 0 0.08 0 0 0 2.4 1.23 0.33 0 0 
1 0 0.0 0.23 2.16 0.43 0.55 0.63 0 3.76 0.62 0.78 0 1.91 0 0 0.67 0 0 0.6 4.42 0.73 0 0 0.74 0.98 5.32 2.82 0.58 0.23 0 0 0.9 0.52 0.75 3.11 0 3.2 3.58 1.96 0 2.73 0.43 0.17 0.56 2.45 0 2.16 2.63 1.02 1.69 2.09 1.11 3.29 0.8 0.8 0 0 0.72 1.64 2.46 4.23 0.35 0.49 0 0 0 1.02 2.82 0.32 0 0 0 2.46 0.31 1.69 1.42 
2 0 0.23 0.0 0 0.74 0 0 1.66 0 2.09 0 0.72 1.54 0 0.67 1.02 1.11 0.3 0.67 0.57 1.97 0 1.51 0.42 2.03 0.7 0 1.23 0.39 0.63 0 1.96 0 0.62 0.32 1.85 0 0 2.53 0 0 0.42 1.48 0 1.02 0.86 0 0.66 0.22 0.43 0.6 0 0 0 1.33 1.99 1.85 1.79 0.57 3.08 0.58 0.78 0 0.27 1.79 2.83 3.08 1.11 0 0 1.33 1.91 1.33 0.15 0 0 
3 0 2.16 0 0.0 0 0 0 0 4.31 0.55 2.63 1.52 0.92 0.7 0 4.33 0.15 0.74 2.03 2.53 2.11 0 0 0 0 0 1.23 4.43 3.01 3.39 0 1.97 0.49 0.63 2.73 2.09 6.08 1.92 0.55 0 0 0.48 1.91 2.45 0.28 0 1.17 2.53 0.6 0 1.52 0.17 4.18 0.6 5.83 2.54 0.98 1.84 0.94 2.03 3.63 3.86 2.45 0 0 0.63 0 0 0.33 0 5.46 2.15 0.33 0 1.91 0 
4 0.12 0.43 0.74 0 0.0 0 0 0.92 0 1.17 0 0 1.11 0 1.06 0 0.94 0.25 5.19 0 1.79 0.37 2.73 0 0 1.56 0.68 0.62 1.29 0.68 0 5.45 0 0 0.43 0 0 0 1.91 1.79 0.82 3.48 0 1.29 0 0 0 0.33 0.55 0.55 0 0.99 0 0.4 0 0.82 0 0.35 0.98 2.34 2.22 0 0.82 0 3.95 2.16 0 0 0 0 2.09 0 0 0 0 0.2 
5 0 0.55 0 0 0 0.0 1.6 1.85 2.35 4.52 6.08 0.75 4.56 0.63 1.45 0.13 4.69 0 0.97 0.47 1.52 1.65 2.73 2.71 3.26 0.97 0.48 0.23 1.88 0.56 0.8 2.35 4.33 3.8 1.23 0.5 0.94 0 0 0.78 4.94 2.65 3.76 1.52 1.72 0 0.37 0.12 0.89 1.8 0 0 0.7 1.45 3.04 4.13 6.21 1.52 3.95 0 1.11 0 1.54 0 0 0 6.59 0 0 0 0.63 0.25 0 0.47 0.25 1.36 
6 0 0.63 0 0 0 1.6 0.0 0 0.4 0.98 1.97 0 0.66 0 2.28 0 0 0.17 1.97 0.53 0 0 0 1.36 0 0.57 0 0 0 1.23 0.74 0 0 0.49 0.3 0 0 2.03 0 0.43 0.27 0 2.45 0 0 0.28 0 1.54 1.17 1.29 3.55 0.37 0 0.52 0 1.64 1.72 0.53 0 0 0 0 0.23 0 2.09 2.4 2.71 0 0.2 0 0 2.34 0 0.18 0 0.12 
7 0 0 1.66 0 0.92 1.85 0 0.0 0.89 3.17 1.11 0.92 0.25 0.74 0 3.55 0 0.3 0 0 4.94 3.48 4.14 2.71 0 0.58 0 1.51 3.48 0.94 1.54 0 2.63 1.21 0.17 0.47 5.07 4.56 0.63 0 2.53 0.83 0 0 3.67 0 0.13 4.43 2.73 1.52 2.16 1.42 1.13 0.49 2.41 2.71 0 3.42 0 0 6.08 0.77 0 0 5.36 1.88 2.16 0 0.33 5.83 2.71 0 2.28 1.33 3.93 0 
8 0.92 3.76 0 4.31 0 2.35 0.4 0.89 0.0 1.97 0 0 1.23 0.47 0.51 0 0 0 1.84 0.66 0 0.55 1.68 2.9 0 3.95 0.55 0 0 0 1.36 0.65 4.18 0.55 0.66 0.47 1.37 1.17 0 3.67 1.54 0.85 1.96 1.8 1.33 0.59 0 3.8 3.17 0 2.53 1.6 0.89 0 0.74 1.99 3.2 1.23 0 0 5.19 0.72 2.16 1.49 2.19 1.54 0.45 0.17 0.78 0 4.81 1.56 0.98 1.37 0.48 0.28 
9 0 0.62 2.09 0.55 1.17 4.52 0.98 3.17 1.97 0.0 0.25 0.48 0 0 3.39 3.08 0.9 0.99 0.66 4.69 2.35 0.82 4.33 0 0 0.39 1.17 0 0.72 3.95 0 2.15 0.66 1.17 1.85 0.5 2.19 6.97 2.07 0.38 0.85 2.71 0 0.68 1.13 2.28 0 0 1.68 1.54 0.68 0.33 0.58 1.79 0.73 0.74 0 1.96 0.23 4.14 2.58 0 1.52 1.13 0.92 2.45 1.29 1.54 1.09 2.35 0 0 0.85 2.16 2.53 0 
10 1.02 0.78 0 2.63 0 6.08 1.97 1.11 0 0.25 0.0 0 1.41 0 0.38 2.9 0.58 0 1.97 2.63 3.57 2.07 5.08 4.42 3.76 1.42 0 0.58 4.71 2.53 1.56 0.51 2.07 2.4 0.45 0.35 0 5.08 0.66 1.04 0 2.19 2.23 0 1.02 0 0 0.85 0 0 1.6 1.79 1.91 1.6 2.22 1.17 4.99 5.83 0 0.5 4.07 3.7 0 3.86 0 0.94 0 0 0 5.83 7.98 7.98 0.43 4.05 1.8 1.13 
11 0 0 0.72 1.52 0 0.75 0 0.92 0 0.48 0 0.0 0.4 0.5 0.17 0 4.14 0 5.83 1.11 6.59 0 5.55 2.23 0 1.49 0 0.52 3.2 0 2.46 1.6 2.16 4.33 2.35 1.41 0.92 1.96 0.13 1.54 1.13 1.07 1.07 2.35 2.34 2.16 0.38 0 0 3.08 0 2.22 1.06 0 0 4.23 3.88 4.94 0.25 0 5.74 0 0.85 0.82 0 0.43 0.27 0 2.22 5.74 7.35 5.65 0.33 4.61 0.78 0.52 
12 0.2 1.91 1.54 0.92 1.11 4.56 0.66 0.25 1.23 0 1.41 0.4 0.0 0 1.66 3.58 0.78 0.12 3.29 1.66 0.8 2.4 0 0 1.79 2.79 0.12 3.29 0 2.82 0 0.98 0.22 0.38 1.69 1.23 0 0 0.74 0 0 2.53 2.59 3.48 0.23 0.42 0 3.67 0 0 0 0.22 0.38 1.88 4.18 3.93 0 3.58 0 2.28 3.39 0.75 0 0.98 0 0.4 1.17 0.22 0 4.61 2.07 6.46 0 1.72 1.21 0.55 
13 1.36 0 0 0.7 0 0.63 0 0.74 0.47 0 0 0.5 0 0.0 2.07 1.39 2.53 0 3.51 1.22 1.29 1.72 1.64 0 0 3.26 1.42 0.89 3.11 0 0 6.46 0.72 0 0.51 0.63 1.6 1.88 1.33 0.67 4.43 2.07 0.85 2.96 4.05 0.51 0.22 0 1.79 0 3.14 0 0.13 0 0.89 7.86 3.45 0.13 0 2.82 0.52 4.81 2.16 2.59 0 0 3.48 1.11 0 0 3.42 0.5 3.39 1.41 0 0 
14 0 0 0.67 0 1.06 1.45 2.28 0 0.51 3.39 0.38 0.17 1.66 2.07 0.0 4.18 2.83 0 6.72 0 1.68 4.42 5.27 0.97 3.45 0 0 0 3.02 0 0 4.56 2.46 4.23 1.88 0.55 5.95 0 0 0.53 0 1.07 3.88 3.63 2.53 1.79 1.69 0 0.63 0 2.9 0 0.78 0.27 1.51 2.07 1.07 2.82 2.07 0 4.99 5.36 0.8 0.82 4.31 0.28 1.41 0 0 3.33 3.02 0.87 0 0 1.68 1.79 
15 1.66 0.67 1.02 4.33 0 0.13 0 3.55 0 3.08 2.9 0 3.58 1.39 4.18 0.0 1.64 0 3.76 0 1.27 0.35 0.62 3.14 3.57 0 1.85 0 1.09 0.17 1.17 1.0 6.21 2.22 2.53 3.29 0 0.35 0 4.52 1.6 4.71 2.96 4.33 4.42 0.8 1.98 1.9 0 4.8 7.1 0.6 0.99 1.29 0.28 0 0.94 0.51 0 0 1.88 3.93 1.97 1.64 0 4.42 1.88 0 0 0.38 2.03 0 1.76 2.16 0.37 0 
16 0 0 1.11 0.15 0.94 4.69 0 0 0 0.9 0.58 4.14 0.78 2.53 2.83 1.64 0.0 0.86 2.16 2.59 0 1.97 0.38 0 0 2.63 0 2.09 0 0 1.48 3.86 0.66 0.31 1.79 1.41 2.59 2.71 2.4 0 0 0 0.37 1.6 0 1.13 0.5 0 1.85 0.15 2.53 0.31 2.03 2.4 0 2.16 0 4.14 1.85 0 3.26 0 0.3 0.1 1.21 1.72 4.71 1.48 0 0 3.26 0 1.66 0.8 0.4 0.32 
17 0.49 0 0.3 0.74 0.25 0 0.17 0.3 0 0.99 0 0 0.12 0 0 0 0.86 0.0 3.29 0 0 0 1.91 0 1.6 3.17 0 0 0.47 0 0 1.97 0 0 0 1.36 0 0 1.6 0 0 0.57 3.2 0 0 0 0.7 0.55 0 0.82 2.66 0 0.35 0.98 1.33 2.09 2.03 0 0.28 0 0.83 0 0.94 1.17 2.59 0.52 0 0 0 0 0 2.83 0.27 0.33 0 0 
18 0 0.6 0.67 2.03 5.19 0.97 1.97 0 1.84 0.66 1.97 5.83 3.29 3.51 6.72 3.76 2.16 3.29 0.0 4.99 8.87 0 0 3.55 1.22 0 0 0 4.42 4.89 5.7 3.67 0 1.91 2.71 1.8 6.02 1.09 1.52 0.35 1.98 4.94 0 0.62 1.77 6.08 0.73 5.36 2.03 0 0.37 2.45 1.88 2.83 7.48 0.55 0 7.98 1.91 0 9.5 3.45 2.53 3.55 0 5.45 1.96 0 1.45 8.36 0 2.78 0.43 0 5.95 4.56 
19 0 4.42 0.57 2.53 0 0.47 0.53 0 0.66 4.69 2.63 1.11 1.66 1.22 0 0 2.59 0 4.99 0.0 1.33 3.67 0 0 3.39 2.9 0.35 1.9 0.68 1.48 0 0 0.67 0.67 0.23 0 0 0.55 1.42 1.33 3.01 0 0 0 5.19 0 0.47 3.29 2.82 0 0.78 0 0.2 0.68 0.49 3.45 3.7 0 2.35 0.28 2.71 3.02 0 1.76 0 0 2.26 1.11 0 2.77 0.67 4.05 1.79 0.7 2.16 0 
20 0 0.73 1.97 2.11 1.79 1.52 0 4.94 0 2.35 3.57 6.59 0.8 1.29 1.68 1.27 0 0 8.87 1.33 0.0 2.07 0 7.1 2.54 8.87 2.46 2.79 2.92 1.11 0 4.37 7.35 2.59 2.82 0 0.2 0.56 5.18 0 4.71 2.11 0 4.71 2.19 0 1.91 0 0.74 0 2.58 0 0 5.57 1.06 4.87 1.02 1.22 0.87 0 0.94 3.93 2.22 0 1.99 3.57 0 0.58 0 0.7 0.76 1.39 3.39 3.76 0 0 
21 1.66 0 0 0 0.37 1.65 0 3.48 0.55 0.82 2.07 0 2.4 1.72 4.42 0.35 1.97 0 0 3.67 2.07 0.0 0.3 0 0 3.51 1.29 2.16 0 0 0 1.07 0 1.48 3.42 4.81 0.39 0.27 4.99 4.61 0 0 0 0 0.68 0 2.73 0.1 0.13 0 3.14 1.85 0 1.76 0.6 0 2.4 0 2.9 0 0.35 0 0 1.79 0 0.95 3.7 0 0.78 0 2.07 2.15 0.78 0 0.31 0.94 
22 1.17 0 1.51 0 2.73 2.73 0 4.14 1.68 4.33 5.08 5.55 0 1.64 5.27 0.62 0.38 1.91 0 0 0 0.3 0.0 1.98 0 0 0 3.29 0 1.13 1.98 3.88 2.46 0.27 2.22 0.78 0.47 2.09 0 0.78 2.28 0 0.43 0.43 0.58 1.13 0.63 1.48 2.16 0 0 1.6 0 2.03 0 2.31 2.16 0 0.82 4.13 3.67 1.13 0 1.69 0.8 5.74 1.1 0.57 0 0.42 0 2.03 1.84 0 0 2.54 
23 0 0.74 0.42 0 0 2.71 1.36 2.71 2.9 0 4.42 2.23 0 0 0.97 3.14 0 0 3.55 0 7.1 0 1.98 0.0 0 2.22 0 2.71 0 2.53 1.97 6.59 0.45 0 1.56 3.02 1.8 1.96 2.03 0 0 0.68 0.86 0.39 0.86 2.4 2.59 2.53 1.45 0.62 2.63 1.29 1.72 4.89 0 0 0 0.9 4.05 2.7 3.57 0 0 0.55 2.16 0 3.88 0 1.66 2.77 5.46 6.72 0.67 0 0 0.5 
24 0 0.98 2.03 0 0 3.26 0 0 0 0 3.76 0 1.79 0 3.45 3.57 0 1.6 1.22 3.39 2.54 0 0 0 0.0 0.38 0.57 2.96 2.34 0 0 1.56 0 0 0 2.96 3.51 3.63 4.33 0.47 0.94 0.43 1.85 1.54 0 0.73 2.71 1.99 0 0.43 1.9 0.37 2.9 0.83 0 1.06 0 3.7 0.62 0 2.7 0 1.25 1.11 3.58 0.83 0.95 0.63 0 0 2.66 6.02 1.97 0.45 0 0.55 
25 3.11 5.32 0.7 0 1.56 0.97 0.57 0.58 3.95 0.39 1.42 1.49 2.79 3.26 0 0 2.63 3.17 0 2.9 8.87 3.51 0 2.22 0.38 0.0 0 0.8 0.85 6.46 0 1.11 0.47 2.22 5.07 2.46 2.54 8.24 1.17 0 2.41 2.9 0.83 0.75 0.63 1.84 0 0.99 6.72 3.29 0.13 2.54 5.7 2.34 3.39 0.85 3.76 0 2.16 2.07 0 2.39 5.7 4.31 7.48 2.03 5.07 1.37 3.48 6.4 4.56 0 1.69 0 4.61 4.43 
26 0 2.82 0 1.23 0.68 0.48 0 0 0.55 1.17 0 0 0.12 1.42 0 1.85 0 0 0 0.35 2.46 1.29 0 0 0.57 0 0.0 0 1.85 0.86 1.23 1.21 0 0.37 0 0.55 0 1.41 0.78 0.66 0.68 0.68 1.6 3.39 1.23 1.11 0.17 1.97 0.42 0 3.42 0 0.25 0.66 1.6 1.52 2.46 1.85 0.86 0 0.78 0 1.09 0 2.96 0.98 0.5 0.2 0.8 2.59 0.75 2.71 0 0 0 0.55 
27 0.63 0.58 1.23 4.43 0.62 0.23 0 1.51 0 0 0.58 0.52 3.29 0.89 0 0 2.09 0 0 1.9 2.79 2.16 3.29 2.71 2.96 0.8 0 0.0 3.29 1.01 0 6.08 1.49 0 0.89 0.99 3.04 2.41 0 3.39 0 0 0 0.68 2.22 0.37 0.49 2.41 1.32 0.72 1.76 0 0 2.16 1.22 3.51 0 0.2 1.17 0.55 0 1.29 1.72 2.16 0 0 0 0.74 0 0 0 1.13 0 0.48 1.23 0.25 
28 1.48 0.23 0.39 3.01 1.29 1.88 0 3.48 0 0.72 4.71 3.2 0 3.11 3.02 1.09 0 0.47 4.42 0.68 2.92 0 0 0 2.34 0.85 1.85 3.29 0.0 0.74 0.2 7.6 0 0 0.47 3.67 0 0.42 0.85 0.73 0 0 0 0.32 3.2 0.78 3.8 0.25 0.51 0 4.14 1.42 3.67 0.75 0 0.99 1.85 3.93 0.73 0 0 0.62 0.1 0 0 2.19 0 1.66 1.05 0 1.97 0.43 1.72 0.68 0 0 
29 0 0 0.63 3.39 0.68 0.56 1.23 0.94 0 3.95 2.53 0 2.82 0 0 0.17 0 0 4.89 1.48 1.11 0 1.13 2.53 0 6.46 0.86 1.01 0.74 0.0 0.35 0 1.56 0 1.32 3.04 0.27 0.22 0 0 1.25 2.53 0.63 2.22 0 0.25 0 0.43 0 1.6 4.42 1.02 1.52 0.52 1.98 7.6 0 0 0.6 0 2.35 0 1.36 0.53 1.64 0 1.8 0 0.59 0.86 0.86 2.07 2.34 0.98 0 0.99 
30 0 0 0 0 0 0.8 0.74 1.54 1.36 0 1.56 2.46 0 0 0 1.17 1.48 0 5.7 0 0 0 1.98 1.97 0 0 1.23 0 0.2 0.35 0.0 0 1.33 0 0.59 1.02 0.74 0.33 0.67 1.41 0 0 1.17 0 1.21 0 0 0.22 0.27 0 2.53 0 0.27 0.55 0.47 2.15 1.45 0.86 1.33 2.83 0 0 0.55 1.42 3.29 0.73 2.96 0.27 0.49 0.38 0 1.6 2.09 0.63 0.23 0.68 
31 2.28 0.9 1.96 1.97 5.45 2.35 0 0 0.65 2.15 0.51 1.6 0.98 6.46 4.56 1.0 3.86 1.97 3.67 0 4.37 1.07 3.88 6.59 1.56 1.11 1.21 6.08 7.6 0 0 0.0 1.48 4.42 0.67 3.29 2.7 1.12 1.69 0.27 3.29 3.76 2.5 5.46 1.13 1.92 0.65 5.93 0 0.7 1.54 0 4.14 3.8 0 2.66 5.27 3.63 0.3 2.46 1.32 8.87 0.94 5.95 6.78 1.17 3.29 2.22 5.45 0 4.68 0 2.03 3.2 0.94 5.07 
32 0.37 0.52 0 0.49 0 4.33 0 2.63 4.18 0.66 2.07 2.16 0.22 0.72 2.46 6.21 0.66 0 0 0.67 7.35 0 2.46 0.45 0 0.47 0 1.49 0 1.56 1.33 1.48 0.0 0 1.85 0 0.89 2.07 0 0.94 0.49 0 0.65 3.2 0.2 0 3.93 4.42 3.86 0 0.12 0 2.16 1.29 4.33 1.23 0 0 0.74 0.82 8.11 1.92 3.11 1.42 2.96 1.25 0 1.54 0 3.45 2.42 3.7 0.55 0.48 0.62 0.4 
33 1.05 0.75 0.62 0.63 0 3.8 0.49 1.21 0.55 1.17 2.4 4.33 0.38 0 4.23 2.22 0.31 0 1.91 0.67 2.59 1.48 0.27 0 0 2.22 0.37 0 0 0 0 4.42 0 0.0 0 0 4.18 4.56 0 0.52 1.29 1.69 1.69 0 0 0.94 0 0 0 0 3.67 0 0 2.46 0 0.73 1.23 3.67 0.57 5.27 0 0 0.35 0.1 2.45 1.84 0.89 0 0.47 0 2.77 5.07 0.53 0.47 0 0 
34 0.17 3.11 0.32 2.73 0.43 1.23 0.3 0.17 0.66 1.85 0.45 2.35 1.69 0.51 1.88 2.53 1.79 0 2.71 0.23 2.82 3.42 2.22 1.56 0 5.07 0 0.89 0.47 1.32 0.59 0.67 1.85 0 0.0 0.43 1.17 0.43 1.6 2.63 0 1.72 2.65 2.4 1.85 0.17 0.19 3.17 1.79 2.34 4.81 0.82 0.07 1.6 0.28 3.08 0 0.74 0.37 0 4.81 0 2.63 1.21 4.61 1.85 3.01 0.31 0.8 1.41 3.29 4.56 2.35 1.09 2.79 0.39 
35 1.11 0 1.85 2.09 0 0.5 0 0.47 0.47 0.5 0.35 1.41 1.23 0.63 0.55 3.29 1.41 1.36 1.8 0 0 4.81 0.78 3.02 2.96 2.46 0.55 0.99 3.67 3.04 1.02 3.29 0 0 0.43 0.0 3.76 2.16 0 3.29 2.35 3.33 0.89 4.61 0 0 0 1.37 1.79 0 2.46 0 0.47 0.27 1.9 4.61 0 1.54 0 1.23 0 1.84 0 0 0 0 0 0 0 0.77 0.72 0.75 1.36 0.63 4.18 0 
36 2.03 3.2 0 6.08 0 0.94 0 5.07 1.37 2.19 0 0.92 0 1.6 5.95 0 2.59 0 6.02 0 0.2 0.39 0.47 1.8 3.51 2.54 0 3.04 0 0.27 0.74 2.7 0.89 4.18 1.17 3.76 0.0 0.27 7.1 5.18 0 0.7 0 2.4 0 1.23 0.53 0.76 1.52 6.33 2.35 1.49 1.09 2.9 3.11 0 0 1.88 6.46 0 1.39 0 1.6 4.94 0 1.0 3.82 0 0 0.89 0.74 0.43 3.26 2.82 0 1.17 
37 1.97 3.58 0 1.92 0 0 2.03 4.56 1.17 6.97 5.08 1.96 0 1.88 0 0.35 2.71 0 1.09 0.55 0.56 0.27 2.09 1.96 3.63 8.24 1.41 2.41 0.42 0.22 0.33 1.12 2.07 4.56 0.43 2.16 0.27 0.0 6.59 2.11 2.83 0.8 0 0 4.8 0.7 2.63 0.17 1.65 6.72 0 0 2.16 0.7 3.29 2.89 5.08 0.8 1.92 3.08 1.39 1.54 2.82 5.32 0 6.97 3.51 0 1.72 0 0.35 1.27 3.14 3.2 2.53 0 
38 1.02 1.96 2.53 0.55 1.91 0 0 0.63 0 2.07 0.66 0.13 0.74 1.33 0 0 2.4 1.6 1.52 1.42 5.18 4.99 0 2.03 4.33 1.17 0.78 0 0.85 0 0.67 1.69 0 0 1.6 0 7.1 6.59 0.0 0.3 2.16 0 5.74 5.27 1.91 2.22 0.4 1.99 0 4.14 3.11 1.97 1.09 1.13 0.53 0.62 0 5.32 0 0 6.02 0 4.61 0 1.14 0 0 0 1.33 0 0 7.86 1.22 0 0 0 
39 0 0 0 0 1.79 0.78 0.43 0 3.67 0.38 1.04 1.54 0 0.67 0.53 4.52 0 0 0.35 1.33 0 4.61 0.78 0 0.47 0 0.66 3.39 0.73 0 1.41 0.27 0.94 0.52 2.63 3.29 5.18 2.11 0.3 0.0 0 1.8 4.52 0 0.92 2.22 1.06 0 3.95 0 1.9 0.82 4.05 0.98 0 0 0 6.08 0.39 2.46 6.12 0.9 2.46 0.52 2.23 0.86 2.73 0 0 3.63 0 1.04 0.31 0.6 2.53 0.42 
40 0.55 2.73 0 0 0.82 4.94 0.27 2.53 1.54 0.85 0 1.13 0 4.43 0 1.6 0 0 1.98 3.01 4.71 0 2.28 0 0.94 2.41 0.68 0 0 1.25 0 3.29 0.49 1.29 0 2.35 0 2.83 2.16 0 0.0 3.48 0.65 1.33 0.15 1.09 2.79 2.46 0 1.29 2.03 0.68 0.43 0 0.63 0.47 2.09 2.53 0.55 3.95 3.51 0 0 0 1.84 0 0 1.05 1.11 3.08 6.97 3.26 0.43 1.6 1.21 0.27 
41 1.41 0.43 0.42 0.48 3.48 2.65 0 0.83 0.85 2.71 2.19 1.07 2.53 2.07 1.07 4.71 0 0.57 4.94 0 2.11 0 0 0.68 0.43 2.9 0.68 0 0 2.53 0 3.76 0 1.69 1.72 3.33 0.7 0.8 0 1.8 3.48 0.0 0 0.07 1.25 0 0 3.58 2.22 0.35 2.4 1.06 1.8 0 3.7 3.26 0 0.89 0 0 4.99 0.43 0.7 1.41 0 2.54 0 1.6 1.17 0 2.11 0 0 0.63 1.09 0 
42 3.39 0.17 1.48 1.91 0 3.76 2.45 0 1.96 0 2.23 1.07 2.59 0.85 3.88 2.96 0.37 3.2 0 0 0 0 0.43 0.86 1.85 0.83 1.6 0 0 0.63 1.17 2.5 0.65 1.69 2.65 0.89 0 0 5.74 4.52 0.65 0 0.0 0 0 0 4.23 1.37 3.11 2.26 0.7 2.63 4.23 0 0 3.45 0.23 4.8 4.89 1.24 4.71 0.86 0.63 1.51 0.35 0 4.37 2.53 1.13 0 4.8 4.14 0.83 0.92 0 2.03 
43 0.52 0.56 0 2.45 1.29 1.52 0 0 1.8 0.68 0 2.35 3.48 2.96 3.63 4.33 1.6 0 0.62 0 4.71 0 0.43 0.39 1.54 0.75 3.39 0.68 0.32 2.22 0 5.46 3.2 0 2.4 4.61 2.4 0 5.27 0 1.33 0.07 0 0.0 0.48 3.29 0 0 3.01 0 0 2.16 0 2.11 0.92 6.46 0.43 0 4.42 0 4.71 0 0 0.18 0.23 0 2.62 1.45 2.45 0 0 1.76 4.23 0.47 0 2.82 
44 0 2.45 1.02 0.28 0 1.72 0 3.67 1.33 1.13 1.02 2.34 0.23 4.05 2.53 4.42 0 0 1.77 5.19 2.19 0.68 0.58 0.86 0 0.63 1.23 2.22 3.2 0 1.21 1.13 0.2 0 1.85 0 0 4.8 1.91 0.92 0.15 1.25 0 0.48 0.0 0 0 1.68 0.63 0.8 0 0.74 0.57 0 5.83 2.26 0 4.52 2.07 3.14 2.39 4.14 0.48 1.11 1.68 0 4.05 1.48 0 0 3.7 5.36 0 0 1.29 0.35 
45 0 0 0.86 0 0 0 0.28 0 0.59 2.28 0 2.16 0.42 0.51 1.79 0.8 1.13 0 6.08 0 0 0 1.13 2.4 0.73 1.84 1.11 0.37 0.78 0.25 0 1.92 0 0.94 0.17 0 1.23 0.7 2.22 2.22 1.09 0 0 3.29 0 0.0 0.47 0 0 2.34 0.72 0 0 1.06 0 7.1 0.73 0.59 1.91 2.4 0 1.66 1.36 0.5 0 0 0 0.22 0.47 0 1.66 0 0.55 0 0.23 0 
46 0 2.16 0 1.17 0 0.37 0 0.13 0 0 0 0.38 0 0.22 1.69 1.98 0.5 0.7 0.73 0.47 1.91 2.73 0.63 2.59 2.71 0 0.17 0.49 3.8 0 0 0.65 3.93 0 0.19 0 0.53 2.63 0.4 1.06 2.79 0 4.23 0 0 0.47 0.0 3.42 1.98 1.52 2.34 1.36 0.47 0.25 0.99 4.61 0.8 2.53 1.98 0 0 1.52 0 0 4.8 0 1.85 0.23 0 0.63 4.69 0.62 3.04 2.82 0.4 0 
47 0 2.63 0.66 2.53 0.33 0.12 1.54 4.43 3.8 0 0.85 0 3.67 0 0 1.9 0 0.55 5.36 3.29 0 0.1 1.48 2.53 1.99 0.99 1.97 2.41 0.25 0.43 0.22 5.93 4.42 0 3.17 1.37 0.76 0.17 1.99 0 2.46 3.58 1.37 0 1.68 0 3.42 0.0 0 2.71 4.99 1.91 0 0 3.93 4.19 0 2.41 4.33 0 2.15 0.99 1.23 1.29 0 0.92 5.36 1.66 1.29 0.68 0.28 1.65 0 0 0.68 1.48 
48 0.78 1.02 0.22 0.6 0.55 0.89 1.17 2.73 3.17 1.68 0 0 0 1.79 0.63 0 1.85 0 2.03 2.82 0.74 0.13 2.16 1.45 0 6.72 0.42 1.32 0.51 0 0.27 0 3.86 0 1.79 1.79 1.52 1.65 0 3.95 0 2.22 3.11 3.01 0.63 0 1.98 0 0.0 0.65 6.08 1.6 0.7 3.39 0 1.04 0 0.7 2.4 0.8 0 1.17 1.69 0 2.22 4.61 1.99 0 0.25 0.66 0 0.74 0 0 0.49 0.28 
49 0 1.69 0.43 0 0.55 1.8 1.29 1.52 0 1.54 0 3.08 0 0 0 4.8 0.15 0.82 0 0 0 0 0 0.62 0.43 3.29 0 0.72 0 1.6 0 0.7 0 0 2.34 0 6.33 6.72 4.14 0 1.29 0.35 2.26 0 0.8 2.34 1.52 2.71 0.65 0.0 2.28 1.05 0.7 4.42 0 4.05 0 5.08 3.29 2.46 2.42 2.46 0.98 0.43 3.11 1.92 0 1.29 0 3.08 7.73 5.36 1.91 0.78 2.03 0 
50 0.48 2.09 0.6 1.52 0 0 3.55 2.16 2.53 0.68 1.6 0 0 3.14 2.9 7.1 2.53 2.66 0.37 0.78 2.58 3.14 0 2.63 1.9 0.13 3.42 1.76 4.14 4.42 2.53 1.54 0.12 3.67 4.81 2.46 2.35 0 3.11 1.9 2.03 2.4 0.7 0 0 0.72 2.34 4.99 6.08 2.28 0.0 2.07 0 1.56 0 0 3.01 0 3.17 5.18 1.19 0.9 1.52 0.43 3.14 1.45 0 4.18 4.05 5.83 1.17 2.62 0.78 3.2 0.72 1.91 
51 0 1.11 0 0.17 0.99 0 0.37 1.42 1.6 0.33 1.79 2.22 0.22 0 0 0.6 0.31 0 2.45 0 0 1.85 1.6 1.29 0.37 2.54 0 0 1.42 1.02 0 0 0 0 0.82 0 1.49 0 1.97 0.82 0.68 1.06 2.63 2.16 0.74 0 1.36 1.91 1.6 1.05 2.07 0.0 0.42 0 0.63 2.22 0 0 0 1.88 0 2.03 1.17 0.74 3.39 1.45 0 0 0.39 2.46 0 0.75 0 0.25 0 0 
52 0 3.29 0 4.18 0 0.7 0 1.13 0.89 0.58 1.91 1.06 0.38 0.13 0.78 0.99 2.03 0.35 1.88 0.2 0 0 0 1.72 2.9 5.7 0.25 0 3.67 1.52 0.27 4.14 2.16 0 0.07 0.47 1.09 2.16 1.09 4.05 0.43 1.8 4.23 0 0.57 0 0.47 0 0.7 0.7 0 0.42 0.0 1.79 0.8 2.11 0 1.9 2.45 0 4.43 0 0 0 0 0 1.33 0.35 0 2.09 4.05 1.29 0 1.17 0.37 0.86 
53 1.36 0.8 0 0.6 0.4 1.45 0.52 0.49 0 1.79 1.6 0 1.88 0 0.27 1.29 2.4 0.98 2.83 0.68 5.57 1.76 2.03 4.89 0.83 2.34 0.66 2.16 0.75 0.52 0.55 3.8 1.29 2.46 1.6 0.27 2.9 0.7 1.13 0.98 0 0 0 2.11 0 1.06 0.25 0 3.39 4.42 1.56 0 1.79 0.0 0.78 1.8 0.97 3.93 0 0.63 0 2.11 4.14 4.14 6.12 0.51 0 0.7 0 3.26 1.96 3.2 1.88 0 3.67 1.54 
54 1.06 0.8 1.33 5.83 0 3.04 0 2.41 0.74 0.73 2.22 0 4.18 0.89 1.51 0.28 0 1.33 7.48 0.49 1.06 0.6 0 0 0 3.39 1.6 1.22 0 1.98 0.47 0 4.33 0 0.28 1.9 3.11 3.29 0.53 0 0.63 3.7 0 0.92 5.83 0 0.99 3.93 0 0 0 0.63 0.8 0.78 0.0 0 0 0.86 2.03 0 1.45 0.77 2.59 0 5.93 2.03 1.97 1.36 0.5 1.56 0.55 0 0 0 0.57 0 
55 1.64 0 1.99 2.54 0.82 4.13 1.64 2.71 1.99 0.74 1.17 4.23 3.93 7.86 2.07 0 2.16 2.09 0.55 3.45 4.87 0 2.31 0 1.06 0.85 1.52 3.51 0.99 7.6 2.15 2.66 1.23 0.73 3.08 4.61 0 2.89 0.62 0 0.47 3.26 3.45 6.46 2.26 7.1 4.61 4.19 1.04 4.05 0 2.22 2.11 1.8 0 0.0 0 8.74 3.93 1.0 1.42 4.25 0 2.53 8.24 5.07 0.78 0 4.33 3.01 5.11 7.62 1.02 0 3.57 5.57 
56 0 0 1.85 0.98 0 6.21 1.72 0 3.2 0 4.99 3.88 0 3.45 1.07 0.94 0 2.03 0 3.7 1.02 2.4 2.16 0 0 3.76 2.46 0 1.85 0 1.45 5.27 0 1.23 0 0 0 5.08 0 0 2.09 0 0.23 0.43 0 0.73 0.8 0 0 0 3.01 0 0 0.97 0 0 0.0 3.63 4.52 2.89 7.73 0 2.26 0.86 0 0 0 1.64 0 1.88 2.42 2.19 0 1.29 0 0 
57 1.09 0.72 1.79 1.84 0.35 1.52 0.53 3.42 1.23 1.96 5.83 4.94 3.58 0.13 2.82 0.51 4.14 0 7.98 0 1.22 0 0 0.9 3.7 0 1.85 0.2 3.93 0 0.86 3.63 0 3.67 0.74 1.54 1.88 0.8 5.32 6.08 2.53 0.89 4.8 0 4.52 0.59 2.53 2.41 0.7 5.08 0 0 1.9 3.93 0.86 8.74 3.63 0.0 0.68 1.45 0 4.43 0 4.23 0 0 5.7 0 1.06 3.42 1.79 0.37 2.71 0 0 1.6 
58 0 1.64 0.57 0.94 0.98 3.95 0 0 0 0.23 0 0.25 0 0 2.07 0 1.85 0.28 1.91 2.35 0.87 2.9 0.82 4.05 0.62 2.16 0.86 1.17 0.73 0.6 1.33 0.3 0.74 0.57 0.37 0 6.46 1.92 0 0.39 0.55 0 4.89 4.42 2.07 1.91 1.98 4.33 2.4 3.29 3.17 0 2.45 0 2.03 3.93 4.52 0.68 0.0 0 1.0 5.08 3.86 2.22 2.35 0.23 1.88 0 0.45 3.45 3.57 0 0.31 3.58 0 0.38 
59 0 2.46 3.08 2.03 2.34 0 0 0 0 4.14 0.5 0 2.28 2.82 0 0 0 0 0 0.28 0 0 4.13 2.7 0 2.07 0 0.55 0 0 2.83 2.46 0.82 5.27 0 1.23 0 3.08 0 2.46 3.95 0 1.24 0 3.14 2.4 0 0 0.8 2.46 5.18 1.88 0 0.63 0 1.0 2.89 1.45 0 0.0 5.65 0 5.55 5.65 7.53 0.33 1.41 0 0 0 7.1 2.35 0 2.27 4.99 0.67 
60 0 4.23 0.58 3.63 2.22 1.11 0 6.08 5.19 2.58 4.07 5.74 3.39 0.52 4.99 1.88 3.26 0.83 9.5 2.71 0.94 0.35 3.67 3.57 2.7 0 0.78 0 0 2.35 0 1.32 8.11 0 4.81 0 1.39 1.39 6.02 6.12 3.51 4.99 4.71 4.71 2.39 0 0 2.15 0 2.42 1.19 0 4.43 0 1.45 1.42 7.73 0 1.0 5.65 0.0 1.09 3.48 0.85 0.82 6.3 1.14 2.59 2.34 0.55 0.51 0.63 5.93 0.7 1.72 0 
61 2.09 0.35 0.78 3.86 0 0 0 0.77 0.72 0 3.7 0 0.75 4.81 5.36 3.93 0 0 3.45 3.02 3.93 0 1.13 0 0 2.39 0 1.29 0.62 0 0 8.87 1.92 0 0 1.84 0 1.54 0 0.9 0 0.43 0.86 0 4.14 1.66 1.52 0.99 1.17 2.46 0.9 2.03 0 2.11 0.77 4.25 0 4.43 5.08 0 1.09 0.0 0.25 1.72 1.29 0 0 2.28 0 0.55 3.8 0.38 0 1.23 0 1.91 
62 1.36 0.49 0 2.45 0.82 1.54 0.23 0 2.16 1.52 0 0.85 0 2.16 0.8 1.97 0.3 0.94 2.53 0 2.22 0 0 0 1.25 5.7 1.09 1.72 0.1 1.36 0.55 0.94 3.11 0.35 2.63 0 1.6 2.82 4.61 2.46 0 0.7 0.63 0 0.48 1.36 0 1.23 1.69 0.98 1.52 1.17 0 4.14 2.59 0 2.26 0 3.86 5.55 3.48 0.25 0.0 0 0.35 3.26 5.46 0.43 0.92 0 0.62 1.25 0 0 0 1.17 
63 1.36 0 0.27 0 0 0 0 0 1.49 1.13 3.86 0.82 0.98 2.59 0.82 1.64 0.1 1.17 3.55 1.76 0 1.79 1.69 0.55 1.11 4.31 0 2.16 0 0.53 1.42 5.95 1.42 0.1 1.21 0 4.94 5.32 0 0.52 0 1.41 1.51 0.18 1.11 0.5 0 1.29 0 0.43 0.43 0.74 0 4.14 0 2.53 0.86 4.23 2.22 5.65 0.85 1.72 0 0.0 0 3.08 5.18 0 0 2.4 1.96 1.8 0.55 0.85 0 0 
64 2.65 0 1.79 0 3.95 0 2.09 5.36 2.19 0.92 0 0 0 0 4.31 0 1.21 2.59 0 0 1.99 0 0.8 2.16 3.58 7.48 2.96 0 0 1.64 3.29 6.78 2.96 2.45 4.61 0 0 0 1.14 2.23 1.84 0 0.35 0.23 1.68 0 4.8 0 2.22 3.11 3.14 3.39 0 6.12 5.93 8.24 0 0 2.35 7.53 0.82 1.29 0.35 0 0.0 0 1.32 0.78 2.22 1.37 3.14 4.14 2.27 0.37 2.73 3.76 
65 0 0 2.83 0.63 2.16 0 2.4 1.88 1.54 2.45 0.94 0.43 0.4 0 0.28 4.42 1.72 0.52 5.45 0 3.57 0.95 5.74 0 0.83 2.03 0.98 0 2.19 0 0.73 1.17 1.25 1.84 1.85 0 1.0 6.97 0 0.86 0 2.54 0 0 0 0 0 0.92 4.61 1.92 1.45 1.45 0 0.51 2.03 5.07 0 0 0.23 0.33 6.3 0 3.26 3.08 0 0.0 0 1.72 0 4.07 8.11 6.12 1.11 4.8 0.83 1.33 
66 0 1.02 3.08 0 0 6.59 2.71 2.16 0.45 1.29 0 0.27 1.17 3.48 1.41 1.88 4.71 0 1.96 2.26 0 3.7 1.1 3.88 0.95 5.07 0.5 0 0 1.8 2.96 3.29 0 0.89 3.01 0 3.82 3.51 0 2.73 0 0 4.37 2.62 4.05 0 1.85 5.36 1.99 0 0 0 1.33 0 1.97 0.78 0 5.7 1.88 1.41 1.14 0 5.46 5.18 1.32 0 0.0 0 0 2.66 3.94 0 2.35 2.19 5.08 2.34 
67 0.08 2.82 1.11 0 0 0 0 0 0.17 1.54 0 0 0.22 1.11 0 0 1.48 0 0 1.11 0.58 0 0.57 0 0.63 1.37 0.2 0.74 1.66 0 0.27 2.22 1.54 0 0.31 0 0 0 0 0 1.05 1.6 2.53 1.45 1.48 0.22 0.23 1.66 0 1.29 4.18 0 0.35 0.7 1.36 0 1.64 0 0 0 2.59 2.28 0.43 0 0.78 1.72 0 0.0 0 2.34 2.4 0.65 0 2.35 0 0.12 
68 0 0.32 0 0.33 0 0 0.2 0.33 0.78 1.09 0 2.22 0 0 0 0 0 0 1.45 0 0 0.78 0 1.66 0 3.48 0.8 0 1.05 0.59 0.49 5.45 0 0.47 0.8 0 0 1.72 1.33 0 1.11 1.17 1.13 2.45 0 0.47 0 1.29 0.25 0 4.05 0.39 0 0 0.5 4.33 0 1.06 0.45 0 2.34 0 0.92 0 2.22 0 0 0 0.0 0 0 0 1.66 1.32 0.8 0 
69 0 0 0 0 0 0 0 5.83 0 2.35 5.83 5.74 4.61 0 3.33 0.38 0 0 8.36 2.77 0.7 0 0.42 2.77 0 6.4 2.59 0 0 0.86 0.38 0 3.45 0 1.41 0.77 0.89 0 0 3.63 3.08 0 0 0 0 0 0.63 0.68 0.66 3.08 5.83 2.46 2.09 3.26 1.56 3.01 1.88 3.42 3.45 0 0.55 0.55 0 2.4 1.37 4.07 2.66 2.34 0 0.0 1.51 1.14 3.51 1.85 0 0.57 
70 0 0 1.33 5.46 2.09 0.63 0 2.71 4.81 0 7.98 7.35 2.07 3.42 3.02 2.03 3.26 0 0 0.67 0.76 2.07 0 5.46 2.66 4.56 0.75 0 1.97 0.86 0 4.68 2.42 2.77 3.29 0.72 0.74 0.35 0 0 6.97 2.11 4.8 0 3.7 1.66 4.69 0.28 0 7.73 1.17 0 4.05 1.96 0.55 5.11 2.42 1.79 3.57 7.1 0.51 3.8 0.62 1.96 3.14 8.11 3.94 2.4 0 1.51 0.0 0 5.65 0 2.63 0 
71 2.4 0 1.91 2.15 0 0.25 2.34 0 1.56 0 7.98 5.65 6.46 0.5 0.87 0 0 2.83 2.78 4.05 1.39 2.15 2.03 6.72 6.02 0 2.71 1.13 0.43 2.07 1.6 0 3.7 5.07 4.56 0.75 0.43 1.27 7.86 1.04 3.26 0 4.14 1.76 5.36 0 0.62 1.65 0.74 5.36 2.62 0.75 1.29 3.2 0 7.62 2.19 0.37 0 2.35 0.63 0.38 1.25 1.8 4.14 6.12 0 0.65 0 1.14 0 0.0 0 0 0.94 0 
72 1.23 2.46 1.33 0.33 0 0 0 2.28 0.98 0.85 0.43 0.33 0 3.39 0 1.76 1.66 0.27 0.43 1.79 3.39 0.78 1.84 0.67 1.97 1.69 0 0 1.72 2.34 2.09 2.03 0.55 0.53 2.35 1.36 3.26 3.14 1.22 0.31 0.43 0 0.83 4.23 0 0.55 3.04 0 0 1.91 0.78 0 0 1.88 0 1.02 0 2.71 0.31 0 5.93 0 0 0.55 2.27 1.11 2.35 0 1.66 3.51 5.65 0 0.0 3.39 0 0.9 
73 0.33 0.31 0.15 0 0 0.47 0.18 1.33 1.37 2.16 4.05 4.61 1.72 1.41 0 2.16 0.8 0.33 0 0.7 3.76 0 0 0 0.45 0 0 0.48 0.68 0.98 0.63 3.2 0.48 0.47 1.09 0.63 2.82 3.2 0 0.6 1.6 0.63 0.92 0.47 0 0 2.82 0 0 0.78 3.2 0.25 1.17 0 0 0 1.29 0 3.58 2.27 0.7 1.23 0 0.85 0.37 4.8 2.19 2.35 1.32 1.85 0 0 3.39 0.0 0.8 1.69 
74 0 1.69 0 1.91 0 0.25 0 3.93 0.48 2.53 1.8 0.78 1.21 0 1.68 0.37 0.4 0 5.95 2.16 0 0.31 0 0 0 4.61 0 1.23 0 0 0.23 0.94 0.62 0 2.79 4.18 0 2.53 0 2.53 1.21 1.09 0 0 1.29 0.23 0.4 0.68 0.49 2.03 0.72 0 0.37 3.67 0.57 3.57 0 0 0 4.99 1.72 0 0 0 2.73 0.83 5.08 0 0.8 0 2.63 0.94 0 0.8 0.0 0 
75 0 1.42 0 0 0.2 1.36 0.12 0 0.28 0 1.13 0.52 0.55 0 1.79 0 0.32 0 4.56 0 0 0.94 2.54 0.5 0.55 4.43 0.55 0.25 0 0.99 0.68 5.07 0.4 0 0.39 0 1.17 0 0 0.42 0.27 0 2.03 2.82 0.35 0 0 1.48 0.28 0 1.91 0 0.86 1.54 0 5.57 0 1.6 0.38 0.67 0 1.91 1.17 0 3.76 1.33 2.34 0.12 0 0.57 0 0 0.9 1.69 0 0.0 

;